0.00012341
0.00012341
0.00012341
0.00012341
0.00012341
0.00012341
0.00012341
0.00012341
0.00012341
0.00012341
0.000123411
0.000123415
0.000123435
0.000123532
0.000123935
0.000125457
0.000130685
0.000147083
0.00019422
0.00031875
0.000621815
0.00130251
0.00271547
0.00542843
0.0102485
0.0181705
0.030202
0.0470493
0.0687149
0.0941308
0.121004
0.146027
0.16549
0.176161
0.176152
0.165465
0.145986
0.120947
0.0940591
0.0686303
0.0469538
0.0300977
0.0180596
0.0101328
0.0053095
0.00259451
0.00118037
0.000499014
0.000195615
7.09259e-05
2.37186e-05
7.29183e-06
2.05312e-06
5.27141e-07
1.22792e-07
2.57957e-08
4.85266e-09
8.10528e-10
1.18961e-10
1.5146e-11
1.64575e-12
1.49407e-13
1.10116e-14
6.32671e-16
2.66534e-17
7.43776e-19
1.12974e-20
5.65086e-23
4.91719e-26
6.02907e-30
1.00607e-34
2.27378e-40
6.95544e-47
2.8795e-54
1.61333e-62
1.22331e-71
1.25535e-81
1.74342e-92
3.27681e-104
8.33512e-117
2.86935e-130
1.3368e-144
8.42865e-160
7.19221e-176
8.30572e-193
1.29809e-210
2.74562e-229
7.8594e-249
3.04473e-269
1.59632e-290
1.13266e-312
0
0
0
0
0
0
0
0
0
