0.00012341
0.00012341
0.00012341
0.00012341
0.00012341
0.00012341
0.00012341
0.00012341
0.00012341
0.00012341
0.00012341
0.00012341
0.00012341
0.00012341
0.00012341
0.00012341
0.00012341
0.00012341
0.00012341
0.00012341
0.000123411
0.000123415
0.000123429
0.000123477
0.000123629
0.000124084
0.000125373
0.000128818
0.000137536
0.000158425
0.000205875
0.000308121
0.000517253
0.000923483
0.00167311
0.00298743
0.00517691
0.00864156
0.0138467
0.0212648
0.0312801
0.0440642
0.0594463
0.0768129
0.0950764
0.112746
0.128106
0.139482
0.145537
0.145529
0.139458
0.128067
0.112693
0.0950102
0.0767348
0.0593578
0.0439668
0.0311756
0.0211547
0.0137323
0.00852399
0.00505716
0.00286623
0.00155098
0.000800784
0.000394221
0.000184903
8.25593e-05
3.50592e-05
1.41454e-05
5.41653e-06
1.96605e-06
6.75544e-07
2.19412e-07
6.72534e-08
1.94195e-08
5.27201e-09
1.34269e-09
3.20021e-10
7.11867e-11
1.47335e-11
2.82748e-12
5.01156e-13
8.16726e-14
1.21748e-14
1.6501e-15
2.01907e-16
2.21169e-17
2.14686e-18
1.82371e-19
1.33457e-20
8.24412e-22
4.18381e-23
1.6794e-24
5.03956e-26
1.03142e-27
1.21203e-29
5.4004e-32
4.59634e-35
5.61782e-39
