0.00012341
0.00012341
0.00012341
0.00012341
0.00012341
0.00012341
0.00012341
0.00012341
0.00012341
0.00012341
0.00012341
0.00012341
0.00012341
0.000123411
0.000123413
0.000123427
0.000123481
0.000123688
0.000124414
0.000126763
0.000133809
0.000153443
0.000204354
0.000327415
0.00060511
0.00119073
0.00234586
0.00447794
0.00816096
0.0141134
0.0231067
0.0357884
0.0524358
0.072692
0.0953779
0.118479
0.139373
0.155292
0.163911
0.163902
0.155267
0.139332
0.118423
0.0953082
0.0726097
0.0523428
0.0356867
0.022998
0.0139996
0.00804352
0.00435806
0.00222443
0.00106838
0.000482229
0.000204257
8.10564e-05
3.0081e-05
1.04183e-05
3.3597e-06
1.00615e-06
2.78997e-07
7.13911e-08
1.67928e-08
3.615e-09
7.08539e-10
1.25683e-10
2.00335e-11
2.8452e-12
3.56335e-13
3.88555e-14
3.62993e-15
2.84522e-16
1.81927e-17
9.12151e-19
3.37953e-20
8.39159e-22
1.15866e-23
5.56646e-26
4.80784e-29
5.88875e-33
9.82514e-38
2.2205e-43
6.79242e-50
2.81201e-57
1.57551e-65
1.19464e-74
1.22593e-84
1.70256e-95
3.20001e-107
8.13977e-120
2.8021e-133
1.30546e-147
8.23111e-163
7.02364e-179
8.11106e-196
1.26766e-213
2.68127e-232
7.67519e-252
2.97337e-272
1.5589e-293
