0.00012341
0.00012341
0.00012341
0.00012341
0.00012341
0.00012341
0.00012341
0.00012341
0.00012341
0.00012341
0.00012341
0.00012341
0.00012341
0.00012341
0.00012341
0.00012341
0.00012341
0.000123412
0.00012342
0.000123448
0.000123549
0.000123884
0.000124923
0.000127939
0.000136149
0.000157144
0.000207642
0.000322011
0.000566128
0.00105754
0.00199098
0.00366445
0.00649629
0.0110181
0.0178269
0.0274838
0.0403611
0.0564596
0.0752432
0.0955517
0.115648
0.133425
0.146757
0.153907
0.153899
0.146733
0.133386
0.115593
0.0954838
0.0751631
0.0563689
0.0402617
0.0273773
0.0177149
0.0109022
0.00637754
0.00354383
0.00186916
0.000935001
0.000443168
0.000198824
8.43366e-05
3.37803e-05
1.27585e-05
4.53682e-06
1.51624e-06
4.75354e-07
1.39498e-07
3.82278e-08
9.75634e-09
2.31193e-09
5.06936e-10
1.02454e-10
1.90001e-11
3.21653e-12
4.94091e-13
6.83801e-14
8.45426e-15
9.24254e-16
8.82242e-17
7.2369e-18
4.99736e-19
2.82599e-20
1.25905e-21
4.17138e-23
9.35094e-25
1.18608e-26
5.48297e-29
4.7009e-32
5.75169e-36
9.59508e-41
2.16846e-46
6.63323e-53
2.74611e-60
1.53859e-68
1.16664e-77
1.1972e-87
1.66266e-98
3.12501e-110
7.94899e-123
