0.00012341
0.000132293
0.00040069
0.00307544
0.0170154
0.0615198
0.154015
0.278418
0.372296
0.372293
0.278404
0.153981
0.0614582
0.0169258
0.00296603
0.000281327
9.60905e-06
6.08635e-08
5.50234e-11
6.78247e-15
1.13261e-19
2.56001e-25
7.83111e-32
3.24203e-39
1.81644e-47
1.37733e-56
1.4134e-66
1.96292e-77
3.68936e-89
9.38451e-102
3.2306e-115
1.5051e-129
9.48982e-145
8.09771e-161
9.35141e-178
1.46152e-195
3.0913e-214
8.8489e-234
3.42806e-254
1.79729e-275
1.27526e-297
1.22429e-320
0
0
0
0
0
0
0
0
0
0
0
0
0
0
0
0
0
0
0
0
0
0
0
0
0
0
0
0
0
0
0
0
0
0
0
0
0
0
0
0
0
0
0
0
0
0
0
0
0
0
0
0
0
0
0
0
0
0
