0.00012341
0.000123418
0.000123767
0.000129391
0.00018196
0.000512371
0.00202058
0.0072511
0.0214109
0.0517717
0.103489
0.172607
0.241866
0.285997
0.28599
0.241844
0.172567
0.103427
0.0516892
0.0213111
0.00713938
0.00190201
0.000390606
5.89958e-05
6.07327e-06
3.71253e-07
9.98063e-09
5.99747e-11
5.38e-14
6.62461e-18
1.10609e-22
2.50002e-28
7.64757e-35
3.16605e-42
1.77387e-50
1.34505e-59
1.38027e-69
1.91691e-80
3.6029e-92
9.16456e-105
3.15488e-118
1.46982e-132
9.2674e-148
7.90792e-164
9.13224e-181
1.42726e-198
3.01885e-217
8.6415e-237
3.34772e-257
1.75517e-278
1.24538e-300
9.88131e-324
0
0
0
0
0
0
0
0
0
0
0
0
0
0
0
0
0
0
0
0
0
0
0
0
0
0
0
0
0
0
0
0
0
0
0
0
0
0
0
0
0
0
0
0
0
0
0
0
