0.00012341
0.00921952
0.193098
0.68394
0.68394
0.193098
0.00921952
6.17612e-05
5.62745e-08
6.94409e-12
1.15976e-16
2.62144e-22
8.01905e-29
3.31984e-36
1.86004e-44
1.41039e-53
1.44732e-63
2.01003e-74
3.77791e-86
9.60974e-99
3.30813e-112
1.54122e-126
9.71757e-142
8.29205e-158
9.57585e-175
1.49659e-192
3.16549e-211
9.06127e-231
3.51033e-251
1.84043e-272
1.30587e-294
1.25399e-317
0
0
0
0
0
0
0
0
0
0
0
0
0
0
0
0
0
0
0
0
0
0
0
0
0
0
0
0
0
0
0
0
0
0
0
0
0
0
0
0
0
0
0
0
0
0
0
0
0
0
0
0
0
0
0
0
0
0
0
0
0
0
0
0
0
0
0
0
