0.00012341
0.00012341
0.00012341
0.00012342
0.000123542
0.000124668
0.00013241
0.000174168
0.000356312
0.00101273
0.002997
0.00808111
0.0191958
0.0399887
0.0732271
0.118272
0.168996
0.214119
0.24092
0.240912
0.214094
0.168954
0.118211
0.0731484
0.0398946
0.0190898
0.00796694
0.00287796
0.000891141
0.000233562
5.09642e-05
9.05485e-06
1.27004e-06
1.34419e-07
1.00021e-08
4.62661e-10
1.03348e-11
5.90947e-14
5.26038e-17
6.47043e-21
1.08019e-25
2.44143e-31
7.46834e-38
3.09184e-45
1.7323e-53
1.31352e-62
1.34792e-72
1.87199e-83
3.51845e-95
8.94977e-108
3.08094e-121
1.43537e-135
9.0502e-151
7.72258e-167
8.9182e-184
1.39381e-201
2.94809e-220
8.43897e-240
3.26925e-260
1.71403e-281
1.21619e-303
0
0
0
0
0
0
0
0
0
0
0
0
0
0
0
0
0
0
0
0
0
0
0
0
0
0
0
0
0
0
0
0
0
0
0
0
0
0
0
