0.00012341
0.00012341
0.00012341
0.00012341
0.00012341
0.00012341
0.00012341
0.00012341
0.000123415
0.000123442
0.000123593
0.000124312
0.000127337
0.000138646
0.000176444
0.000290008
0.000598079
0.0013552
0.00304531
0.00647811
0.0128279
0.0235232
0.0399043
0.0626443
0.0910788
0.122738
0.153415
0.17796
0.191646
0.191638
0.177934
0.153372
0.122679
0.091005
0.0625571
0.0398059
0.0234161
0.0127144
0.00636039
0.00292492
0.00123328
0.000475347
0.000166882
5.3143e-05
1.52748e-05
3.93964e-06
9.05416e-07
1.83853e-07
3.26446e-08
5.00316e-09
6.51021e-10
7.03829e-11
6.13903e-12
4.1431e-13
2.03004e-14
6.49113e-16
1.09927e-17
5.73616e-20
5.02903e-23
6.17274e-27
1.03019e-31
2.32835e-37
7.12237e-44
2.94861e-51
1.65205e-59
1.25267e-68
1.28548e-78
1.78527e-89
3.35546e-101
8.53516e-114
2.93821e-127
1.36888e-141
8.63094e-157
7.36482e-173
8.50506e-190
1.32924e-207
2.81152e-226
8.04802e-246
3.1178e-266
1.63463e-287
1.15985e-309
0
0
0
0
0
0
0
0
0
0
0
0
0
0
0
0
0
0
0
