0
0
0
0
0
0
0
0
0
0
0
0
0
0
0
0
0
0
0
0
0
0
0
0
0
0
0
0
0
0
0
0
0
0
0
0
0
0
0
0
0
0
0
0
0
0
0
0
0
2.71736e-322
4.41299e-320
6.37314e-318
8.79699e-316
1.16412e-313
1.47902e-311
1.80654e-309
2.12405e-307
2.40673e-305
2.63096e-303
2.77757e-301
2.83465e-299
2.79904e-297
2.67647e-295
2.48034e-293
2.22937e-291
1.94486e-289
1.64789e-287
1.357e-285
1.08671e-283
8.46797e-282
6.42424e-280
4.74757e-278
3.41939e-276
2.4014e-274
1.6452e-272
1.10003e-270
7.18141e-269
4.57939e-267
2.85345e-265
1.73804e-263
1.03522e-261
6.03171e-260
3.43898e-258
1.91927e-256
1.04882e-254
5.61365e-253
2.94375e-251
1.51282e-249
7.62114e-248
3.76454e-246
1.82378e-244
8.66776e-243
4.04219e-241
1.85013e-239
8.31295e-238
3.66751e-236
1.58906e-234
6.76311e-233
2.82798e-231
1.16201e-229
