0
0
0
0
0
0
0
0
0
0
0
0
0
0
0
0
0
0
0
0
0
0
0
0
0
0
0
0
0
1.86411e-320
1.71674e-317
1.24552e-314
7.41858e-312
3.73636e-309
1.62653e-306
6.22433e-304
2.12203e-301
6.51557e-299
1.81798e-296
4.6444e-294
1.09335e-291
2.38495e-289
4.8436e-287
9.19729e-285
1.63897e-282
2.75006e-280
4.35777e-278
6.53884e-276
9.31329e-274
1.26191e-271
1.62988e-269
2.0104e-267
2.37217e-265
2.68182e-263
2.90912e-261
3.03199e-259
3.03999e-257
2.93563e-255
2.73333e-253
2.45634e-251
2.13259e-249
1.79036e-247
1.45465e-245
1.14475e-243
8.73226e-242
6.46125e-240
4.64064e-238
3.23735e-236
2.19492e-234
1.44717e-232
9.28394e-231
5.79812e-229
3.52698e-227
2.09069e-225
1.20823e-223
6.81037e-222
3.74575e-220
2.01108e-218
1.05441e-216
5.40065e-215
2.70326e-213
1.32278e-211
6.32979e-210
2.96299e-208
1.3572e-206
6.08495e-205
2.67113e-203
1.14835e-201
4.83632e-200
1.99583e-198
8.0725e-197
3.2009e-195
1.24456e-193
4.7461e-192
1.77553e-190
6.51746e-189
2.34789e-187
8.30253e-186
2.88242e-184
9.82653e-183
