0
0
0
0
0
0
0
0
0
0
0
0
0
0
0
0
0
0
0
0
0
0
0
0
0
0
0
0
0
0
0
0
0
0
0
0
0
0
0
0
0
0
0
0
0
0
0
0
0
0
0
0
0
0
1.19564e-321
1.51466e-319
1.83365e-317
2.139e-315
2.40752e-313
2.61721e-311
2.75064e-309
2.79735e-307
2.75517e-305
2.63019e-303
2.43552e-301
2.18915e-299
1.91133e-297
1.622e-295
1.33873e-293
1.07525e-291
8.40903e-290
6.40669e-288
4.75766e-286
3.44536e-284
2.43422e-282
1.67865e-280
1.13038e-278
7.43575e-277
4.78008e-275
3.00412e-273
1.84642e-271
1.11025e-269
6.53339e-268
3.76375e-266
2.12327e-264
1.17332e-262
6.35312e-261
3.37157e-259
1.75417e-257
8.94991e-256
4.47899e-254
2.1992e-252
1.05967e-250
5.01188e-249
2.32728e-247
1.06122e-245
4.75298e-244
2.09129e-242
9.04136e-241
3.84157e-239
