0
0
0
0
0
0
0
0
4.59412e-315
2.17203e-296
1.38976e-278
1.20344e-261
1.41033e-245
2.2368e-230
4.80114e-216
1.39468e-202
5.48293e-190
2.91719e-178
2.10052e-167
2.04691e-157
2.6995e-148
4.81816e-140
1.16387e-132
3.80571e-126
1.68702e-120
1.02481e-115
9.19257e-112
1.77149e-108
1.46665e-105
7.29369e-103
2.53205e-100
6.66649e-98
1.40208e-95
2.4404e-93
3.60625e-91
4.61236e-89
5.18305e-87
5.17912e-85
4.64724e-83
3.77523e-81
2.79567e-79
1.89831e-77
1.18793e-75
6.88113e-74
3.70388e-72
1.85892e-70
8.72546e-69
3.84073e-67
1.58925e-65
6.19542e-64
2.27988e-62
7.93407e-61
2.61535e-59
8.1783e-58
2.42932e-56
6.86339e-55
1.84638e-53
4.73463e-52
1.15839e-50
2.70655e-49
6.04395e-48
1.29091e-46
2.63902e-45
5.16698e-44
9.69464e-43
1.74405e-41
3.00975e-40
4.98474e-39
7.92626e-38
1.21051e-36
1.77618e-35
2.50467e-34
3.39526e-33
4.42543e-32
5.5473e-31
6.68846e-30
7.75796e-29
8.65751e-28
9.29603e-27
9.6047e-26
9.54908e-25
9.13543e-24
8.40953e-23
7.44842e-22
6.34699e-21
5.20272e-20
4.10194e-19
3.11006e-18
2.26713e-17
1.58858e-16
1.06967e-15
6.91934e-15
4.29839e-14
2.56336e-13
1.46687e-12
8.05115e-12
4.2363e-11
2.1357e-10
1.031e-09
4.76274e-09
