0
0
0
0
0
0
0
0
0
0
0
0
0
0
0
0
0
0
0
0
6.43361e-315
1.1483e-306
2.77397e-299
9.07442e-293
4.03512e-287
2.50682e-282
2.58672e-278
8.0406e-275
1.32019e-271
1.42334e-268
1.12554e-265
6.97218e-263
3.53274e-260
1.50937e-257
5.56139e-255
1.79788e-252
5.16954e-250
1.33673e-247
3.13684e-245
6.73149e-243
1.32959e-240
2.43074e-238
4.13311e-236
6.56421e-234
9.77431e-232
1.36912e-229
1.80944e-227
2.26241e-225
2.68273e-223
3.02362e-221
3.24563e-219
3.32428e-217
3.25434e-215
3.04986e-213
2.74018e-211
2.36345e-209
1.95941e-207
1.56325e-205
1.20151e-203
8.90563e-202
6.37179e-200
4.40462e-198
2.94424e-196
1.9046e-194
1.19325e-192
7.24541e-191
4.26672e-189
2.4384e-187
1.35319e-185
7.29634e-184
3.82461e-182
1.94998e-180
9.67507e-179
4.67373e-177
2.19917e-175
1.00838e-173
4.50764e-172
1.96517e-170
8.35881e-169
3.47011e-167
1.40652e-165
5.56804e-164
2.15353e-162
8.14009e-161
3.00791e-159
1.08688e-157
3.84154e-156
1.32845e-154
4.49592e-153
1.48946e-151
4.8315e-150
1.53489e-148
4.7765e-147
1.45638e-145
4.35172e-144
1.27455e-142
3.65967e-141
1.03039e-139
2.84519e-138
7.70634e-137
