0
0
0
0
0
0
2.30578e-313
5.95193e-293
2.07926e-273
9.83043e-255
6.28993e-237
5.44667e-220
6.38303e-204
1.01236e-188
2.17296e-174
6.3122e-161
2.48154e-148
1.3203e-136
9.50678e-126
9.26417e-116
1.22177e-106
2.18066e-98
5.26748e-91
1.72223e-84
7.62844e-79
4.60768e-74
3.97559e-70
6.39139e-67
3.76675e-64
1.25614e-61
2.82915e-59
4.72558e-57
6.19846e-55
6.63407e-53
5.9539e-51
4.57287e-49
3.05324e-47
1.79439e-45
9.37624e-44
4.39228e-42
1.85737e-40
7.13163e-39
2.49871e-37
8.0229e-36
2.36938e-34
6.45678e-33
1.62811e-31
3.80799e-30
8.27895e-29
1.67622e-27
3.16566e-26
5.5846e-25
9.21388e-24
1.42322e-22
2.05998e-21
2.79603e-20
3.56094e-19
4.25732e-18
4.77977e-17
5.04047e-16
4.99312e-15
4.64624e-14
4.0607e-13
3.33239e-12
2.56687e-11
1.8549e-10
1.25669e-09
7.97601e-09
4.73792e-08
2.63121e-07
1.36438e-06
6.59613e-06
2.96811e-05
0.00012407
0.000480719
0.00172207
0.00568707
0.0172566
0.0479272
0.121293
0.278262
0.575149
1.06329
1.74288
2.50596
3.11882
3.30333
2.91215
2.07331
1.14179
0.455387
0.117698
0.0158258
0.000626327
4.07567e-06
3.69874e-09
4.56164e-13
7.61804e-18
1.72191e-23
5.26735e-30
