0
0
0
0
0
0
0
0
0
0
0
0
0
0
0
0
0
0
0
0
0
0
0
0
0
0
0
0
0
0
0
0
0
0
0
0
5.43472e-322
1.80541e-319
5.35671e-317
1.45568e-314
3.64658e-312
8.46741e-310
1.8312e-307
3.70394e-305
7.03312e-303
1.25784e-300
2.12511e-298
3.40078e-296
5.16733e-294
7.47137e-292
1.03004e-289
1.35651e-287
1.70943e-285
2.06449e-283
2.39299e-281
2.66573e-279
2.8575e-277
2.95091e-275
2.939e-273
2.82594e-271
2.6258e-269
2.35988e-267
2.05313e-265
1.73058e-263
1.41431e-261
1.12146e-259
8.63399e-258
6.45809e-256
4.69601e-254
3.32155e-252
2.28655e-250
1.53278e-248
1.00105e-246
6.37269e-245
3.9562e-243
2.39616e-241
1.4165e-239
8.17641e-238
4.61019e-236
2.54009e-234
1.36807e-232
7.20526e-231
3.71205e-229
1.87129e-227
9.23351e-226
4.46085e-224
2.11066e-222
9.78342e-221
4.44374e-219
1.97835e-217
8.63506e-216
3.69604e-214
1.55174e-212
6.39161e-211
2.58348e-209
1.02493e-207
3.99177e-206
1.52653e-204
5.73324e-203
2.11508e-201
