0
0
0
0
0
0
0
0
0
0
0
0
0
0
0
0
0
0
0
1.26531e-313
1.66871e-304
2.97839e-296
7.19494e-289
2.3536e-282
1.04637e-276
6.49159e-272
6.64433e-268
2.01879e-264
3.21935e-261
3.36068e-258
2.56855e-255
1.53603e-252
7.50731e-250
3.09192e-247
1.09761e-244
3.41717e-242
9.45865e-240
2.35366e-237
5.31347e-235
1.09662e-232
2.08258e-230
3.6597e-228
5.98e-226
9.12468e-224
1.30506e-221
1.75547e-219
2.22746e-217
2.67333e-215
3.04214e-213
3.2897e-211
3.38737e-209
3.32739e-207
3.12335e-205
2.80606e-203
2.41637e-201
1.99713e-199
1.58626e-197
1.21219e-195
8.92222e-194
6.33176e-192
4.33653e-190
2.86892e-188
1.83493e-186
1.13552e-184
6.80416e-183
3.95061e-181
2.22413e-179
1.2149e-177
6.44268e-176
3.31889e-174
1.66172e-172
8.09071e-171
3.83264e-169
1.76725e-167
7.93563e-166
3.47168e-164
1.48031e-162
6.1545e-161
2.49588e-159
9.87656e-158
3.81495e-156
1.43886e-154
5.30076e-153
1.908e-151
6.71226e-150
2.30852e-148
7.76413e-147
2.55424e-145
8.22145e-144
2.58977e-142
7.98553e-141
2.41087e-139
7.12797e-138
2.0643e-136
5.8571e-135
1.62848e-133
4.43765e-132
1.18543e-130
3.10474e-129
7.97404e-128
