0
0
0
0
0
0
0
0
0
0
0
0
0
0
0
0
0
0
0
0
0
0
0
0
0
0
0
0
0
0
0
0
0
0
0
0
0
0
0
0
2.17389e-322
4.95103e-320
1.10292e-317
2.29904e-315
4.49957e-313
8.29564e-311
1.445e-308
2.38442e-306
3.73634e-304
5.572e-302
7.9241e-300
1.07662e-297
1.39986e-295
1.74459e-293
2.087e-291
2.39967e-289
2.65537e-287
2.83108e-285
2.91143e-283
2.89088e-281
2.77423e-279
2.57535e-277
2.31462e-275
2.01568e-273
1.70214e-271
1.39478e-269
1.10983e-267
8.58076e-266
6.45028e-264
4.71705e-262
3.35771e-260
2.3277e-258
1.57233e-256
1.03538e-254
6.64967e-253
4.16711e-251
2.54911e-249
1.52279e-247
8.88701e-246
5.06874e-244
2.82637e-242
1.54132e-240
8.22315e-239
4.2934e-237
2.19441e-235
1.09829e-233
5.38421e-232
2.58615e-230
1.21739e-228
5.61774e-227
2.54189e-225
1.12803e-223
4.91083e-222
2.09776e-220
8.79468e-219
3.61941e-217
1.46251e-215
5.80352e-214
2.26202e-212
8.66155e-211
