0
0
0
0
0
0
0
0
0
0
0
0
0
0
0
0
0
0
0
0
0
0
0
0
0
0
0
0
0
0
0
0
0
0
0
0
0
0
0
0
0
0
0
0
0
0
0
0
0
0
0
0
0
0
0
0
0
0
0
0
0
0
0
0
0
0
0
0
0
1.79346e-321
1.5489e-319
1.28623e-317
1.04143e-315
8.22502e-314
6.33938e-312
4.77037e-310
3.5062e-308
2.51814e-306
1.76787e-304
1.21371e-302
8.1513e-301
5.35724e-299
3.44669e-297
2.17145e-295
1.34005e-293
8.10298e-292
4.80229e-290
2.79031e-288
1.58992e-286
8.88646e-285
4.87332e-283
2.62282e-281
1.38568e-279
7.18799e-278
3.66183e-276
1.83244e-274
9.00931e-273
4.35283e-271
2.06707e-269
9.64999e-268
