0
0
0
0
0
0
0
0
0
0
0
0
0
0
0
0
0
0
0
0
0
0
0
0
0
0
0
0
0
0
0
0
3.26083e-322
1.74889e-319
7.84612e-317
3.09521e-314
1.08812e-311
3.446e-309
9.91943e-307
2.61491e-304
6.3533e-302
1.43057e-299
2.99963e-297
5.88167e-295
1.08249e-292
1.87618e-290
3.07144e-288
4.762e-286
7.00917e-284
9.8159e-282
1.31055e-279
1.67125e-277
2.03904e-275
2.38391e-273
2.67462e-271
2.88355e-269
2.9911e-267
2.98867e-265
2.87969e-263
2.67841e-261
2.40707e-259
2.09207e-257
1.75997e-255
1.43426e-253
1.13311e-251
8.68463e-250
6.46189e-248
4.67067e-246
3.28152e-244
2.24234e-242
1.49108e-240
9.65388e-239
6.08871e-237
3.74266e-235
2.2432e-233
1.31154e-231
7.48344e-230
4.16875e-228
2.26811e-226
1.20569e-224
6.26444e-223
3.18235e-221
1.58117e-219
7.68623e-218
3.65666e-216
1.70303e-214
7.76692e-213
3.46964e-211
1.51861e-209
6.51391e-208
2.73893e-206
1.12919e-204
4.56565e-203
1.81085e-201
7.04697e-200
2.69123e-198
1.00883e-196
3.7127e-195
1.34168e-193
4.76181e-192
