0
0
0
2.50797e-317
2.61174e-294
3.68086e-272
7.02067e-251
1.81225e-230
6.33098e-211
2.99318e-192
1.91517e-174
1.65841e-157
1.94351e-141
3.08244e-126
6.61626e-112
1.92195e-98
7.55582e-86
4.02006e-74
2.89464e-63
2.82077e-53
3.72008e-44
6.63968e-36
1.60381e-28
5.2429e-22
2.31958e-16
1.38903e-11
1.12674e-07
0.000124535
0.0195497
0.551036
4.67879
10.3679
3.69711
0.18328
0.00123421
1.12537e-06
1.3888e-10
2.31952e-15
5.24289e-21
1.60381e-27
6.63968e-35
3.72008e-43
2.82077e-52
2.89464e-62
4.02006e-73
7.55582e-85
1.92195e-97
6.61626e-111
3.08244e-125
1.94351e-140
1.65841e-156
1.91517e-173
2.99318e-191
6.33098e-210
1.81225e-229
7.02067e-250
3.68086e-271
2.61174e-293
2.50797e-316
0
0
0
0
0
0
0
0
0
0
0
0
0
0
0
0
0
0
0
0
0
0
0
0
0
0
0
0
0
0
0
0
0
0
0
0
0
0
0
0
0
