0
0
0
0
0
8.13282e-314
1.55121e-292
4.00416e-272
1.39882e-252
6.61342e-234
4.23155e-216
3.66425e-199
4.29418e-183
6.81063e-168
1.46186e-153
4.24653e-140
1.66945e-127
8.88229e-116
6.39569e-105
6.23247e-95
8.21948e-86
1.46704e-77
3.54367e-70
1.15856e-63
5.12972e-58
3.08955e-53
2.61269e-49
3.77139e-46
1.72981e-43
4.24457e-41
6.81467e-39
7.93858e-37
7.13874e-35
5.16169e-33
3.08809e-31
1.5612e-29
6.77729e-28
2.55804e-26
8.47872e-25
2.48779e-23
6.50434e-22
1.52347e-20
3.21094e-19
6.112e-18
1.05387e-16
1.65002e-15
2.35034e-14
3.05032e-13
3.61073e-12
3.90096e-11
3.84776e-10
3.4648e-09
2.84709e-08
2.1332e-07
1.45565e-06
9.03182e-06
5.08501e-05
0.00025911
0.00119116
0.00492121
0.0181865
0.0597757
0.173534
0.441185
0.971904
1.83049
2.8969
3.76471
3.89206
3.05675
1.69711
0.587683
0.0980985
0.00415883
2.73693e-05
2.48771e-08
3.06874e-12
5.12502e-17
1.15841e-22
3.54361e-29
1.46703e-36
8.21948e-45
6.23247e-54
6.39569e-64
8.88229e-75
1.66945e-86
4.24653e-99
1.46186e-112
6.81063e-127
4.29418e-142
3.66425e-158
4.23155e-175
6.61342e-193
1.39882e-211
4.00416e-231
1.55121e-251
8.13282e-273
5.77062e-295
5.54141e-318
0
