0
0
0
0
0
0
0
0
0
0
0
0
0
0
0
0
0
1.21315e-313
8.73528e-303
8.51236e-293
1.12263e-283
2.00371e-275
4.84035e-268
1.58329e-261
7.03629e-256
4.35314e-251
4.38278e-247
1.26966e-243
1.90351e-240
1.85557e-237
1.31925e-234
7.3203e-232
3.31373e-229
1.26229e-226
4.13983e-224
1.18956e-221
3.03647e-219
6.96264e-217
1.44742e-214
2.74902e-212
4.80138e-210
7.75532e-208
1.16413e-205
1.63091e-203
2.14056e-201
2.64091e-199
3.07194e-197
3.37816e-195
3.52064e-193
3.48499e-191
3.28322e-189
2.94935e-187
2.53058e-185
2.07715e-183
1.63342e-181
1.23225e-179
8.92928e-178
6.22239e-176
4.17441e-174
2.69882e-172
1.68311e-170
1.01344e-168
5.89653e-167
3.31787e-165
1.8068e-163
9.52925e-162
4.87077e-160
2.41436e-158
1.16128e-156
5.42315e-155
2.46026e-153
1.08481e-151
4.65136e-150
1.9403e-148
7.87797e-147
3.1146e-145
1.19953e-143
4.50209e-142
1.64729e-140
5.8781e-139
2.04628e-137
6.95179e-136
2.30553e-134
7.46649e-133
2.36191e-131
7.30013e-130
2.20514e-128
6.51169e-127
1.88022e-125
5.30991e-124
1.46699e-122
3.96576e-121
1.04924e-119
2.71748e-118
6.89099e-117
1.71122e-115
4.16215e-114
9.9173e-113
2.3153e-111
5.29702e-110
