0
0
0
0
0
0
0
0
0
0
0
0
0
0
0
3.90191e-317
1.53397e-304
8.16148e-293
5.87666e-282
5.72669e-272
7.55246e-263
1.34799e-254
3.25632e-247
1.06509e-240
4.73153e-235
2.91911e-230
2.89004e-226
7.95805e-223
1.1159e-219
1.00971e-216
6.63458e-214
3.39286e-211
1.41262e-208
4.94148e-206
1.48632e-203
3.9127e-201
9.14113e-199
1.91676e-196
3.64089e-194
6.31369e-192
1.00614e-189
1.48178e-187
2.02673e-185
2.5856e-183
3.08835e-181
3.46543e-179
3.66407e-177
3.66037e-175
3.46344e-173
3.11084e-171
2.65777e-169
2.1639e-167
1.68181e-165
1.24974e-163
8.89205e-162
6.06605e-160
3.97262e-158
2.50047e-156
1.51431e-154
8.83279e-153
4.9669e-151
2.69505e-149
1.41224e-147
7.15242e-146
3.50371e-144
1.66127e-142
7.62921e-141
3.39563e-139
1.46562e-137
6.13811e-136
2.49569e-134
9.85629e-133
3.78282e-131
1.41156e-129
5.1234e-128
1.80957e-126
6.22193e-125
2.08342e-123
6.79654e-122
2.1608e-120
6.69732e-119
2.02437e-117
5.96914e-116
1.71751e-114
4.8236e-113
1.32266e-111
3.54197e-110
9.26549e-109
2.36822e-107
5.91571e-106
1.4445e-104
3.44865e-103
8.05171e-102
1.83873e-100
4.10793e-99
8.98008e-98
1.92116e-96
4.02298e-95
8.24706e-94
1.65534e-92
