0
0
0
0
0
0
0
0
0
0
0
0
0
0
0
0
0
0
0
0
0
4.4272e-317
1.06949e-309
3.49869e-303
1.55606e-297
9.68045e-293
1.00697e-288
3.20016e-285
5.40439e-282
6.01066e-279
4.91147e-276
3.14733e-273
1.65103e-270
7.3076e-268
2.79069e-265
9.35457e-263
2.79001e-260
7.48568e-258
1.82323e-255
4.06201e-253
8.33187e-251
1.5822e-248
2.79514e-246
4.61328e-244
7.14018e-242
1.03981e-239
1.42901e-237
1.85837e-235
2.29242e-233
2.68837e-231
3.00324e-229
3.20187e-227
3.2634e-225
3.18473e-223
2.98016e-221
2.67769e-219
2.31301e-217
1.9231e-215
1.54065e-213
1.19051e-211
8.88186e-210
6.40338e-208
4.46496e-206
3.01354e-204
1.97024e-202
1.24868e-200
7.67658e-199
4.5809e-197
2.655e-195
1.49541e-193
8.18988e-192
4.36361e-190
2.26299e-188
1.14287e-186
5.62324e-185
2.69675e-183
1.26108e-181
5.75258e-180
2.56077e-178
1.11282e-176
4.72262e-175
1.95788e-173
7.93195e-172
3.14122e-170
1.21639e-168
4.6071e-167
1.70721e-165
6.19106e-164
2.19774e-162
7.63882e-161
2.60029e-159
8.67091e-158
2.83302e-156
9.07137e-155
2.84724e-153
8.76174e-152
2.64398e-150
7.82543e-149
2.27206e-147
6.47247e-146
