0
0
0
0
0
0
0
0
0
0
0
0
0
0
0
0
0
0
0
0
0
0
0
0
0
0
0
0
0
0
0
0
0
0
0
0
0
0
0
0
0
0
0
0
0
5.38037e-321
9.66565e-319
1.64312e-316
2.65277e-314
4.07648e-312
5.97442e-310
8.36626e-308
1.12131e-305
1.44066e-303
1.77691e-301
2.10678e-299
2.40418e-297
2.64373e-295
2.80441e-293
2.87268e-291
2.84425e-289
2.72445e-287
2.52691e-285
2.27116e-283
1.97962e-281
1.67459e-279
1.37569e-277
1.09824e-275
8.52531e-274
6.43888e-272
4.73413e-270
3.39025e-268
2.36594e-266
1.60978e-264
1.06837e-262
6.91932e-261
4.37496e-259
2.70167e-257
1.63007e-255
9.613e-254
5.54304e-252
3.12625e-250
1.72517e-248
9.31773e-247
4.92713e-245
2.5516e-243
1.29447e-241
6.43502e-240
3.13549e-238
1.49786e-236
7.01703e-235
3.22447e-233
1.45375e-231
6.43194e-230
2.79327e-228
1.19095e-226
4.98626e-225
2.05042e-223
8.28283e-222
3.28751e-220
