0
0
0
0
0
0
5.98059e-303
1.54378e-282
5.39308e-263
2.54976e-244
1.63145e-226
1.41273e-209
1.65559e-193
2.62579e-178
5.6361e-164
1.63722e-150
6.43646e-138
3.42451e-126
2.46581e-115
2.40289e-105
3.16897e-96
5.65606e-88
1.36624e-80
4.46688e-74
1.97818e-68
1.19313e-63
1.01922e-59
1.5553e-56
8.16867e-54
2.37002e-51
4.58159e-49
6.50753e-47
7.20602e-45
6.47101e-43
4.8459e-41
3.08955e-39
1.70386e-37
8.2305e-36
3.51757e-34
1.34109e-32
4.59233e-31
1.42051e-29
3.98826e-28
1.02053e-26
2.38823e-25
5.12663e-24
1.01202e-22
1.84113e-21
3.09249e-20
4.80312e-19
6.90681e-18
9.20469e-17
1.13779e-15
1.3052e-14
1.39002e-13
1.37456e-12
1.26209e-11
1.07572e-10
8.50764e-10
6.23936e-09
4.23957e-08
2.66614e-07
1.54968e-06
8.31182e-06
4.10597e-05
0.000186387
0.000775432
0.00294746
0.0101987
0.0319869
0.0904765
0.229418
0.51775
1.03093
1.79184
2.68229
3.39933
3.56572
3.00149
1.93935
0.898098
0.265121
0.0394294
0.00161396
1.05616e-05
9.5924e-09
1.18315e-12
1.97592e-17
4.46619e-23
1.36621e-29
5.65604e-37
3.16897e-45
2.40289e-54
2.46581e-64
3.42451e-75
6.43646e-87
1.63722e-99
5.6361e-113
2.62579e-127
1.65559e-142
