0
0
0
0
0
0
0
2.29473e-303
8.01646e-284
3.79006e-265
2.42504e-247
2.09993e-230
2.46093e-214
3.90307e-199
8.3777e-185
2.43362e-171
9.56739e-159
5.09031e-147
3.66528e-136
3.57174e-126
4.71047e-117
8.40738e-109
2.03085e-101
6.64013e-95
2.94176e-89
1.7794e-84
1.55054e-80
2.61823e-77
1.70558e-74
6.40794e-72
1.6434e-69
3.14856e-67
4.76376e-65
5.90879e-63
6.17139e-61
5.53738e-59
4.3351e-57
2.99793e-55
1.84977e-53
1.02679e-51
5.16318e-50
2.36582e-48
9.92787e-47
3.83203e-45
1.36566e-43
4.50848e-42
1.3828e-40
3.9504e-39
1.05358e-37
2.62853e-36
6.14551e-35
1.34865e-33
2.78195e-32
5.40088e-31
9.87933e-30
1.7044e-28
2.7757e-27
4.27037e-26
6.21063e-25
8.54332e-24
1.1121e-22
1.37043e-21
1.59917e-20
1.76748e-19
1.85054e-18
1.83549e-17
1.7247e-16
1.53512e-15
1.2941e-14
1.03295e-13
7.80438e-13
5.57909e-12
3.7717e-11
2.40992e-10
1.45432e-09
8.28257e-09
4.44756e-08
2.24948e-07
1.07039e-06
4.78556e-06
2.00731e-05
7.88616e-05
0.000289655
0.000992549
0.00316559
0.00937202
0.0256788
0.0648916
0.150648
0.319838
0.617738
1.07872
1.69071
2.35773
2.89437
3.08687
2.81267
2.14224
1.32414
0.63694
