0
0
0
0
0
0
0
0
0
0
0
0
0
0
0
0
0
0
0
0
0
0
0
0
0
0
0
0
0
0
0
0
0
0
0
0
0
0
0
0
0
0
0
0
0
0
0
0
0
0
0
0
0
0
0
0
0
0
0
2.39128e-321
2.60214e-319
2.72367e-317
2.76077e-315
2.71258e-313
2.58549e-311
2.39235e-309
2.15041e-307
1.87895e-305
1.59689e-303
1.32085e-301
1.06387e-299
8.34875e-298
6.38653e-296
4.76466e-294
3.46836e-292
2.46453e-290
1.7102e-288
1.15942e-286
7.68223e-285
4.97676e-283
3.15339e-281
1.95494e-279
1.18619e-277
7.04671e-276
4.09978e-274
2.33673e-272
1.30514e-270
7.14538e-269
3.83558e-267
2.01924e-265
1.04281e-263
5.28431e-262
2.62809e-260
1.2831e-258
6.15096e-257
2.8959e-255
1.33927e-253
6.08542e-252
2.71726e-250
1.19254e-248
