0
0
0
0
0
0
0
0
0
0
0
0
0
0
0
0
0
0
0
0
0
0
0
0
0
0
0
0
0
0
0
0
0
0
0
0
0
0
0
0
0
0
0
0
0
0
0
0
0
0
0
0
0
0
0
0
0
0
0
0
0
0
0
0
2.60867e-321
2.54128e-319
2.35071e-317
2.11305e-315
1.84766e-313
1.5725e-311
1.30335e-309
1.0526e-307
8.28734e-306
6.36401e-304
4.76882e-302
3.48858e-300
2.49246e-298
1.73992e-296
1.18719e-294
7.92076e-293
5.16921e-291
3.301e-289
2.06336e-287
1.26285e-285
7.57034e-284
4.44624e-282
2.55924e-280
1.44408e-278
7.99004e-277
4.33611e-275
2.30863e-273
1.20619e-271
6.18569e-270
3.11437e-268
1.53978e-266
7.47736e-265
3.5672e-263
1.67218e-261
7.70375e-260
3.48872e-258
