0
0
0
0
0
0
0
0
0
0
0
0
1.7858e-318
2.83229e-303
6.07934e-289
1.76598e-275
6.94265e-263
3.69382e-251
2.65973e-240
2.59186e-230
3.41819e-221
6.10091e-213
1.47376e-205
4.81993e-199
2.13953e-193
1.31261e-188
1.25534e-184
3.08936e-181
3.71552e-178
2.83015e-175
1.54921e-172
6.55532e-170
2.24723e-167
6.44777e-165
1.58569e-162
3.4037e-160
6.46834e-158
1.10084e-155
1.69369e-153
2.37438e-151
3.05327e-149
3.62218e-147
3.98399e-145
4.08033e-143
3.90629e-141
3.50751e-139
2.96292e-137
2.36108e-135
1.77926e-133
1.27081e-131
8.6201e-130
5.56349e-128
3.42235e-126
2.00968e-124
1.12819e-122
6.06287e-121
3.12285e-119
1.54349e-117
7.32837e-116
3.34578e-114
1.47022e-112
6.22366e-111
2.54008e-109
1.00029e-107
3.80364e-106
1.39754e-104
4.96487e-103
1.70645e-101
5.67773e-100
1.82974e-98
5.7143e-97
1.73025e-95
5.08198e-94
1.44852e-92
4.00836e-91
1.07729e-89
2.81313e-88
7.13991e-87
1.76193e-85
4.22886e-84
9.87478e-83
2.24404e-81
4.96426e-80
1.06934e-78
2.24348e-77
4.58545e-76
9.13255e-75
1.77275e-73
3.35458e-72
6.18942e-71
1.11369e-69
1.95458e-68
3.34653e-67
5.59055e-66
9.11379e-65
1.45007e-63
2.25206e-62
3.4145e-61
5.05454e-60
7.30619e-59
