0
0
0
0
0
0
0
0
0
0
0
0
0
0
0
0
0
0
0
0
0
0
0
0
0
0
5.93472e-320
2.00951e-316
3.6727e-313
4.45591e-310
3.99041e-307
2.81102e-304
1.62459e-301
7.9352e-299
3.34871e-296
1.24184e-293
4.1016e-291
1.21974e-288
3.29543e-286
8.15016e-284
1.85704e-281
3.91993e-279
7.70242e-277
1.41482e-274
2.43849e-272
3.95665e-270
6.06199e-268
8.79322e-266
1.21054e-263
1.58515e-261
1.9783e-259
2.35749e-257
2.68709e-255
2.93406e-253
3.07355e-251
3.09302e-249
2.99393e-247
2.79076e-245
2.50784e-243
2.17481e-241
1.82181e-239
1.47549e-237
1.15635e-235
8.77638e-234
6.45567e-232
4.60552e-230
3.18877e-228
2.14415e-226
1.40101e-224
8.90087e-223
5.50139e-221
3.30971e-219
1.93912e-217
1.10694e-215
6.15955e-214
3.3425e-212
1.76959e-210
9.1439e-209
4.61332e-207
2.27342e-205
1.09468e-203
5.1521e-202
2.3709e-200
1.06712e-198
4.69909e-197
2.0251e-195
8.5434e-194
3.5293e-192
1.42801e-190
5.66075e-189
2.19897e-187
8.37278e-186
3.12555e-184
1.14416e-182
4.1081e-181
1.44704e-179
5.00141e-178
1.69653e-176
5.64895e-175
1.84668e-173
