0
0
0
0
0
0
0
0
0
0
0
0
0
0
3.48366e-320
1.01206e-306
3.97873e-294
2.11688e-282
1.52425e-271
1.48536e-261
1.95891e-252
3.49635e-244
8.44602e-237
2.76249e-230
1.22696e-224
7.55915e-220
7.42038e-216
1.98957e-212
2.69205e-209
2.34067e-206
1.47442e-203
7.21719e-201
2.87303e-198
9.60093e-196
2.75679e-193
6.92369e-191
1.54241e-188
3.08245e-186
5.57787e-184
9.21078e-182
1.39717e-179
1.95789e-177
2.54715e-175
3.0897e-173
3.50773e-171
3.73984e-169
3.75585e-167
3.56263e-165
3.19971e-163
2.72705e-161
2.21006e-159
1.70628e-157
1.25711e-155
8.85237e-154
5.96676e-152
3.85476e-150
2.38989e-148
1.4236e-146
8.15644e-145
4.49942e-143
2.39204e-141
1.22667e-139
6.0729e-138
2.90482e-136
1.34344e-134
6.01178e-133
2.60471e-131
1.09335e-129
4.44905e-128
1.756e-126
6.72612e-125
2.50155e-123
9.03795e-122
3.17356e-120
1.0835e-118
3.59835e-117
1.16289e-115
3.65848e-114
1.12086e-112
3.34531e-111
9.72982e-110
2.75862e-108
7.62661e-107
2.0566e-105
5.41084e-104
1.3893e-102
3.48219e-101
8.52197e-100
2.03686e-98
4.75569e-97
1.0849e-95
2.41869e-94
5.27072e-93
1.1229e-91
2.33923e-90
4.76583e-89
9.49758e-88
1.85167e-86
3.53229e-85
6.59411e-84
