0
0
0
0
0
0
0
0
0
0
7.96449e-310
6.89673e-293
8.08237e-277
1.28187e-261
2.75146e-247
7.99268e-234
3.14219e-221
1.6718e-209
1.20378e-198
1.17306e-188
1.54705e-179
2.76122e-171
6.67003e-164
2.1812e-157
9.67462e-152
5.90204e-147
5.44474e-143
1.17582e-139
1.16824e-136
7.16463e-134
3.11335e-131
1.03618e-128
2.77509e-126
6.18728e-124
1.17712e-121
1.94697e-119
2.841e-117
3.70048e-115
4.34409e-113
4.63316e-111
4.52002e-109
4.05703e-107
3.36716e-105
2.59543e-103
1.86518e-101
1.25395e-99
7.91068e-98
4.69576e-96
2.6292e-94
1.39167e-92
6.97786e-91
3.32033e-89
1.50192e-87
6.46833e-86
2.65604e-84
1.04123e-82
3.90172e-81
1.3991e-79
4.80599e-78
1.58298e-76
5.00407e-75
1.51946e-73
4.43522e-72
1.24544e-70
3.36671e-69
8.76689e-68
2.20042e-66
5.32631e-65
1.24406e-63
2.80519e-62
6.10931e-61
1.28564e-59
2.6153e-58
5.14474e-57
9.79038e-56
1.80291e-54
3.21385e-53
5.54723e-52
9.27352e-51
1.5019e-49
2.35702e-48
3.58515e-47
5.28637e-46
7.55777e-45
1.04782e-43
1.40898e-42
1.83781e-41
2.32557e-40
2.85521e-39
3.40145e-38
3.93227e-37
4.41167e-36
4.80357e-35
5.07626e-34
5.20658e-33
5.18316e-32
5.00806e-31
4.69647e-30
4.27451e-29
3.7757e-28
