0
0
0
0
0
0
0
0
0
0
0
1.02515e-313
1.20139e-297
1.90543e-282
4.08987e-268
1.18806e-254
4.67067e-242
2.48502e-230
1.78934e-219
1.74367e-209
2.29959e-200
4.10438e-192
9.91465e-185
3.24241e-178
1.43872e-172
8.80177e-168
8.26899e-164
1.91131e-160
2.10154e-157
1.44641e-154
7.108e-152
2.68878e-149
8.2148e-147
2.09553e-144
4.57259e-142
8.69338e-140
1.46096e-137
2.19557e-135
2.97887e-133
3.6779e-131
4.16021e-129
4.3361e-127
4.18526e-125
3.75731e-123
3.14945e-121
2.47329e-119
1.82523e-117
1.26927e-115
8.33772e-114
5.18529e-112
3.05922e-110
1.71541e-108
9.15766e-107
4.66162e-105
2.26596e-103
1.0532e-101
4.68646e-100
1.99874e-98
8.17909e-97
3.21458e-95
1.21456e-93
4.41532e-92
1.54564e-90
5.21423e-89
1.69636e-87
5.32576e-86
1.61457e-84
4.72939e-83
1.33927e-81
3.66837e-80
9.72391e-79
2.4956e-77
6.20396e-76
1.49453e-74
3.49026e-73
7.90473e-72
1.7368e-70
3.7033e-69
7.66558e-68
1.5408e-66
3.00826e-65
5.7065e-64
1.052e-62
1.88521e-61
3.28471e-60
5.56566e-59
9.17287e-58
1.47076e-56
2.29459e-55
3.48385e-54
5.1484e-53
7.40634e-52
1.03731e-50
1.41461e-49
1.87862e-48
2.42971e-47
3.0607e-46
3.75555e-45
4.48892e-44
5.22701e-43
