0
0
0
0
0
0
0
0
0
0
0
0
0
0
0
0
5.91413e-315
3.1466e-303
2.26571e-292
2.20789e-282
2.9118e-273
5.19711e-265
1.25546e-257
4.10651e-251
1.82462e-245
1.12727e-240
1.1255e-236
3.1801e-233
4.61412e-230
4.33702e-227
2.96693e-224
1.58193e-221
6.87421e-219
2.5118e-216
7.8969e-214
2.17411e-211
5.31473e-209
1.1666e-206
2.32066e-204
4.21608e-202
7.04144e-200
1.08723e-197
1.55959e-195
2.08736e-193
2.61652e-191
3.08215e-189
3.4221e-187
3.59103e-185
3.57025e-183
3.37052e-181
3.02758e-179
2.5924e-177
2.11963e-175
1.65749e-173
1.24139e-171
8.91702e-170
6.15075e-168
4.07888e-166
2.60335e-164
1.60083e-162
9.49285e-161
5.43344e-159
3.00433e-157
1.60605e-155
8.30687e-154
4.15996e-152
2.0184e-150
9.49434e-149
4.33238e-147
1.91884e-145
8.2535e-144
3.44945e-142
1.40148e-140
5.538e-139
2.12932e-137
7.96965e-136
2.90484e-134
1.03148e-132
3.56955e-131
1.20431e-129
3.96262e-128
1.272e-126
3.98465e-125
1.21848e-123
3.63833e-122
1.0611e-120
3.02343e-119
8.41861e-118
2.29132e-116
6.09732e-115
1.58671e-113
4.0388e-112
1.00577e-110
2.45088e-109
5.84531e-108
1.36469e-106
3.11945e-105
6.98258e-104
1.5308e-102
3.28744e-101
