0
0
0
0
0
0
0
0
0
0
0
0
4.63189e-308
7.34624e-293
1.57682e-278
4.58049e-265
1.80074e-252
9.58083e-241
6.89866e-230
6.72261e-220
8.8659e-211
1.58242e-202
3.82254e-195
1.25013e-188
5.54813e-183
3.39901e-178
3.22201e-174
7.68927e-171
8.85364e-168
6.42033e-165
3.33545e-162
1.33677e-159
4.33399e-157
1.17469e-154
2.7264e-152
5.51842e-150
9.88149e-148
1.58351e-145
2.29257e-143
3.02249e-141
3.65304e-139
4.07088e-137
4.20366e-135
4.03982e-133
3.62709e-131
3.05277e-129
2.41596e-127
1.80273e-125
1.27142e-123
8.49435e-122
5.38693e-120
3.24885e-118
1.86653e-116
1.02314e-114
5.35876e-113
2.68534e-111
1.28908e-109
5.93482e-108
2.62329e-106
1.11438e-104
4.5538e-103
1.79163e-101
6.79226e-100
2.48317e-98
8.76069e-97
2.98475e-95
9.82636e-94
3.12793e-92
9.63274e-91
2.87147e-89
8.28981e-88
2.31888e-86
6.28791e-85
1.65354e-83
4.21874e-82
1.04467e-80
2.51169e-79
5.86532e-78
1.33077e-76
2.93451e-75
6.29098e-74
1.31152e-72
2.65962e-71
5.24767e-70
1.00767e-68
1.88352e-67
3.42783e-66
6.07511e-65
1.04871e-63
1.76363e-62
2.88986e-61
4.61464e-60
7.18214e-59
1.08965e-57
1.61173e-56
2.32448e-55
3.26916e-54
4.48401e-53
5.99877e-52
7.82816e-51
