0
0
0
0
0
2.10945e-303
4.02344e-282
1.03858e-261
3.62819e-242
1.71535e-223
1.09756e-205
9.50411e-189
1.1138e-172
1.7665e-157
3.79168e-143
1.10144e-129
4.33013e-117
2.30384e-105
1.65888e-94
1.61654e-84
2.13192e-75
3.80511e-67
9.19133e-60
3.00491e-53
1.33022e-47
8.0002e-43
6.69657e-39
9.10877e-36
3.54557e-33
7.0458e-31
8.92347e-29
8.05178e-27
5.52646e-25
3.01043e-23
1.34025e-21
4.98139e-20
1.57042e-18
4.25064e-17
9.97127e-16
2.04216e-14
3.6724e-13
5.82422e-12
8.17296e-11
1.01715e-09
1.1243e-08
1.10449e-07
9.64201e-07
7.47319e-06
5.13368e-05
0.000311747
0.00166748
0.00781871
0.0319412
0.112793
0.340825
0.869782
1.8426
3.16587
4.27022
4.30972
3.01514
1.27577
0.243694
0.010716
7.09243e-05
6.4517e-08
7.95939e-12
1.32929e-16
3.00462e-22
9.19121e-29
3.8051e-36
2.13192e-44
1.61654e-53
1.65888e-63
2.30384e-74
4.33013e-86
1.10144e-98
3.79168e-112
1.7665e-126
1.1138e-141
9.50411e-158
1.09756e-174
1.71535e-192
3.62819e-211
1.03858e-230
4.02344e-251
2.10945e-272
1.49675e-294
1.43728e-317
0
0
0
0
0
0
0
0
0
0
0
