0
0
0
0
0
0
0
0
0
0
3.07062e-320
2.65899e-303
3.1161e-287
4.94218e-272
1.06081e-257
3.08152e-244
1.21145e-231
6.4455e-220
4.64108e-209
4.52264e-199
5.96453e-190
1.06457e-181
2.5716e-174
8.40972e-168
3.73083e-162
2.27922e-157
2.12195e-153
4.74423e-150
4.96686e-147
3.23333e-144
1.49738e-141
5.32506e-139
1.52684e-136
3.65015e-134
7.45576e-132
1.32553e-129
2.08117e-127
2.91956e-125
3.69466e-123
4.25153e-121
4.47882e-119
4.34452e-117
3.89991e-115
3.25387e-113
2.53311e-111
1.84627e-109
1.26371e-107
8.14515e-106
4.95584e-104
2.85281e-102
1.55685e-100
8.06939e-99
3.97918e-97
1.86974e-95
8.38352e-94
3.59174e-92
1.47214e-90
5.77899e-89
2.17507e-87
7.85673e-86
2.72618e-84
9.09461e-83
2.9193e-81
9.02328e-80
2.68749e-78
7.71812e-77
2.13859e-75
5.72071e-74
1.47813e-72
3.691e-71
8.91148e-70
2.08128e-68
4.70404e-67
1.02932e-65
2.18136e-64
4.4788e-63
8.9125e-62
1.7194e-60
3.2168e-59
5.83797e-58
1.02802e-56
1.75693e-55
2.91485e-54
4.69548e-53
7.3457e-52
1.11623e-50
1.64786e-49
2.36373e-48
3.29495e-47
4.46408e-46
5.87894e-45
7.52658e-44
9.36847e-43
1.13383e-41
1.33435e-40
1.52708e-39
1.69959e-38
1.83965e-37
1.93664e-36
1.98286e-35
