0
0
0
0
0
0
0
0
1.1916e-304
5.63368e-286
3.60467e-268
3.12141e-251
3.65802e-235
5.80167e-220
1.24529e-205
3.61743e-192
1.42213e-179
7.56643e-168
5.4482e-157
5.30916e-147
7.00181e-138
1.24971e-129
3.01875e-122
9.87074e-116
4.37471e-110
2.65371e-105
2.35776e-101
4.35782e-98
3.35769e-95
1.53613e-92
4.87498e-90
1.16837e-87
2.22974e-85
3.51245e-83
4.68701e-81
5.40231e-79
5.46066e-77
4.89952e-75
3.94088e-73
2.865e-71
1.89558e-69
1.14816e-67
6.39883e-66
3.29571e-64
1.57478e-62
7.00464e-61
2.90908e-59
1.13108e-57
4.12708e-56
1.41624e-54
4.57958e-53
1.39787e-51
4.03422e-50
1.10237e-48
2.85591e-47
7.02313e-46
1.64121e-44
3.64816e-43
7.72072e-42
1.55695e-40
2.99403e-39
5.4941e-38
9.62647e-37
1.61144e-35
2.57844e-34
3.94542e-33
5.77563e-32
8.09154e-31
1.08524e-29
1.39378e-28
1.71452e-27
2.02046e-26
2.28128e-25
2.46817e-24
2.55901e-23
2.54262e-22
2.42103e-21
2.20908e-20
1.93143e-19
1.61789e-18
1.29824e-17
9.97718e-17
7.34184e-16
5.17157e-15
3.48593e-14
2.24767e-13
1.38574e-12
8.16506e-12
4.59557e-11
2.46928e-10
1.26582e-09
6.18638e-09
2.88024e-08
1.27637e-07
5.37868e-07
2.15317e-06
8.17896e-06
2.94441e-05
0.000100321
0.000323021
