0
0
0
0
3.88219e-315
5.47136e-293
1.04358e-271
2.6938e-251
9.41059e-232
4.44918e-213
2.84678e-195
2.46512e-178
2.88891e-162
4.58185e-147
9.83465e-133
2.85685e-119
1.12312e-106
5.97556e-95
4.3027e-84
4.1929e-74
5.52966e-65
9.86947e-57
2.38398e-49
7.79372e-43
3.44946e-37
2.0716e-32
1.71619e-28
2.19003e-25
6.92879e-23
1.03401e-20
9.42076e-19
5.93258e-17
2.77042e-15
1.00266e-13
2.89649e-12
6.817e-11
1.32614e-09
2.15408e-08
2.94161e-07
3.39135e-06
3.30692e-05
0.000272638
0.0018956
0.0110597
0.0537282
0.214887
0.696337
1.78723
3.51549
5.0407
4.85301
2.69219
0.604387
0.0276106
0.000183792
1.6732e-07
2.06443e-11
3.44784e-16
7.79322e-22
2.38396e-28
9.86946e-36
5.52966e-44
4.19289e-53
4.3027e-63
5.97556e-74
1.12312e-85
2.85685e-98
9.83465e-112
4.58185e-126
2.88891e-141
2.46512e-157
2.84678e-174
4.44918e-192
9.41059e-211
2.6938e-230
1.04358e-250
5.47136e-272
3.88219e-294
3.72794e-317
0
0
0
0
0
0
0
0
0
0
0
0
0
0
0
0
0
0
0
0
0
