0
0
0
0
1.00694e-304
1.41913e-282
2.70677e-261
6.98702e-241
2.44087e-221
1.154e-202
7.38381e-185
6.39389e-168
7.49309e-152
1.18841e-136
2.55086e-122
7.40994e-109
2.9131e-96
1.54991e-84
1.11601e-73
1.08753e-63
1.43425e-54
2.55988e-46
6.18341e-39
2.02143e-32
8.94499e-27
5.36424e-22
4.39767e-18
5.23819e-15
1.25348e-12
1.18746e-10
6.28194e-09
2.1468e-07
5.10597e-06
8.80811e-05
0.00112686
0.0107899
0.0771883
0.407202
1.54151
3.98763
6.45106
5.45452
1.49627
0.0711383
0.000476276
4.33931e-07
5.3545e-11
8.94279e-16
2.02136e-21
6.18339e-28
2.55988e-35
1.43425e-43
1.08753e-52
1.11601e-62
1.54991e-73
2.9131e-85
7.40994e-98
2.55086e-111
1.18841e-125
7.49309e-141
6.39389e-157
7.38381e-174
1.154e-191
2.44087e-210
6.98702e-230
2.70677e-250
1.41913e-271
1.00694e-293
9.66932e-317
0
0
0
0
0
0
0
0
0
0
0
0
0
0
0
0
0
0
0
0
0
0
0
0
0
0
0
0
0
0
0
