0
0
0
0
0
0
0
0
0
3.22858e-317
2.06578e-299
1.78883e-282
2.09636e-266
3.32485e-251
7.13658e-237
2.0731e-223
8.15003e-211
4.33621e-199
3.12228e-188
3.0426e-178
4.01264e-169
7.16189e-161
1.73003e-153
5.6573e-147
2.50878e-141
1.52833e-136
1.39693e-132
2.90939e-129
2.73286e-126
1.57177e-123
6.37695e-121
1.97582e-118
4.91565e-116
1.01636e-113
1.79049e-111
2.73879e-109
3.69153e-107
4.43664e-105
4.80071e-103
4.71481e-101
4.23143e-99
3.49065e-97
2.66017e-95
1.88106e-93
1.23898e-91
7.62739e-90
4.40214e-88
2.38842e-86
1.22119e-84
5.89719e-83
2.69507e-81
1.16776e-79
4.80538e-78
1.88086e-76
7.01216e-75
2.49333e-73
8.46569e-72
2.74776e-70
8.53448e-69
2.53904e-67
7.2417e-66
1.98174e-64
5.20742e-63
1.31485e-61
3.19224e-60
7.45674e-59
1.67683e-57
3.63202e-56
7.58129e-55
1.52573e-53
2.96172e-52
5.54769e-51
1.00311e-49
1.75148e-48
2.95408e-47
4.81426e-46
7.58306e-45
1.15473e-43
1.70033e-42
2.42157e-41
3.33623e-40
4.44715e-39
5.73643e-38
7.16133e-37
8.65342e-36
1.0122e-34
1.14621e-33
1.25665e-32
1.33391e-31
1.37096e-30
1.3643e-29
1.31456e-28
1.22639e-27
1.10775e-26
9.68709e-26
8.20078e-25
6.7203e-24
5.33028e-23
4.09153e-22
3.03904e-21
