0
0
0
0
0
0
0
0
0
0
0
0
0
1.09197e-313
2.34385e-299
6.80861e-286
2.67669e-273
1.42413e-261
1.02544e-250
9.99274e-241
1.31786e-231
2.35217e-223
5.68201e-216
1.85835e-209
8.25067e-204
5.06891e-199
4.89052e-195
1.23971e-191
1.55379e-188
1.23981e-185
7.12992e-183
3.17549e-180
1.14736e-177
3.47343e-175
9.02092e-173
2.04644e-170
4.11292e-168
7.40735e-166
1.20673e-163
1.79225e-161
2.44295e-159
3.07355e-157
3.58692e-155
3.8998e-153
3.96514e-151
3.78307e-149
3.39716e-147
2.8791e-145
2.30854e-143
1.75519e-141
1.26795e-139
8.71932e-138
5.71748e-136
3.58056e-134
2.14463e-132
1.23026e-130
6.76737e-129
3.5738e-127
1.81383e-125
8.85646e-124
4.16418e-122
1.88708e-120
8.24907e-119
3.48108e-117
1.41918e-115
5.5934e-114
2.13263e-112
7.87097e-111
2.81362e-109
9.747e-108
3.27395e-106
1.06681e-104
3.3738e-103
1.03602e-101
3.09041e-100
8.95866e-99
2.52474e-97
6.91983e-96
1.84516e-94
4.78826e-93
1.20966e-91
2.97595e-90
7.13164e-89
1.66523e-87
3.78962e-86
8.40741e-85
1.81877e-83
3.83746e-82
7.89865e-81
1.58634e-79
3.10928e-78
5.94875e-77
1.11115e-75
2.02662e-74
3.60992e-73
6.28079e-72
1.06755e-70
1.77287e-69
2.87699e-68
4.56276e-67
