0
0
0
0
0
0
0
0
0
0
0
0
0
0
0
0
0
0
3.36783e-313
3.28189e-303
4.32821e-294
7.72518e-286
1.86617e-278
6.10444e-272
2.7134e-266
1.68104e-261
1.70655e-257
5.06481e-254
7.83598e-251
7.91015e-248
5.83528e-245
3.364e-242
1.58358e-239
6.27752e-237
2.14374e-234
6.4173e-232
1.70726e-229
4.08168e-227
8.85016e-225
1.75376e-222
3.19692e-220
5.391e-218
8.45086e-216
1.23675e-213
1.69608e-211
2.18705e-209
2.6596e-207
3.05841e-205
3.33395e-203
3.45279e-201
3.40416e-199
3.201e-197
2.87565e-195
2.472e-193
2.03635e-191
1.60966e-189
1.22247e-187
8.93052e-186
6.28232e-184
4.26004e-182
2.78723e-180
1.76113e-178
1.07556e-176
6.35403e-175
3.63384e-173
2.01322e-171
1.08124e-169
5.63288e-168
2.84829e-166
1.39872e-164
6.67438e-163
3.09634e-161
1.39721e-159
6.13558e-158
2.62316e-156
1.09234e-154
4.43238e-153
1.75319e-151
6.76242e-150
2.54455e-148
9.34346e-147
3.34916e-145
1.17229e-143
4.00809e-142
1.33897e-140
4.37182e-139
1.39548e-137
4.35586e-136
1.3299e-134
3.97251e-133
1.16122e-131
3.32249e-130
9.30696e-129
2.55292e-127
6.85864e-126
1.80508e-124
4.65469e-123
1.17626e-121
2.91343e-120
7.07411e-119
