0
0
0
0
0
0
0
0
0
8.3741e-307
5.35811e-289
4.63977e-272
5.43742e-256
8.62381e-241
1.85105e-226
5.37708e-213
2.11391e-200
1.1247e-188
8.0984e-178
7.89173e-168
1.04077e-158
1.85761e-150
4.48722e-143
1.46731e-136
6.50567e-131
3.95758e-126
3.58367e-122
7.18606e-119
6.35356e-116
3.40865e-113
1.28369e-110
3.67991e-108
8.4501e-106
1.60942e-103
2.60746e-101
3.66254e-99
4.52715e-97
4.9833e-95
4.93279e-93
4.42662e-91
3.626e-89
2.72708e-87
1.89267e-85
1.21751e-83
7.28726e-82
4.07227e-80
2.13113e-78
1.04728e-76
4.84462e-75
2.11426e-73
8.72221e-72
3.40765e-70
1.26288e-68
4.44643e-67
1.48937e-65
4.75221e-64
1.44609e-62
4.20126e-61
1.16648e-59
3.09812e-58
7.87786e-57
1.91935e-55
4.4839e-54
1.0051e-52
2.16316e-51
4.47247e-50
8.88835e-49
1.69874e-47
3.1237e-46
5.52878e-45
9.42279e-44
1.54696e-42
2.44719e-41
3.73146e-40
5.48569e-39
7.77738e-38
1.0636e-36
1.40332e-35
1.78666e-34
2.19531e-33
2.6036e-32
2.98075e-31
3.29445e-30
3.51539e-29
3.62172e-28
3.60258e-27
3.45995e-26
3.20827e-25
2.87209e-24
2.48211e-23
2.07063e-22
1.66722e-21
1.2955e-20
9.71321e-20
7.02577e-19
4.90163e-18
3.29765e-17
2.13882e-16
1.33698e-15
8.0524e-15
