0
0
0
0
0
0
0
0
0
0
0
0
0
0
0
0
0
0
0
0
0
0
0
0
2.31405e-318
1.44356e-313
1.52561e-309
5.05893e-306
9.01326e-303
1.06332e-299
9.24561e-297
6.31757e-294
3.53911e-291
1.67471e-288
6.84395e-286
2.45688e-283
7.85279e-281
2.25928e-278
5.90387e-276
1.41193e-273
3.11025e-271
6.34587e-269
1.20502e-266
2.13865e-264
3.56084e-262
5.58055e-260
8.25671e-258
1.1564e-255
1.53687e-253
1.94247e-251
2.33955e-249
2.69015e-247
2.9582e-245
3.11576e-243
3.14788e-241
3.05474e-239
2.85088e-237
2.56176e-235
2.21886e-233
1.85437e-231
1.49677e-229
1.16788e-227
8.81646e-226
6.44458e-224
4.56486e-222
3.13548e-220
2.08987e-218
1.35255e-216
8.50498e-215
5.19913e-213
3.09148e-211
1.78899e-209
1.00804e-207
5.53329e-206
2.96021e-204
1.54415e-202
7.85709e-201
3.90139e-199
1.89116e-197
8.95259e-196
4.14035e-194
1.87128e-192
8.268e-191
3.57237e-189
1.50987e-187
6.24421e-186
2.5275e-184
1.00162e-182
3.88705e-181
1.4776e-179
5.50324e-178
2.00867e-176
7.18659e-175
2.52092e-173
8.6718e-172
2.92592e-170
9.68515e-169
3.14574e-167
1.00275e-165
3.13759e-164
