0
0
0
0
0
0
0
0
0
0
0
0
0
0
0
0
0
0
0
0
0
0
4.12495e-320
1.34894e-313
6.00064e-308
3.73823e-303
3.91964e-299
1.27279e-295
2.20876e-292
2.53133e-289
2.13485e-286
1.41347e-283
7.6669e-281
3.51087e-278
1.38781e-275
4.81721e-273
1.48826e-270
4.13754e-268
1.04451e-265
2.41258e-263
5.13168e-261
1.01078e-258
1.85255e-256
3.17279e-254
5.09677e-252
7.7051e-250
1.09948e-247
1.48488e-245
1.9026e-243
2.31799e-241
2.6907e-239
2.98134e-237
3.15855e-235
3.20464e-233
3.11827e-231
2.91393e-229
2.6183e-227
2.26488e-225
1.88811e-223
1.51849e-221
1.17928e-219
8.85187e-218
6.42739e-216
4.51819e-214
3.07718e-212
2.03195e-210
1.30178e-208
8.09669e-207
4.89202e-205
2.87298e-203
1.64089e-201
9.11925e-200
4.93389e-198
2.60003e-196
1.33514e-194
6.6838e-193
3.26325e-191
1.55447e-189
7.22752e-188
3.28116e-186
1.45497e-184
6.30398e-183
2.66964e-181
1.10536e-179
4.47612e-178
1.77325e-176
6.87437e-175
2.6086e-173
9.69181e-172
3.52644e-170
1.25692e-168
4.38953e-167
1.50234e-165
5.04025e-164
1.65791e-162
5.3479e-161
1.69202e-159
5.25182e-158
1.59947e-156
4.78061e-155
