0
0
0
0
0
0
0
8.84717e-314
3.09069e-294
1.46123e-275
9.34959e-258
8.09613e-241
9.48796e-225
1.5048e-209
3.22997e-195
9.38268e-182
3.68864e-169
1.96254e-157
1.41312e-146
1.37706e-136
1.81609e-127
3.24141e-119
7.82984e-112
2.56014e-105
1.13443e-99
6.8717e-95
6.04665e-91
1.06953e-87
7.61217e-85
3.17426e-82
9.11469e-80
1.96678e-77
3.36671e-75
4.74238e-73
5.64353e-71
5.78692e-69
5.19211e-67
4.12616e-65
2.93341e-63
1.88105e-61
1.09556e-59
5.8296e-58
2.84839e-56
1.28358e-54
5.35515e-53
2.07542e-51
7.49412e-50
2.5279e-48
7.98445e-47
2.36643e-45
6.59362e-44
1.73012e-42
4.28169e-41
1.00078e-39
2.21203e-38
4.62866e-37
9.17859e-36
1.72642e-34
3.08265e-33
5.2291e-32
8.43217e-31
1.29334e-29
1.88785e-28
2.62361e-27
3.47272e-26
4.37946e-25
5.26337e-24
6.02963e-23
6.58516e-22
6.85698e-21
6.80785e-20
6.44457e-19
5.81645e-18
5.00441e-17
4.10398e-16
3.20714e-15
2.38764e-14
1.69282e-13
1.14254e-12
7.33748e-12
4.48136e-11
2.60134e-10
1.43421e-09
7.50466e-09
3.72376e-08
1.75048e-07
7.78756e-07
3.27501e-06
1.30027e-05
4.86682e-05
0.00017146
0.000567575
0.0017619
0.00511787
0.0138769
0.035027
0.0820506
0.177751
0.354702
0.649013
