0
0
0
0
0
0
0
0
0
0
0
0
0
0
9.03655e-310
2.62501e-296
1.03198e-283
5.49063e-272
3.95352e-261
3.85263e-251
5.08092e-242
9.06862e-234
2.19067e-226
7.16496e-220
3.18171e-214
1.95747e-209
1.90507e-205
4.96904e-202
6.47699e-199
5.4008e-196
3.25443e-193
1.52142e-190
5.77742e-188
1.84001e-185
5.03145e-183
1.20262e-180
2.54824e-178
4.84127e-176
8.32422e-174
1.30552e-171
1.88002e-169
2.50004e-167
3.08518e-165
3.54847e-163
3.8184e-161
3.85722e-159
3.66888e-157
3.29488e-155
2.80067e-153
2.25824e-151
1.73079e-149
1.26328e-147
8.7957e-146
5.8512e-144
3.72438e-142
2.27134e-140
1.32884e-138
7.46674e-137
4.03393e-135
2.09752e-133
1.05069e-131
5.07486e-130
2.36546e-128
1.06486e-126
4.63314e-125
1.94971e-123
7.9408e-122
3.13204e-120
1.19707e-118
4.43589e-117
1.59458e-115
5.56328e-114
1.88472e-112
6.20286e-111
1.98406e-109
6.17041e-108
1.86656e-106
5.49416e-105
1.57416e-103
4.39168e-102
1.19341e-100
3.15983e-99
8.15417e-98
2.05145e-96
5.033e-95
1.20445e-93
2.81227e-92
6.40816e-91
1.42533e-89
3.09528e-88
6.56408e-87
1.35965e-85
2.7513e-84
5.43985e-83
1.05111e-81
1.98517e-80
3.66521e-79
6.61635e-78
1.16793e-76
2.01632e-75
