0.00012341
0.00012341
0.00012341
0.00012341
0.00012341
0.000123413
0.000123438
0.00012362
0.000124706
0.000130131
0.000153268
0.000238517
0.000512499
0.00128626
0.00321708
0.00749075
0.0159003
0.0306197
0.0534967
0.0849133
0.122633
0.161365
0.193651
0.212102
0.212093
0.193626
0.161322
0.122573
0.0848372
0.0534065
0.0305179
0.01579
0.00737459
0.00309735
0.00116456
0.0003898
0.000115374
2.99476e-05
6.74753e-06
1.30266e-06
2.11928e-07
2.8422e-08
3.04886e-09
2.505e-10
1.47469e-11
5.55346e-13
1.0672e-14
5.82236e-17
5.14341e-20
6.31983e-24
1.05489e-28
2.38422e-34
7.2933e-41
3.01938e-48
1.69169e-56
1.28274e-65
1.31633e-75
1.82811e-86
3.43599e-98
8.74001e-111
3.00873e-124
1.40173e-138
8.83808e-154
7.54158e-170
8.70918e-187
1.36114e-204
2.879e-223
8.24118e-243
3.19263e-263
1.67386e-284
1.18768e-306
0
0
0
0
0
0
0
0
0
0
0
0
0
0
0
0
0
0
0
0
0
0
0
0
0
0
0
0
0
