166.567
166.606
166.69
166.858
167.16
167.652
168.374
169.325
170.446
171.618
172.689
173.52
174.021
174.176
174.033
173.677
173.194
172.65
172.08
171.5
170.914
170.328
169.756
169.22
168.746
168.365
168.107
167.998
168.054
168.269
168.613
169.027
169.434
169.751
169.913
169.89
169.692
169.367
168.985
168.62
168.333
168.166
168.135
168.236
168.454
168.764
169.14
169.563
170.014
170.485
170.968
171.454
171.926
172.354
172.699
172.912
172.949
172.782
172.407
171.85
171.161
170.402
169.641
168.933
168.319
167.82
167.443
167.182
167.029
166.976
167.02
167.161
167.405
167.756
168.213
168.767
169.392
170.055
170.708
171.303
171.796
172.153
172.356
172.405
172.314
172.108
171.813
171.46
171.072
170.67
170.273
169.897
169.559
169.275
169.061
168.932
168.895
168.95
169.086
169.282
245.031
257.161
269.299
281.438
293.577
305.628
316.841
327.093
337.863
349.195
360.554
371.988
383.705
395.737
407.973
420.291
432.509
444.429
456.061
467.612
479.255
491.018
502.857
514.724
526.573
538.356
550.04
561.608
573.01
584.082
594.495
603.832
611.782
618.329
623.751
628.464
632.852
637.17
641.523
645.9
650.232
654.452
658.527
662.448
666.201
669.749
673.032
675.987
678.568
680.766
682.609
684.153
685.471
686.633
687.703
688.729
689.742
690.757
691.777
692.797
693.808
694.806
695.788
696.755
697.711
698.66
699.604
700.547
701.488
702.427
703.366
704.303
705.239
706.175
707.112
708.051
708.991
709.933
710.875
711.816
712.754
713.686
714.609
715.52
716.416
717.292
718.145
718.969
719.761
720.514
721.225
721.89
722.505
723.067
723.575
724.027
724.425
724.768
725.058
725.3
245.031
257.161
269.299
281.438
293.577
305.628
316.841
327.093
337.863
349.195
360.554
371.988
383.705
395.737
407.973
420.291
432.509
444.429
456.061
467.612
479.255
491.018
502.857
514.724
526.573
538.356
550.04
561.608
573.01
584.082
594.495
603.832
611.782
618.329
623.751
628.464
632.852
637.17
641.523
645.9
650.232
654.452
658.527
662.448
666.201
669.749
673.032
675.987
678.568
680.766
682.609
684.153
685.471
686.633
687.703
688.729
689.742
690.757
691.777
692.797
693.808
694.806
695.788
696.755
697.711
698.66
699.604
700.547
701.488
702.427
703.366
704.303
705.239
706.175
707.112
708.051
708.991
709.933
710.875
711.816
712.754
713.686
714.609
715.52
716.416
717.292
718.145
718.969
719.761
720.514
721.225
721.89
722.505
723.067
723.575
724.027
724.425
724.768
725.058
725.3
