0.156807
0.155622
0.154051
0.1521
0.149779
0.147107
0.144109
0.140815
0.137258
0.133478
0.129515
0.125411
0.121208
0.116946
0.112665
0.1084
0.104182
0.10004
0.0959981
0.0920757
0.0882883
0.0846482
0.0811638
0.0778411
0.0746838
0.0716939
0.0688723
0.0662195
0.0637358
0.0614219
0.0592792
0.0573098
0.0555165
0.0539028
0.0524724
0.0512288
0.0501745
0.0493106
0.0486358
0.0481457
0.0478323
0.0476832
0.0476818
0.047807
0.0480333
0.0483321
0.0486719
0.04902
0.049344
0.0496127
0.0497985
0.0498783
0.0498351
0.0496589
0.0493475
0.0489066
0.0483499
0.0476982
0.0469786
0.0462234
0.0454678
0.0447489
0.0441035
0.0435663
0.0431684
0.0429361
0.0428896
0.0430422
0.0434004
0.0439638
0.0447255
0.0456728
0.0467882
0.0480508
0.0494369
0.0509218
0.0524802
0.0540876
0.0557204
0.0573568
0.0589769
0.0605624
0.0620967
0.0635647
0.0649523
0.0662463
0.0674341
0.0685037
0.0694436
0.070243
0.0708922
0.0713831
0.0717093
0.0718667
0.0718542
0.0716736
0.0713303
0.0708328
0.0701933
0.0694271
0.0685524
0.0675898
0.0665618
0.0654922
0.0644058
0.0633275
0.0622821
0.0612938
0.060386
0.0595808
0.0588996
0.0583622
0.0579876
0.0577936
0.0577972
0.0580144
0.0584605
0.05915
0.0600964
0.0613122
0.0628086
0.0645951
0.0666792
0.0690656
0.0717561
0.0747491
0.0780384
0.0816136
0.0854592
0.0895542
0.0938723
0.0983819
0.103046
0.107822
0.112664
0.117521
0.122341
0.12707
0.131651
0.136031
0.140158
0.143983
0.147462
0.150556
0.153236
0.155477
0.157265
0.158594
0.159467
0.159895
0.1599
0.159509
0.158756
0.157683
0.156333
0.154755
0.153
0.151116
0.149154
0.147161
0.145181
0.143255
0.141419
0.139702
0.13813
0.136723
0.135494
0.134451
0.133599
0.132935
0.132455
0.132151
0.132009
0.132017
0.132158
0.132416
0.132772
0.13321
0.13371
0.134255
0.13483
0.135417
0.136003
0.136576
0.137122
0.137633
0.138101
0.138518
0.138881
0.139187
0.139435
0.139624
0.139759
0.139842
0.139878
0.139874
0.139839
0.13978
0.139706
0.139629
0.139558
0.139503
0.139476
0.139486
0.139543
0.139656
0.139833
0.140081
0.140405
0.14081
0.141298
0.141872
0.142529
0.143269
0.144087
0.144979
0.145937
0.146955
0.148023
0.14913
0.150266
0.15142
0.15258
0.153733
0.154869
0.155977
0.157046
0.158066
0.15903
0.15993
0.160761
0.161519
0.162202
0.162808
0.163341
0.163802
0.164195
0.164528
0.164808
0.165042
0.165242
0.165419
0.165583
0.165746
0.165922
0.166121
0.166357
0.166639
0.166977
0.167381
0.167855
0.168403
0.169027
0.169724
0.170487
0.171309
0.172177
0.173078
0.173993
0.174907
0.175802
0.176665
0.177482
0.178247
0.178956
0.179613
0.180227
0.180809
0.181376
0.181946
0.182532
0.183148
0.183798
0.18448
0.185183
0.185888
0.186567
0.187188
0.18772
0.188133
0.188404
0.188521
0.188486
0.188315
0.188039
0.1877
0.187349
0.187039
0.18682
0.186736
0.186816
0.187076
0.187513
0.188108
0.188827
0.189627
0.190453
0.191251
0.191967
0.215317
