4.20902e-16
3.6616e-16
3.99038e-16
4.98634e-16
6.66771e-16
9.18796e-16
1.28179e-15
1.79612e-15
2.51919e-15
3.53117e-15
4.9432e-15
6.90865e-15
9.63854e-15
1.34225e-14
1.86574e-14
2.58853e-14
3.5846e-14
4.95463e-14
6.83543e-14
9.41248e-14
1.29368e-13
1.77474e-13
2.43011e-13
3.32128e-13
4.53075e-13
6.1691e-13
8.3842e-13
1.13734e-12
1.53995e-12
2.08119e-12
2.80742e-12
3.78002e-12
5.08009e-12
6.8146e-12
9.12435e-12
1.21943e-11
1.62668e-11
2.16593e-11
2.8786e-11
3.81867e-11
5.05637e-11
6.68285e-11
8.81621e-11
1.16091e-10
1.52586e-10
2.00184e-10
2.62145e-10
3.42654e-10
4.47063e-10
5.82215e-10
7.56831e-10
9.82012e-10
1.27186e-09
1.64423e-09
2.12173e-09
2.73289e-09
3.51365e-09
4.50922e-09
5.77631e-09
7.38594e-09
9.4269e-09
1.20099e-08
1.52728e-08
1.93869e-08
2.45644e-08
3.1068e-08
3.92223e-08
4.94269e-08
6.21737e-08
7.80659e-08
9.7843e-08
1.22409e-07
1.52865e-07
1.90555e-07
2.37108e-07
2.94503e-07
3.65132e-07
4.51884e-07
5.58241e-07
6.88391e-07
8.47359e-07
1.04117e-06
1.277e-06
1.56346e-06
1.91073e-06
2.33097e-06
2.83855e-06
3.45048e-06
4.18683e-06
5.07127e-06
6.13158e-06
7.40039e-06
8.91584e-06
1.07225e-05
1.28724e-05
1.54259e-05
1.84531e-05
2.20353e-05
2.62663e-05
3.12542e-05
3.71235e-05
4.40172e-05
5.20989e-05
6.15557e-05
7.26009e-05
8.54772e-05
0.00010046
0.000117862
0.000138036
0.000161379
0.000188339
0.000219418
0.000255179
0.00029625
0.000343331
0.000397202
0.000458725
0.000528857
0.000608653
0.000699274
0.000801997
0.000918219
0.00104947
0.00119741
0.00136386
0.00155077
0.00176028
0.00199467
0.00225641
0.00254814
0.0028727
0.00323309
0.00363253
0.00407443
0.00456238
0.00510019
0.00569183
0.00634149
0.00705354
0.00783251
0.00868313
0.00961026
0.0106189
0.0117143
0.0129016
0.0141862
0.0155736
0.0170693
0.0186788
0.0204075
0.0222612
0.0242451
0.0263647
0.0286253
0.031032
0.0335897
0.0363033
0.0391771
0.0422155
0.0454225
0.0488015
0.0523559
0.0560885
0.0600018
0.0640977
0.0683778
0.072843
0.0774939
0.0823303
0.0873518
0.0925569
0.097944
0.103511
0.109254
0.115169
0.121253
0.1275
0.133905
0.14046
0.147159
0.153994
0.160957
0.168037
0.175225
0.182511
0.189883
0.197329
0.204837
0.212393
0.219985
0.227598
0.235218
0.242831
0.250422
0.257976
0.265478
0.272915
0.280272
0.287534
0.294689
0.301724
0.308627
0.315385
0.321989
0.328428
0.334694
0.340778
0.346673
0.352371
0.357867
0.363154
0.368228
0.373082
0.37771
0.382108
0.386268
0.390183
0.393846
0.397248
0.40038
0.403231
0.40579
0.408046
0.409988
0.411603
0.412883
0.413817
0.414398
0.414622
0.414486
0.413995
0.413153
0.411974
0.410474
0.408675
0.406605
0.404294
0.401778
0.399095
0.396282
0.393378
0.390418
0.387432
0.384442
0.381462
0.378493
0.375525
0.372533
0.369475
0.366298
0.362934
0.359303
0.355319
0.35089
0.345927
0.340348
0.334083
0.327086
0.319338
0.310856
0.301697
0.291965
0.281815
0.271446
0.261104
0.251068
0.241639
0.233115
0.225773
0.219834
0.215438
0.212606
0.211226
0.21103
0.211595
0.212364
0.212679
0.211835
0.209153
0.204055
0.196137
0.185234
0.17145
0.155167
0.137009
0.117779
0.0983666
0.0796486
0.0623929
0.047182
0.0343679
0.0240635
0.016168
0.010417
0.00644706
0.00386034
0.00227797
0.00137674
0.000906523
0.000774386
