0.386707
0.387205
0.386354
0.384484
0.381951
0.37909
0.376174
0.373382
0.370792
0.368378
0.366031
0.363585
0.360853
0.357657
0.35386
0.34938
0.344203
0.33838
0.332019
0.325271
0.318306
0.311303
0.304426
0.297817
0.291586
0.285808
0.280525
0.275747
0.271461
0.267636
0.264232
0.261201
0.2585
0.256086
0.253927
0.251996
0.250277
0.248761
0.247445
0.246332
0.245429
0.244744
0.244288
0.244069
0.244092
0.244363
0.244881
0.245641
0.246637
0.247854
0.249277
0.250885
0.252654
0.254555
0.256559
0.258633
0.260743
0.262853
0.264926
0.266926
0.268817
0.270562
0.272126
0.273476
0.274579
0.275405
0.275926
0.276117
0.275956
0.275421
0.274496
0.273169
0.271428
0.269267
0.266683
0.263676
0.26025
0.256413
0.252175
0.247551
0.242557
0.237214
0.231545
0.225574
0.219329
0.212839
0.206135
0.199249
0.192213
0.185061
0.177826
0.170542
0.16324
0.155954
0.148715
0.141552
0.134495
0.12757
0.120803
0.114218
0.107837
0.10168
0.0957675
0.0901152
0.0847392
0.0796538
0.0748721
0.0704061
0.0662665
0.0624636
0.0590068
0.0559048
0.0531659
0.0507979
0.0488082
0.0472036
0.0459905
0.0451745
0.0447606
0.0447525
0.0451527
0.045962
0.0471793
0.0488011
0.0508213
0.0532305
0.0560158
0.0591605
0.0626439
0.0664405
0.0705204
0.074849
0.079387
0.0840904
0.0889111
0.093797
0.0986925
0.10354
0.108278
0.112846
0.117183
0.121227
0.124922
0.128211
0.131044
0.133374
0.135163
0.136379
0.136996
0.137
0.136382
0.135146
0.133303
0.130871
0.12788
0.124366
0.120371
0.115945
0.111142
0.106018
0.100636
0.0950552
0.0893385
0.0835464
0.0777373
0.0719665
0.0662853
0.0607403
0.0553726
0.0502179
0.0453057
0.0406598
0.036298
0.0322321
0.0284691
0.0250104
0.0218536
0.0189919
0.0164156
0.014112
0.0120665
0.0102632
0.00868494
0.00731461
0.00613509
0.00512996
0.00428395
0.00358327
0.00301607
0.00257276
0.00224636
0.00203286
0.00193149
0.00194507
0.00208025
0.00234774
0.00276247
0.00334366
0.00411475
0.00510318
0.00633988
0.00785858
0.0096948
0.0118844
0.014462
0.0174589
0.0209005
0.0248041
0.0291758
0.0340081
0.0392772
0.0449411
0.0509376
0.0571842
0.063578
0.0699973
0.0763045
0.0823496
0.0879759
0.0930259
0.097348
0.100804
0.103276
0.104672
0.104933
0.104036
0.101995
0.0988625
0.0947273
0.0897096
0.0839559
0.0776315
0.0709124
0.0639771
0.0569986
0.0501367
0.0435324
0.037303
0.0315397
0.026306
0.021639
0.0175509
0.0140324
0.0110567
0.00858352
0.00656335
0.00494176
0.00366271
0.00267147
0.00191682
0.00135254
0.000938195
0.000639517
0.000428206
0.000281525
0.000181659
0.000114993
7.13759e-05
4.3419e-05
2.58716e-05
1.50917e-05
8.6132e-06
4.8065e-06
2.62085e-06
1.39539e-06
7.24875e-07
3.6711e-07
1.81102e-07
8.69458e-08
4.05835e-08
1.83981e-08
8.09152e-09
3.44828e-09
1.4221e-09
5.66782e-10
2.17988e-10
8.07873e-11
2.88107e-11
9.8783e-12
3.2583e-12
1.03887e-12
3.25373e-13
1.04534e-13
3.77164e-14
1.70685e-14
9.88504e-15
6.69788e-15
4.85278e-15
3.59458e-15
2.67817e-15
1.99739e-15
1.48981e-15
1.11214e-15
8.32652e-16
6.28007e-16
4.81483e-16
3.82025e-16
3.24326e-16
3.10737e-16
4.04271e-16
