0.0907883
0.0905358
0.0903004
0.090084
0.0898889
0.0897174
0.0895716
0.0894535
0.0893645
0.0893054
0.0892764
0.0892772
0.0893066
0.0893633
0.0894451
0.08955
0.0896757
0.0898198
0.0899803
0.0901554
0.0903433
0.0905427
0.0907527
0.0909723
0.0912008
0.0914375
0.091682
0.0919335
0.0921913
0.0924548
0.092723
0.0929952
0.0932706
0.0935486
0.0938286
0.0941104
0.0943939
0.0946796
0.094968
0.0952601
0.0955573
0.0958613
0.0961739
0.0964972
0.0968335
0.0971852
0.0975547
0.0979443
0.0983562
0.0987925
0.0992548
0.0997446
0.100263
0.10081
0.101387
0.101993
0.102627
0.103288
0.103973
0.104681
0.105409
0.106154
0.106911
0.107678
0.108449
0.109223
0.109993
0.110756
0.111509
0.112247
0.112967
0.113666
0.114342
0.114991
0.115613
0.116205
0.116768
0.1173
0.117801
0.118272
0.118714
0.119127
0.119515
0.119877
0.120217
0.120537
0.120839
0.121125
0.1214
0.121664
0.121922
0.122174
0.122424
0.122674
0.122926
0.12318
0.123438
0.123701
0.123969
0.124241
0.124517
0.124794
0.125073
0.125349
0.125621
0.125886
0.12614
0.12638
0.126604
0.126806
0.126986
0.127138
0.127261
0.127351
0.127408
0.12743
0.127415
0.127363
0.127274
0.12715
0.126991
0.126798
0.126575
0.126323
0.126045
0.125746
0.125428
0.125095
0.124752
0.1244
0.124046
0.123692
0.123342
0.123
0.122667
0.122348
0.122044
0.121758
0.12149
0.121241
0.121013
0.120804
0.120615
0.120444
0.12029
0.12015
0.120023
0.119905
0.119794
0.119688
0.119582
0.119474
0.119362
0.119242
0.119112
0.11897
0.118814
0.118643
0.118457
0.118254
0.118035
0.117801
0.117553
0.117292
0.117021
0.116742
0.116457
0.11617
0.115884
0.115602
0.115327
0.115063
0.114814
0.114582
0.11437
0.114181
0.114018
0.113881
0.113774
0.113697
0.11365
0.113634
0.113649
0.113693
0.113764
0.113862
0.113983
0.114126
0.114285
0.114459
0.114642
0.114832
0.115025
0.115215
0.1154
0.115575
0.115737
0.115884
0.116011
0.116119
0.116204
0.116266
0.116305
0.116322
0.116318
0.116294
0.116253
0.116199
0.116135
0.116065
0.115994
0.115926
0.115865
0.115817
0.115787
0.115778
0.115796
0.115844
0.115925
0.116044
0.116202
0.116403
0.116646
0.116935
0.11727
0.11765
0.118075
0.118545
0.119058
0.119611
0.120204
0.120831
0.121492
0.12218
0.122894
0.123627
0.124377
0.125137
0.125904
0.126674
0.127441
0.128203
0.128955
0.129695
0.130421
0.131131
0.131823
0.132497
0.133154
0.133794
0.134418
0.135028
0.135626
0.136213
0.136791
0.137363
0.13793
0.138494
0.139056
0.139616
0.140175
0.140734
0.141293
0.14185
0.142405
0.142956
0.143503
0.144043
0.144575
0.145096
0.145602
0.146091
0.14656
0.147004
0.147418
0.147799
0.148142
0.148441
0.148692
0.14889
0.149029
0.149107
0.149119
0.149063
0.148935
0.148735
0.148463
0.148118
0.147704
0.147222
0.146675
0.146069
0.145408
0.144699
0.143946
0.143157
0.142338
0.141495
0.140636
0.153959
