5.28541e-37
4.86172e-37
6.97059e-37
1.17836e-36
2.08165e-36
3.71366e-36
6.63128e-36
1.18244e-35
2.10412e-35
3.73598e-35
6.61846e-35
1.16983e-34
2.06302e-34
3.62993e-34
6.37244e-34
1.11617e-33
1.95059e-33
3.40112e-33
5.91689e-33
1.02703e-32
1.77866e-32
3.07341e-32
5.29869e-32
9.11461e-32
1.56433e-31
2.67882e-31
4.57699e-31
7.80262e-31
1.32717e-30
2.25236e-30
3.81396e-30
6.44378e-30
1.08626e-29
1.82707e-29
3.06623e-29
5.13436e-29
8.57824e-29
1.43002e-28
2.37858e-28
3.94754e-28
6.53687e-28
1.08006e-27
1.78058e-27
2.92894e-27
4.80726e-27
7.87266e-27
1.28643e-26
2.09743e-26
3.41216e-26
5.53876e-26
8.97092e-26
1.44979e-25
2.33784e-25
3.76156e-25
6.03902e-25
9.6741e-25
1.54633e-24
2.46625e-24
3.92484e-24
6.2324e-24
9.87502e-24
1.56124e-23
2.46293e-23
3.87692e-23
6.08939e-23
9.54362e-23
1.49247e-22
2.32892e-22
3.62625e-22
5.63399e-22
8.73438e-22
1.35116e-21
2.08563e-21
3.21238e-21
4.93717e-21
7.57162e-21
1.15867e-20
1.76928e-20
2.69583e-20
4.09877e-20
6.2184e-20
9.41389e-20
1.42208e-19
2.14362e-19
3.22432e-19
4.83945e-19
7.24809e-19
1.08323e-18
1.61543e-18
2.40395e-18
3.56974e-18
5.28956e-18
7.82125e-18
1.154e-17
1.69908e-17
2.49628e-17
3.65976e-17
5.35411e-17
7.81629e-17
1.13866e-16
1.65525e-16
2.40113e-16
3.47575e-16
5.02069e-16
7.23704e-16
1.04098e-15
1.49419e-15
2.14021e-15
3.05908e-15
4.36327e-15
6.21042e-15
8.82099e-15
1.25027e-14
1.76839e-14
2.49599e-14
3.51559e-14
4.94135e-14
6.93083e-14
9.70104e-14
1.35502e-13
1.88872e-13
2.62715e-13
3.64669e-13
5.05137e-13
6.98261e-13
9.63219e-13
1.32596e-12
1.82154e-12
2.49715e-12
3.41629e-12
4.66408e-12
6.35449e-12
8.63971e-12
1.17226e-11
1.58727e-11
2.1448e-11
2.89221e-11
3.89206e-11
5.22682e-11
7.00496e-11
9.3688e-11
1.25047e-10
1.66561e-10
2.21405e-10
2.93707e-10
3.88826e-10
5.13702e-10
6.77303e-10
8.91192e-10
1.17024e-09
1.53356e-09
2.00559e-09
2.61761e-09
3.40948e-09
4.43194e-09
5.74937e-09
7.44339e-09
9.61712e-09
1.24007e-08
1.59577e-08
2.04938e-08
2.62665e-08
3.35978e-08
4.28892e-08
5.46408e-08
6.94732e-08
8.81556e-08
1.11639e-07
1.41097e-07
1.77973e-07
2.24041e-07
2.81474e-07
3.52931e-07
4.41652e-07
5.51585e-07
6.87524e-07
8.55278e-07
1.06187e-06
1.31578e-06
1.62721e-06
2.00842e-06
2.47409e-06
3.04179e-06
3.73249e-06
4.57113e-06
5.58737e-06
6.81635e-06
8.29962e-06
1.00862e-05
1.22339e-05
1.48106e-05
1.78957e-05
2.15823e-05
2.59792e-05
3.12127e-05
3.743e-05
4.48015e-05
5.35247e-05
6.38275e-05
7.59726e-05
9.0262e-05
0.000107043
0.000126712
0.000149723
0.000176595
0.000207917
0.00024436
0.000286683
0.00033575
0.000392532
0.000458129
0.000533778
0.00062087
0.000720969
0.000835828
0.000967407
0.0011179
0.00128976
0.00148571
0.00170879
0.00196238
0.00225025
0.00257654
0.00294589
0.0033634
0.00383472
0.00436609
0.0049644
0.00563723
0.00639294
0.00724073
0.00819067
0.00925384
0.0104424
0.0117696
0.0132499
0.0148993
0.0167349
0.0187757
0.0210421
0.0235562
0.0263422
0.029426
0.0328358
0.0366018
0.0407566
0.0453351
0.0503747
0.0559152
0.0619991
0.0686713
0.0759796
0.0839741
0.0927074
0.102235
0.112613
0.123903
0.136165
0.149461
0.163858
0.179419
0.19621
0.214298
0.233747
0.254622
0.276986
0.300899
0.326418
0.353596
0.382481
0.413114
0.445528
0.479749
0.51579
0.553652
0.593323
0.634776
0.677968
0.722842
0.769327
0.817341
0.866798
0.91761
0.969691
1.02297
1.07737
1.13283
1.18924
1.24647
1.30424
1.36211
1.41938
1.47502
1.52763
1.57542
1.61632
1.64809
1.66858
1.67606
1.8705
