0.0946593
0.0947538
0.0948793
0.0950377
0.0952309
0.0954599
0.0957257
0.0960285
0.0963679
0.0967433
0.0971532
0.0975959
0.0980694
0.098571
0.0990983
0.0996485
0.100219
0.100806
0.101409
0.102023
0.102646
0.103275
0.103908
0.104542
0.105174
0.105801
0.106421
0.10703
0.107626
0.108205
0.108766
0.109306
0.109822
0.110313
0.110777
0.111214
0.111623
0.112004
0.112358
0.112686
0.11299
0.113271
0.113531
0.113774
0.114
0.114214
0.114417
0.114612
0.1148
0.114984
0.115165
0.115345
0.115524
0.115703
0.115882
0.116061
0.11624
0.116418
0.116595
0.11677
0.11694
0.117106
0.117265
0.117416
0.117557
0.117686
0.117803
0.117904
0.117989
0.118055
0.118102
0.118128
0.118132
0.118114
0.118071
0.118005
0.117916
0.117803
0.117668
0.117512
0.117337
0.117144
0.116936
0.116715
0.116485
0.116247
0.116006
0.115765
0.115526
0.115294
0.11507
0.114859
0.114662
0.114482
0.114322
0.114183
0.114066
0.113972
0.113902
0.113856
0.113832
0.113831
0.113852
0.113892
0.113949
0.114022
0.114109
0.114206
0.11431
0.114421
0.114534
0.114646
0.114757
0.114863
0.114962
0.115052
0.115132
0.115201
0.115258
0.115302
0.115333
0.115351
0.115358
0.115352
0.115336
0.115312
0.11528
0.115243
0.115202
0.11516
0.115119
0.115082
0.11505
0.115026
0.115012
0.115009
0.11502
0.115046
0.115088
0.115148
0.115225
0.11532
0.115434
0.115566
0.115714
0.115879
0.11606
0.116253
0.116458
0.116673
0.116896
0.117125
0.117356
0.117589
0.117821
0.118049
0.118272
0.118488
0.118695
0.118892
0.119077
0.119249
0.119408
0.119553
0.119685
0.119802
0.119907
0.119999
0.120078
0.120148
0.120207
0.120259
0.120303
0.120342
0.120377
0.120409
0.120441
0.120472
0.120504
0.120539
0.120576
0.120617
0.120663
0.120712
0.120767
0.120826
0.120889
0.120956
0.121026
0.1211
0.121175
0.121251
0.121328
0.121404
0.121479
0.121551
0.12162
0.121685
0.121746
0.121801
0.12185
0.121894
0.121932
0.121964
0.121991
0.122014
0.122032
0.122048
0.122061
0.122074
0.122088
0.122103
0.122121
0.122144
0.122172
0.122207
0.12225
0.122301
0.122361
0.12243
0.122509
0.122598
0.122695
0.122802
0.122916
0.123037
0.123165
0.123297
0.123433
0.123571
0.12371
0.123847
0.123983
0.124115
0.124241
0.12436
0.124471
0.124572
0.124663
0.124742
0.124808
0.124861
0.124901
0.124928
0.124943
0.124946
0.124938
0.124921
0.124897
0.124867
0.124836
0.124804
0.124776
0.124754
0.124741
0.124741
0.124757
0.124792
0.124848
0.124927
0.125033
0.125167
0.125331
0.125525
0.125751
0.126008
0.126297
0.126617
0.126967
0.127346
0.127754
0.128187
0.128644
0.129123
0.129623
0.130139
0.130671
0.131214
0.131767
0.132327
0.132892
0.133458
0.134024
0.134587
0.135145
0.135697
0.13624
0.136773
0.137295
0.137806
0.138304
0.138789
0.13926
0.139717
0.140161
0.14059
0.141004
0.141404
0.141789
0.156026
