0.104761
0.104645
0.104664
0.104811
0.105067
0.10541
0.105809
0.106234
0.106657
0.107054
0.107405
0.107699
0.107931
0.108103
0.10822
0.108292
0.108328
0.10834
0.108334
0.108317
0.108292
0.108259
0.108216
0.10816
0.108089
0.107999
0.107889
0.107758
0.107609
0.107447
0.107278
0.107108
0.106948
0.106806
0.106691
0.106611
0.106572
0.106581
0.106639
0.106749
0.106908
0.107113
0.107358
0.107638
0.107943
0.108265
0.108593
0.108917
0.109229
0.109519
0.109781
0.110009
0.1102
0.110352
0.110468
0.110551
0.110609
0.11065
0.110687
0.110735
0.110808
0.110924
0.111102
0.111361
0.11172
0.112196
0.112809
0.113572
0.114501
0.115607
0.116899
0.118383
0.120061
0.121934
0.123996
0.12624
0.128655
0.131227
0.133938
0.136768
0.139692
0.142685
0.145719
0.148763
0.151786
0.154756
0.15764
0.160405
0.163018
0.165448
0.167664
0.16964
0.171348
0.172768
0.17388
0.174671
0.17513
0.175252
0.175038
0.174494
0.173629
0.172461
0.171011
0.169305
0.167373
0.16525
0.162971
0.160577
0.158107
0.155603
0.153104
0.15065
0.148276
0.146015
0.143897
0.141947
0.140185
0.138627
0.137281
0.136152
0.135242
0.134544
0.134049
0.133746
0.133617
0.133643
0.133805
0.13408
0.134444
0.134875
0.135349
0.135844
0.136337
0.136808
0.137239
0.13761
0.137908
0.138116
0.138225
0.138223
0.138103
0.137859
0.137486
0.136983
0.136349
0.135586
0.134698
0.133689
0.132567
0.131338
0.130012
0.1286
0.127111
0.125558
0.123953
0.122306
0.120632
0.11894
0.117244
0.115553
0.113878
0.112229
0.110614
0.109043
0.107521
0.106056
0.104653
0.103317
0.102053
0.100864
0.0997534
0.0987234
0.0977761
0.0969131
0.0961356
0.0954444
0.0948397
0.0943216
0.0938898
0.0935436
0.093282
0.0931038
0.0930073
0.0929906
0.0930515
0.0931874
0.0933956
0.0936731
0.0940165
0.0944223
0.0948868
0.095406
0.0959755
0.0965909
0.0972474
0.0979397
0.0986626
0.0994101
0.100176
0.100955
0.101738
0.10252
0.103293
0.104049
0.104781
0.105482
0.106145
0.106762
0.107328
0.107838
0.108286
0.108669
0.108985
0.109232
0.109409
0.109516
0.109554
0.109525
0.10943
0.109272
0.109054
0.108778
0.108446
0.108063
0.107631
0.107154
0.106637
0.106086
0.105506
0.104906
0.104295
0.103684
0.103084
0.102509
0.101971
0.101484
0.101062
0.100715
0.100455
0.100289
0.100222
0.100257
0.100393
0.100626
0.100948
0.101351
0.101823
0.102351
0.102922
0.103523
0.104141
0.104765
0.105387
0.105998
0.106595
0.107174
0.107737
0.108283
0.108815
0.109337
0.10985
0.110359
0.110864
0.111365
0.111862
0.112353
0.112833
0.113301
0.113751
0.114181
0.11459
0.114977
0.115345
0.1157
0.116048
0.1164
0.116766
0.11716
0.117593
0.118078
0.118623
0.119237
0.119924
0.120683
0.121511
0.1224
0.123339
0.124313
0.125303
0.126291
0.127255
0.128174
0.129027
0.129794
0.130456
0.130998
0.131407
0.131673
0.131788
0.145362
