0.0920632
0.092131
0.0922364
0.0923801
0.0925622
0.0927823
0.0930395
0.0933325
0.0936599
0.0940199
0.0944108
0.0948307
0.0952779
0.0957507
0.0962475
0.0967668
0.0973071
0.0978668
0.0984443
0.0990379
0.0996454
0.100265
0.100894
0.10153
0.10217
0.102812
0.103453
0.10409
0.10472
0.105342
0.105952
0.10655
0.107133
0.107702
0.108254
0.108791
0.109311
0.109815
0.110305
0.110779
0.111239
0.111686
0.11212
0.112542
0.112952
0.11335
0.113737
0.114112
0.114476
0.114828
0.115167
0.115494
0.115808
0.116109
0.116396
0.116669
0.116927
0.117171
0.117399
0.117612
0.117808
0.117989
0.118152
0.118297
0.118425
0.118534
0.118623
0.118692
0.11874
0.118767
0.118771
0.118753
0.118712
0.118649
0.118562
0.118453
0.118321
0.118168
0.117995
0.117802
0.117592
0.117365
0.117124
0.116871
0.116608
0.116337
0.116061
0.115781
0.1155
0.115222
0.114946
0.114677
0.114417
0.114166
0.113927
0.113702
0.113492
0.113298
0.113122
0.112963
0.112823
0.112703
0.112601
0.112519
0.112457
0.112412
0.112386
0.112378
0.112386
0.112409
0.112448
0.112499
0.112562
0.112636
0.11272
0.112812
0.11291
0.113014
0.113122
0.113233
0.113347
0.113462
0.113577
0.113693
0.113808
0.113922
0.114035
0.114147
0.114258
0.114368
0.114478
0.114587
0.114697
0.114807
0.114918
0.11503
0.115143
0.115258
0.115376
0.115495
0.115617
0.11574
0.115866
0.115993
0.116123
0.116253
0.116384
0.116516
0.116648
0.116779
0.116909
0.117037
0.117163
0.117286
0.117405
0.11752
0.117629
0.117733
0.117831
0.117922
0.118006
0.118081
0.118149
0.118208
0.118258
0.1183
0.118333
0.118357
0.118374
0.118383
0.118385
0.118382
0.118373
0.118359
0.118343
0.118325
0.118306
0.118287
0.118269
0.118255
0.118243
0.118236
0.118235
0.11824
0.118252
0.118271
0.118299
0.118335
0.118379
0.118433
0.118495
0.118566
0.118647
0.118736
0.118834
0.11894
0.119054
0.119176
0.119305
0.119441
0.119582
0.11973
0.119882
0.120038
0.120199
0.120362
0.120527
0.120695
0.120863
0.121032
0.1212
0.121369
0.121536
0.121701
0.121865
0.122026
0.122184
0.122338
0.122489
0.122636
0.122777
0.122913
0.123043
0.123166
0.123281
0.12339
0.123489
0.123581
0.123663
0.123737
0.123802
0.123858
0.123906
0.123946
0.12398
0.124007
0.124029
0.124048
0.124064
0.124079
0.124095
0.124112
0.124134
0.12416
0.124193
0.124234
0.124286
0.12435
0.124427
0.12452
0.12463
0.124759
0.12491
0.125083
0.125281
0.125505
0.125758
0.12604
0.126353
0.126699
0.127077
0.12749
0.127936
0.128416
0.128929
0.129475
0.130052
0.130659
0.131294
0.131954
0.132638
0.133343
0.134066
0.134804
0.135555
0.136315
0.137082
0.137854
0.138627
0.139398
0.140166
0.140929
0.141683
0.142426
0.143158
0.143875
0.144576
0.145258
0.145922
0.146564
0.147183
0.147778
0.148348
0.148892
0.149407
0.149893
0.150349
0.150772
0.151162
0.166236
