0.167218
0.169177
0.171053
0.172827
0.17448
0.175993
0.17735
0.178535
0.179535
0.180339
0.180938
0.181324
0.181493
0.181443
0.181173
0.180685
0.179983
0.179072
0.177962
0.176661
0.17518
0.173533
0.171733
0.169796
0.167738
0.165579
0.163335
0.161027
0.158674
0.156296
0.153912
0.151542
0.149204
0.146914
0.144689
0.142542
0.140483
0.138523
0.136668
0.134921
0.133285
0.131758
0.130338
0.12902
0.127797
0.126663
0.12561
0.124628
0.12371
0.122848
0.122033
0.12126
0.120522
0.119814
0.119131
0.118469
0.117826
0.117199
0.116585
0.115983
0.115392
0.114809
0.114233
0.113663
0.113099
0.112538
0.11198
0.111424
0.110871
0.110318
0.109768
0.109219
0.108672
0.108128
0.107587
0.10705
0.106517
0.105989
0.105465
0.104946
0.104431
0.103919
0.103409
0.1029
0.10239
0.101878
0.101362
0.100842
0.100315
0.0997822
0.0992426
0.0986969
0.098146
0.0975917
0.0970362
0.0964824
0.0959338
0.0953945
0.0948692
0.0943627
0.0938804
0.0934279
0.0930111
0.0926357
0.0923076
0.0920328
0.0918168
0.091665
0.0915824
0.0915735
0.0916425
0.0917926
0.0920264
0.0923458
0.0927515
0.0932436
0.0938209
0.0944811
0.0952211
0.0960364
0.0969216
0.0978704
0.0988753
0.0999283
0.10102
0.102142
0.103284
0.104435
0.105586
0.106726
0.107845
0.108934
0.109983
0.110986
0.111933
0.112818
0.113637
0.114384
0.115056
0.115652
0.11617
0.116611
0.116975
0.117267
0.117489
0.117646
0.117743
0.117788
0.117787
0.117748
0.117679
0.117588
0.117484
0.117375
0.117271
0.117178
0.117105
0.117058
0.117043
0.117066
0.117129
0.117237
0.11739
0.117589
0.117832
0.118119
0.118444
0.118805
0.119194
0.119607
0.120036
0.120474
0.120913
0.121346
0.121765
0.122163
0.122534
0.122871
0.123171
0.123428
0.123641
0.123807
0.123927
0.124
0.12403
0.12402
0.123974
0.123897
0.123795
0.123677
0.123549
0.123419
0.123296
0.123187
0.123102
0.123047
0.123029
0.123054
0.123127
0.123252
0.123431
0.123666
0.123955
0.124296
0.124685
0.125118
0.125586
0.126081
0.126595
0.127116
0.127634
0.128136
0.128611
0.129046
0.12943
0.129751
0.13
0.130167
0.130244
0.130224
0.130102
0.129875
0.129541
0.129098
0.12855
0.127899
0.127148
0.126304
0.125375
0.124366
0.123289
0.122151
0.120964
0.119738
0.118483
0.11721
0.115931
0.114655
0.113394
0.112156
0.110952
0.10979
0.108678
0.107623
0.106633
0.105713
0.104867
0.104099
0.103412
0.102807
0.102285
0.101845
0.101485
0.101202
0.100992
0.10085
0.10077
0.100744
0.100765
0.100825
0.100913
0.101021
0.101139
0.101258
0.101368
0.101461
0.10153
0.101569
0.101574
0.101541
0.10147
0.101362
0.101219
0.101045
0.100845
0.100625
0.10039
0.100146
0.0998992
0.0996533
0.0994119
0.0991772
0.0989506
0.0987323
0.0985224
0.0983202
0.0981257
0.0979388
0.0977604
0.0975922
0.0974366
0.0972969
0.0971766
0.0970796
0.0970095
0.0969691
0.0969605
0.0969845
0.0970404
0.108689
