6.60379e-14
5.74004e-14
6.07782e-14
7.30584e-14
9.39839e-14
1.24917e-13
1.68484e-13
2.28614e-13
3.10794e-13
4.22498e-13
5.7379e-13
7.78156e-13
1.05359e-12
1.42404e-12
1.9213e-12
2.58751e-12
3.47837e-12
4.6674e-12
6.25144e-12
8.35773e-12
1.11533e-11
1.48566e-11
1.97535e-11
2.62165e-11
3.47306e-11
4.59257e-11
6.06188e-11
7.9867e-11
1.05035e-10
1.37884e-10
1.80676e-10
2.3632e-10
3.08539e-10
4.02097e-10
5.23074e-10
6.79218e-10
8.80376e-10
1.13905e-09
1.47105e-09
1.8964e-09
2.44033e-09
3.1346e-09
4.01913e-09
5.14399e-09
6.57181e-09
8.38087e-09
1.06687e-08
1.35567e-08
1.71955e-08
2.17719e-08
2.7517e-08
3.47157e-08
4.37193e-08
5.49595e-08
6.89662e-08
8.6388e-08
1.08018e-07
1.34822e-07
1.67979e-07
2.08917e-07
2.59369e-07
3.21433e-07
3.97641e-07
4.91043e-07
6.05309e-07
7.44843e-07
9.14918e-07
1.12184e-06
1.37312e-06
1.67772e-06
2.04627e-06
2.49138e-06
3.02796e-06
3.67362e-06
4.44911e-06
5.37882e-06
6.49138e-06
7.8203e-06
9.40473e-06
1.12903e-05
1.35303e-05
1.61862e-05
1.93295e-05
2.30429e-05
2.74218e-05
3.25757e-05
3.86309e-05
4.57317e-05
5.40434e-05
6.37547e-05
7.50802e-05
8.8264e-05
0.000103583
0.000121349
0.000141917
0.000165683
0.000193095
0.000224653
0.000260917
0.000302512
0.000350135
0.000404556
0.000466632
0.000537309
0.000617628
0.000708737
0.000811894
0.000928474
0.00105998
0.00120805
0.00137446
0.00156112
0.00177013
0.00200371
0.00226428
0.0025544
0.00287684
0.00323451
0.00363053
0.0040682
0.00455099
0.00508257
0.00566678
0.00630762
0.00700928
0.00777611
0.00861258
0.00952334
0.0105131
0.0115868
0.0127494
0.0140058
0.0153612
0.0168206
0.0183892
0.020072
0.021874
0.0238001
0.0258552
0.0280439
0.0303706
0.0328397
0.0354552
0.0382208
0.0411399
0.0442157
0.0474509
0.0508478
0.0544084
0.0581341
0.062026
0.0660847
0.0703102
0.074702
0.0792593
0.0839805
0.0888635
0.093906
0.0991046
0.104456
0.109956
0.115599
0.121381
0.127295
0.133336
0.139496
0.145769
0.152145
0.158617
0.165177
0.171813
0.178517
0.185279
0.192086
0.198929
0.205795
0.212672
0.219548
0.226409
0.233244
0.240038
0.246778
0.253452
0.260044
0.266542
0.272934
0.279205
0.285345
0.291341
0.297181
0.302857
0.308359
0.313677
0.318806
0.323738
0.328469
0.332995
0.337313
0.341422
0.34532
0.349009
0.352489
0.355762
0.358828
0.361692
0.364352
0.366812
0.369072
0.37113
0.372986
0.374637
0.376077
0.377302
0.378304
0.379074
0.379602
0.379878
0.379892
0.379631
0.379087
0.37825
0.377116
0.375679
0.373941
0.371906
0.369585
0.366992
0.364149
0.361082
0.357823
0.354411
0.350885
0.347291
0.343674
0.340079
0.336549
0.333122
0.32983
0.326695
0.323726
0.320921
0.318264
0.31572
0.313243
0.310767
0.308217
0.305503
0.302529
0.299194
0.295398
0.291045
0.286055
0.280361
0.273923
0.266729
0.258805
0.250213
0.24106
0.231497
0.221718
0.211956
0.202479
0.193574
0.185538
0.178652
0.173165
0.169266
0.167055
0.166524
0.167533
0.169804
0.172919
0.176338
0.179432
0.181528
0.181972
0.180192
0.175766
0.168472
0.158326
0.14559
0.13075
0.114472
0.0975276
0.0807107
0.0647575
0.0502721
0.0376786
0.0271988
0.0188599
0.0125249
0.00794044
0.00478889
0.00273838
0.00148143
0.000759703
0.000374477
0.000185397
0.000101663
7.82505e-05
