0.439001
0.442977
0.444945
0.44477
0.442498
0.438321
0.432532
0.42548
0.417518
0.408979
0.400144
0.391239
0.382427
0.37382
0.365483
0.357448
0.349725
0.342311
0.335197
0.32837
0.321822
0.315545
0.309535
0.303788
0.298303
0.293078
0.288111
0.283395
0.278926
0.274695
0.270689
0.266896
0.263301
0.259886
0.256633
0.253522
0.250533
0.247645
0.244836
0.242087
0.239375
0.236683
0.233989
0.231277
0.228529
0.225729
0.222864
0.21992
0.216888
0.213758
0.210523
0.207178
0.203721
0.20015
0.196468
0.192677
0.188784
0.184796
0.180722
0.176576
0.17237
0.168119
0.163841
0.159553
0.155277
0.151031
0.146839
0.142723
0.138705
0.134808
0.131057
0.127475
0.124083
0.120905
0.117961
0.115271
0.112854
0.110728
0.108906
0.107402
0.106227
0.105389
0.104892
0.104741
0.104932
0.105465
0.10633
0.107518
0.109016
0.110806
0.112869
0.115181
0.117716
0.120445
0.123338
0.126359
0.129473
0.132643
0.13583
0.138995
0.142097
0.145098
0.147957
0.150637
0.153101
0.155313
0.157242
0.158857
0.160131
0.161043
0.161571
0.161701
0.161422
0.160727
0.159613
0.158083
0.156142
0.153803
0.151079
0.147989
0.144556
0.140806
0.136767
0.13247
0.12795
0.123241
0.118382
0.113409
0.108363
0.103283
0.0982076
0.0931769
0.0882296
0.0834037
0.0787365
0.0742641
0.0700214
0.0660419
0.0623575
0.0589987
0.0559938
0.0533698
0.0511511
0.0493603
0.0480174
0.0471398
0.0467417
0.0468345
0.0474256
0.0485186
0.0501126
0.0522019
0.0547756
0.0578171
0.0613039
0.0652073
0.0694922
0.074117
0.0790337
0.084188
0.0895198
0.0949637
0.10045
0.105905
0.111251
0.116413
0.121312
0.125871
0.130018
0.133683
0.136804
0.139325
0.141198
0.142387
0.142864
0.142616
0.141637
0.139937
0.137535
0.134463
0.130762
0.126484
0.121687
0.116438
0.110807
0.10487
0.0987022
0.0923801
0.0859786
0.0795695
0.0732203
0.0669928
0.0609428
0.0551187
0.0495616
0.0443049
0.0393743
0.0347882
0.0305582
0.0266896
0.0231823
0.0200317
0.0172297
0.014766
0.0126287
0.0108061
0.00928741
0.0080639
0.00713015
0.00648484
0.00613161
0.00607964
0.00634411
0.00694619
0.00791284
0.00927596
0.0110712
0.0133362
0.0161082
0.0194207
0.0233008
0.0277646
0.0328135
0.0384299
0.0445739
0.05118
0.0581551
0.0653779
0.0727002
0.0799497
0.0869351
0.0934531
0.0992972
0.104267
0.108181
0.110883
0.112255
0.112227
0.110776
0.107936
0.103793
0.09848
0.092175
0.0850862
0.0774424
0.0694803
0.0614317
0.0535119
0.0459104
0.0387833
0.0322488
0.0263862
0.0212366
0.0168068
0.013074
0.00999282
0.00750141
0.0055282
0.00399771
0.0028354
0.00197138
0.00134291
0.00089576
0.000584712
0.000373264
0.000232871
0.00014188
8.43509e-05
4.88943e-05
2.7608e-05
1.51704e-05
8.10385e-06
4.20367e-06
2.11484e-06
1.03053e-06
4.85686e-07
2.21042e-07
9.69769e-08
4.09368e-08
1.65922e-08
6.44209e-09
2.38981e-09
8.44612e-10
2.8346e-10
9.00044e-11
2.69239e-11
7.55089e-12
1.97416e-12
4.77951e-13
1.06299e-13
2.15079e-14
3.91155e-15
6.29669e-16
8.79266e-17
1.03597e-17
9.89219e-19
7.18112e-20
3.52524e-21
8.78405e-23
3.41081e-27
