9.30504e-05
8.30905e-05
7.92231e-05
7.97907e-05
8.38525e-05
9.09092e-05
0.000100738
0.000113299
0.000128676
0.000147049
0.000168672
0.000193871
0.000223032
0.000256604
0.000295102
0.000339105
0.000389262
0.000446293
0.000510998
0.000584258
0.00066704
0.000760407
0.000865516
0.00098363
0.00111612
0.00126447
0.00143029
0.0016153
0.00182137
0.00205048
0.00230477
0.00258651
0.00289811
0.00324213
0.00362126
0.00403835
0.00449639
0.00499851
0.00554797
0.00614815
0.00680256
0.00751483
0.00828866
0.00912787
0.0100363
0.011018
0.0120767
0.0132166
0.0144415
0.0157555
0.0171622
0.0186656
0.0202692
0.0219765
0.0237908
0.0257152
0.0277525
0.0299052
0.0321754
0.0345649
0.0370752
0.0397073
0.0424616
0.0453381
0.0483363
0.0514553
0.0546932
0.058048
0.0615168
0.0650963
0.0687823
0.0725703
0.076455
0.0804307
0.0844911
0.0886292
0.0928377
0.0971088
0.101434
0.105805
0.110214
0.11465
0.119104
0.123568
0.128031
0.132485
0.13692
0.141327
0.145697
0.150023
0.154296
0.158508
0.162653
0.166724
0.170716
0.174623
0.178442
0.182168
0.185799
0.189333
0.192769
0.196105
0.199342
0.202479
0.205519
0.208463
0.211312
0.214069
0.216736
0.219315
0.22181
0.224221
0.226552
0.228804
0.230978
0.233076
0.235097
0.237041
0.238908
0.240695
0.242399
0.244018
0.245547
0.246982
0.248318
0.249548
0.250666
0.251665
0.25254
0.253283
0.253888
0.254347
0.254657
0.254812
0.254807
0.254641
0.254311
0.253818
0.253163
0.252349
0.251383
0.25027
0.249021
0.247646
0.246159
0.244573
0.242906
0.241176
0.239401
0.237603
0.235801
0.234017
0.232271
0.230586
0.228979
0.227471
0.226076
0.224809
0.223683
0.222706
0.221883
0.221216
0.220704
0.22034
0.220115
0.220014
0.22002
0.220112
0.220263
0.220446
0.22063
0.220782
0.220868
0.220853
0.220701
0.220378
0.219851
0.219088
0.218063
0.216752
0.215136
0.213202
0.21094
0.208351
0.20544
0.20222
0.198711
0.194941
0.190944
0.186763
0.182446
0.178046
0.173623
0.16924
0.164962
0.160856
0.15699
0.153428
0.150234
0.147464
0.145168
0.143387
0.142155
0.14149
0.1414
0.141877
0.142901
0.144434
0.146425
0.148808
0.151503
0.15442
0.157457
0.160503
0.163446
0.166167
0.168553
0.170492
0.171881
0.172627
0.172652
0.171893
0.170307
0.167868
0.164574
0.16044
0.155506
0.149826
0.143476
0.136546
0.129139
0.121369
0.113359
0.105237
0.097133
0.0891805
0.0815113
0.0742558
0.0675422
0.061495
0.0562349
0.0518775
0.0485318
0.0462978
0.0452634
0.0454995
0.0470541
0.0499455
0.0541543
0.0596158
0.0662127
0.0737699
0.0820522
0.0907661
0.0995664
0.108069
0.115867
0.122555
0.127754
0.131139
0.132463
0.131579
0.128457
0.123186
0.115973
0.107129
0.0970419
0.08615
0.0749072
0.0637497
0.0530657
0.0431723
0.0343006
0.0265907
0.0200946
0.0147879
0.010586
0.00736253
0.00496826
0.00324803
0.00205379
0.00125373
0.000737325
0.000416763
0.000225796
0.000116891
5.76104e-05
2.6916e-05
1.18602e-05
4.89857e-06
1.88211e-06
6.66336e-07
2.14736e-07
6.19762e-08
1.56626e-08
3.35276e-09
5.76286e-10
7.2047e-11
5.17194e-12
1.03304e-13
