0.0961142
0.0962304
0.0963734
0.0965449
0.0967468
0.0969806
0.0972475
0.0975483
0.0978831
0.0982518
0.0986535
0.099087
0.0995504
0.100042
0.100558
0.101097
0.101655
0.102229
0.102817
0.103415
0.10402
0.104629
0.105239
0.105848
0.106453
0.107051
0.107639
0.108214
0.108775
0.109318
0.109841
0.110341
0.110818
0.111268
0.11169
0.112084
0.112449
0.112785
0.113092
0.113371
0.113623
0.113851
0.114057
0.114243
0.114411
0.114566
0.114709
0.114843
0.114971
0.115096
0.115219
0.115342
0.115468
0.115596
0.115728
0.115864
0.116003
0.116146
0.116291
0.116438
0.116584
0.11673
0.116873
0.117011
0.117143
0.117266
0.117379
0.11748
0.117568
0.117639
0.117694
0.11773
0.117747
0.117743
0.117718
0.117671
0.117603
0.117514
0.117404
0.117275
0.117128
0.116965
0.116788
0.1166
0.116403
0.1162
0.115995
0.11579
0.115588
0.115393
0.115207
0.115035
0.114877
0.114737
0.114616
0.114516
0.114438
0.114383
0.114351
0.114342
0.114355
0.11439
0.114444
0.114515
0.114603
0.114703
0.114814
0.114932
0.115055
0.115179
0.115302
0.115422
0.115534
0.115638
0.11573
0.11581
0.115875
0.115924
0.115957
0.115974
0.115974
0.115958
0.115927
0.115882
0.115824
0.115756
0.11568
0.115597
0.115511
0.115424
0.115339
0.115258
0.115184
0.11512
0.115069
0.115032
0.115012
0.11501
0.115029
0.115068
0.115131
0.115215
0.115323
0.115453
0.115604
0.115777
0.115969
0.116178
0.116403
0.116642
0.116891
0.117149
0.117413
0.11768
0.117948
0.118214
0.118475
0.118731
0.118977
0.119214
0.119439
0.119651
0.119849
0.120034
0.120204
0.120359
0.120501
0.12063
0.120746
0.120851
0.120945
0.121031
0.121109
0.12118
0.121247
0.121311
0.121372
0.121431
0.121491
0.121552
0.121613
0.121677
0.121743
0.121811
0.121881
0.121953
0.122027
0.122101
0.122176
0.12225
0.122323
0.122393
0.122459
0.122521
0.122576
0.122626
0.122667
0.1227
0.122724
0.122739
0.122745
0.122741
0.122728
0.122706
0.122677
0.12264
0.122599
0.122553
0.122505
0.122456
0.122408
0.122363
0.122322
0.122289
0.122263
0.122247
0.122243
0.12225
0.122271
0.122306
0.122356
0.12242
0.122498
0.12259
0.122696
0.122814
0.122944
0.123083
0.123231
0.123386
0.123545
0.123707
0.123869
0.124029
0.124184
0.124334
0.124474
0.124604
0.124721
0.124824
0.12491
0.12498
0.125031
0.125065
0.12508
0.125077
0.125058
0.125023
0.124974
0.124914
0.124845
0.12477
0.124691
0.124613
0.124538
0.124469
0.12441
0.124365
0.124335
0.124324
0.124334
0.124368
0.124427
0.124513
0.124627
0.12477
0.124942
0.125143
0.125374
0.125633
0.125919
0.126232
0.12657
0.126931
0.127314
0.127716
0.128135
0.128568
0.129014
0.12947
0.129934
0.130402
0.130873
0.131345
0.131816
0.132284
0.132748
0.133206
0.133658
0.134103
0.13454
0.13497
0.135391
0.135804
0.13621
0.136607
0.136998
0.137381
0.137758
0.151629
