1.41899e-09
1.23868e-09
1.24192e-09
1.37618e-09
1.62409e-09
1.98745e-09
2.48045e-09
3.12732e-09
3.96194e-09
5.02879e-09
6.38468e-09
8.10117e-09
1.02678e-08
1.29958e-08
1.64234e-08
2.07213e-08
2.61004e-08
3.28201e-08
4.11992e-08
5.16286e-08
6.45866e-08
8.06576e-08
1.00554e-07
1.25141e-07
1.55472e-07
1.92822e-07
2.38732e-07
2.95065e-07
3.64062e-07
4.4842e-07
5.51377e-07
6.76808e-07
8.29347e-07
1.01452e-06
1.23892e-06
1.51035e-06
1.8381e-06
2.23315e-06
2.70847e-06
3.27934e-06
3.96377e-06
4.78287e-06
5.76139e-06
6.92829e-06
8.31735e-06
9.96793e-06
1.19258e-05
1.42439e-05
1.69838e-05
2.02163e-05
2.40233e-05
2.84989e-05
3.3751e-05
3.99035e-05
4.70979e-05
5.54954e-05
6.52798e-05
7.66599e-05
8.98722e-05
0.000105184
0.000122898
0.000143353
0.000166932
0.000194063
0.000225225
0.000260953
0.000301841
0.000348553
0.00040182
0.000462454
0.000531348
0.000609488
0.000697954
0.000797929
0.000910707
0.0010377
0.00118043
0.00134057
0.00151991
0.00172038
0.00194408
0.00219323
0.00247023
0.00277762
0.00311812
0.0034946
0.0039101
0.00436781
0.00487111
0.00542351
0.00602869
0.00669045
0.00741275
0.00819967
0.0090554
0.00998423
0.0109905
0.0120787
0.0132532
0.0145186
0.0158792
0.0173397
0.0189042
0.0205772
0.0223626
0.0242647
0.0262871
0.0284333
0.0307068
0.0331105
0.0356471
0.0383189
0.0411279
0.0440755
0.0471629
0.0503906
0.0537586
0.0572667
0.0609138
0.0646986
0.0686189
0.0726723
0.0768558
0.0811657
0.085598
0.090148
0.0948108
0.0995809
0.104452
0.109419
0.114474
0.119611
0.124823
0.130101
0.135439
0.140829
0.146263
0.151734
0.157232
0.162751
0.168282
0.173818
0.17935
0.184871
0.190372
0.195847
0.201287
0.206684
0.212032
0.217321
0.222544
0.227694
0.232762
0.23774
0.242621
0.247396
0.252056
0.256594
0.261001
0.265269
0.269389
0.273354
0.277156
0.280786
0.284238
0.287505
0.290581
0.293462
0.296141
0.298617
0.300887
0.30295
0.304807
0.30646
0.307911
0.309167
0.310232
0.311116
0.311826
0.312375
0.312772
0.313031
0.313164
0.313184
0.313105
0.312939
0.312699
0.312396
0.312039
0.311636
0.311193
0.310712
0.310196
0.309641
0.309042
0.308391
0.307678
0.306888
0.306007
0.305015
0.303894
0.302624
0.301184
0.299554
0.297718
0.295658
0.293363
0.290824
0.288039
0.285009
0.281744
0.27826
0.274578
0.27073
0.266752
0.262686
0.258583
0.254495
0.250477
0.24659
0.242888
0.239427
0.236257
0.23342
0.23095
0.228867
0.227182
0.225886
0.224958
0.224358
0.224032
0.223907
0.223899
0.22391
0.223834
0.223557
0.222965
0.221945
0.220391
0.218208
0.215315
0.211652
0.20718
0.201887
0.195789
0.188931
0.181389
0.17327
0.164709
0.15587
0.146944
0.138141
0.129691
0.121834
0.114813
0.108866
0.104213
0.101042
0.0994957
0.0996566
0.101528
0.105023
0.109955
0.116032
0.122862
0.129964
0.136797
0.142785
0.147366
0.150033
0.15038
0.148144
0.143234
0.135744
0.125947
0.114279
0.101291
0.0876027
0.0738417
0.0605889
0.0483306
0.0374259
0.0280908
0.0204007
0.0143077
0.00966892
0.00628019
0.00390911
0.00232378
0.00131383
0.000702991
0.000353804
0.000166201
7.21589e-05
2.85873e-05
1.01649e-05
3.18216e-06
8.70701e-07
2.30172e-07
1.05756e-07
