0.0345124
0.0335448
0.0327089
0.0320225
0.0314993
0.031149
0.0309771
0.0309846
0.0311689
0.0315239
0.03204
0.032705
0.0335037
0.0344188
0.0354312
0.0365201
0.0376639
0.0388406
0.0400285
0.0412067
0.042356
0.0434595
0.0445027
0.0454746
0.0463673
0.0471768
0.0479023
0.0485464
0.0491149
0.0496158
0.0500595
0.0504577
0.0508229
0.051168
0.0515058
0.0518481
0.0522058
0.0525884
0.0530041
0.0534593
0.0539589
0.0545066
0.0551046
0.0557545
0.056457
0.0572124
0.0580212
0.0588836
0.0598006
0.0607734
0.0618039
0.0628943
0.0640472
0.0652654
0.0665514
0.0679071
0.0693335
0.07083
0.0723942
0.0740218
0.0757056
0.077436
0.079201
0.0809857
0.0827736
0.0845463
0.0862846
0.0879692
0.0895816
0.0911046
0.0925239
0.0938284
0.0950109
0.096069
0.097005
0.0978263
0.0985451
0.0991782
0.0997461
0.100273
0.100784
0.101307
0.10187
0.102499
0.103219
0.104054
0.105022
0.106141
0.107422
0.108874
0.110502
0.112308
0.114291
0.116446
0.118768
0.12125
0.123882
0.126654
0.129557
0.13258
0.135711
0.138938
0.142248
0.145627
0.149057
0.152523
0.156004
0.159478
0.162922
0.166309
0.169612
0.1728
0.175843
0.17871
0.181368
0.183787
0.185938
0.187791
0.189324
0.190512
0.191339
0.19179
0.191857
0.191535
0.190825
0.189733
0.188271
0.186453
0.184302
0.181841
0.179099
0.176107
0.172899
0.169511
0.165979
0.16234
0.158631
0.154886
0.15114
0.147424
0.143765
0.140191
0.136722
0.133377
0.130172
0.127118
0.124222
0.121492
0.118928
0.116531
0.1143
0.11223
0.110318
0.108559
0.106946
0.105475
0.104141
0.102937
0.101861
0.100909
0.100078
0.0993664
0.0987731
0.0982976
0.0979397
0.0976998
0.0975783
0.0975756
0.0976921
0.0979276
0.0982817
0.0987532
0.0993403
0.10004
0.10085
0.101764
0.102779
0.103887
0.105082
0.106357
0.107704
0.109114
0.110578
0.112089
0.113637
0.115213
0.11681
0.11842
0.120036
0.121652
0.123262
0.124862
0.126448
0.128017
0.129567
0.131099
0.132609
0.134101
0.135572
0.137026
0.138461
0.13988
0.141283
0.14267
0.144039
0.145391
0.146723
0.148032
0.149314
0.150564
0.151777
0.152945
0.154062
0.15512
0.156111
0.157027
0.157861
0.158606
0.159254
0.159801
0.160242
0.160575
0.1608
0.160915
0.160925
0.160833
0.160644
0.160365
0.160005
0.159573
0.159077
0.158526
0.157931
0.1573
0.156639
0.155957
0.155259
0.154549
0.153833
0.153112
0.152392
0.151674
0.150963
0.150262
0.149576
0.148911
0.148272
0.147666
0.147096
0.146567
0.146082
0.145639
0.145236
0.144867
0.144523
0.144195
0.143869
0.143533
0.143177
0.142792
0.142374
0.141924
0.141447
0.140955
0.140467
0.140005
0.139594
0.139259
0.139027
0.138919
0.138954
0.139141
0.139486
0.139982
0.140618
0.141375
0.142228
0.143148
0.144104
0.145065
0.146
0.146883
0.147692
0.148409
0.149023
0.149529
0.149929
0.150229
0.150439
0.150573
0.150643
0.150662
0.150639
0.150575
0.150469
0.150309
0.150078
0.149752
0.149304
0.16552
