0.0601728
0.0595997
0.0591091
0.058679
0.0582902
0.0579281
0.0575843
0.0572561
0.0569468
0.0566638
0.0564179
0.0562212
0.0560867
0.0560261
0.0560497
0.0561652
0.0563778
0.0566896
0.0570995
0.0576038
0.0581959
0.0588666
0.0596044
0.0603962
0.0612269
0.0620806
0.0629405
0.0637899
0.0646122
0.0653919
0.0661148
0.0667685
0.0673429
0.0678307
0.0682271
0.0685305
0.0687418
0.0688651
0.0689068
0.0688754
0.0687814
0.0686364
0.0684532
0.0682448
0.0680241
0.067804
0.0675963
0.067412
0.0672609
0.0671517
0.0670916
0.0670868
0.0671425
0.0672628
0.0674512
0.0677107
0.0680439
0.0684533
0.0689414
0.0695107
0.070164
0.070904
0.0717335
0.0726549
0.0736705
0.0747818
0.0759894
0.0772929
0.0786904
0.0801784
0.081752
0.0834045
0.0851279
0.0869126
0.0887483
0.0906245
0.0925303
0.0944559
0.0963928
0.0983345
0.100277
0.10222
0.104166
0.106122
0.108098
0.110108
0.112169
0.1143
0.116523
0.11886
0.121332
0.123962
0.126766
0.12976
0.132952
0.136348
0.139945
0.143736
0.147703
0.151825
0.156072
0.160408
0.164792
0.169178
0.173516
0.177753
0.181836
0.185709
0.18932
0.192618
0.195555
0.198088
0.200179
0.201798
0.202918
0.203523
0.203604
0.203157
0.20219
0.200716
0.198756
0.196339
0.1935
0.19028
0.186724
0.182883
0.178808
0.174555
0.170179
0.165736
0.16128
0.156864
0.152536
0.148342
0.144323
0.140514
0.136945
0.133642
0.130622
0.127899
0.125481
0.123369
0.121561
0.120051
0.118827
0.117876
0.11718
0.11672
0.116477
0.116427
0.116549
0.11682
0.117216
0.117715
0.118297
0.118939
0.119623
0.120331
0.121044
0.121749
0.12243
0.123076
0.123676
0.124221
0.124704
0.12512
0.125464
0.125734
0.125929
0.126051
0.126101
0.126083
0.126001
0.125863
0.125675
0.125444
0.125178
0.124888
0.124582
0.124268
0.123957
0.123658
0.123378
0.123125
0.122908
0.122731
0.122601
0.122521
0.122496
0.122526
0.122614
0.122758
0.122958
0.123213
0.123519
0.123872
0.124271
0.124708
0.125182
0.125687
0.126218
0.126773
0.127346
0.127937
0.128541
0.129159
0.12979
0.130433
0.131092
0.131767
0.132463
0.133184
0.133933
0.134718
0.135543
0.136415
0.137338
0.138318
0.13936
0.140466
0.141638
0.142878
0.144184
0.145553
0.14698
0.148458
0.149978
0.151531
0.153104
0.154685
0.156261
0.157818
0.159342
0.160819
0.162237
0.163584
0.164846
0.166011
0.167069
0.168008
0.168814
0.169477
0.169984
0.170321
0.170475
0.170434
0.170186
0.169723
0.169036
0.168124
0.166988
0.165634
0.164073
0.162323
0.160404
0.158341
0.156164
0.153901
0.151581
0.149232
0.146879
0.144543
0.142237
0.139973
0.137753
0.135576
0.133436
0.131323
0.129226
0.127129
0.125021
0.12289
0.120727
0.118527
0.116288
0.114012
0.111707
0.109384
0.107054
0.104732
0.102434
0.100173
0.0979613
0.0958067
0.0937139
0.0916831
0.0897107
0.0877896
0.0859111
0.084066
0.0822468
0.0804495
0.078675
0.0769307
0.0752307
0.0735961
0.0720538
0.0706352
0.0693742
0.075902
