0.101111
0.101338
0.101668
0.102068
0.102499
0.102928
0.103324
0.103664
0.103933
0.104124
0.104237
0.104282
0.104268
0.104209
0.104119
0.104008
0.103887
0.10376
0.103631
0.103497
0.103359
0.103212
0.103055
0.102885
0.102703
0.102511
0.102314
0.102118
0.10193
0.10176
0.101616
0.101507
0.101441
0.101424
0.101459
0.10155
0.101695
0.101891
0.102134
0.102415
0.102726
0.103056
0.103392
0.103723
0.104036
0.104317
0.104557
0.104743
0.104869
0.104926
0.104912
0.104825
0.104666
0.104439
0.104152
0.103814
0.103439
0.103041
0.102637
0.102246
0.101889
0.101586
0.101358
0.101228
0.101216
0.101343
0.101628
0.102089
0.102742
0.103601
0.104678
0.105983
0.107522
0.1093
0.111318
0.113573
0.11606
0.118772
0.121694
0.124813
0.128108
0.131557
0.135134
0.138808
0.142547
0.146314
0.150072
0.15378
0.157395
0.160874
0.164176
0.167258
0.17008
0.172604
0.174797
0.17663
0.17808
0.179129
0.179766
0.179989
0.179801
0.179216
0.178251
0.176933
0.175295
0.173374
0.171213
0.168857
0.166355
0.163756
0.161107
0.158457
0.155849
0.153323
0.150916
0.148659
0.146577
0.144689
0.143008
0.141542
0.140291
0.139253
0.138418
0.137774
0.137304
0.13699
0.136811
0.136742
0.136762
0.136846
0.136971
0.137114
0.137253
0.137369
0.137444
0.137462
0.137407
0.137271
0.137042
0.136715
0.136285
0.135751
0.135114
0.134375
0.13354
0.132616
0.13161
0.130531
0.12939
0.128198
0.126966
0.125705
0.124427
0.123143
0.121862
0.120594
0.119348
0.11813
0.116947
0.115804
0.114704
0.113651
0.112646
0.11169
0.110785
0.109929
0.109123
0.108366
0.107657
0.106996
0.106381
0.105813
0.10529
0.104814
0.104384
0.104001
0.103665
0.103377
0.103137
0.102947
0.102806
0.102716
0.102675
0.102684
0.102742
0.102849
0.103003
0.103202
0.103444
0.103727
0.104048
0.104405
0.104793
0.10521
0.105652
0.106115
0.106596
0.10709
0.107593
0.108102
0.108612
0.109119
0.109617
0.110103
0.110572
0.11102
0.11144
0.11183
0.112185
0.112501
0.112774
0.113003
0.113185
0.113319
0.113404
0.113442
0.113434
0.113382
0.113288
0.113156
0.11299
0.112791
0.112564
0.112311
0.112034
0.111736
0.111419
0.111083
0.11073
0.110363
0.109984
0.109596
0.109205
0.108816
0.108436
0.108074
0.107739
0.107442
0.107192
0.106998
0.106869
0.106812
0.106831
0.106929
0.107103
0.10735
0.107664
0.108034
0.10845
0.108899
0.109367
0.109841
0.110309
0.110759
0.111182
0.111573
0.111927
0.112243
0.112522
0.112769
0.112988
0.113185
0.113367
0.113538
0.113704
0.113867
0.114028
0.114187
0.11434
0.114484
0.114614
0.114724
0.114811
0.11487
0.114903
0.114909
0.114894
0.114866
0.114834
0.114809
0.114806
0.114837
0.114913
0.115047
0.115245
0.115512
0.115848
0.116251
0.116712
0.11722
0.117762
0.11832
0.118876
0.119411
0.119905
0.120339
0.120695
0.120959
0.121116
0.133719
