0.0993978
0.0986025
0.0976794
0.0966665
0.0955992
0.094507
0.0934123
0.0923297
0.0912667
0.090225
0.0892027
0.0881959
0.0872008
0.086215
0.0852389
0.0842754
0.0833309
0.0824138
0.081535
0.0807058
0.0799381
0.0792429
0.0786298
0.0781064
0.0776779
0.0773469
0.0771133
0.0769743
0.0769245
0.0769561
0.0770597
0.0772236
0.0774352
0.0776809
0.0779465
0.078218
0.0784816
0.0787245
0.078935
0.0791034
0.0792215
0.0792836
0.0792864
0.0792288
0.0791122
0.0789405
0.0787195
0.0784568
0.0781618
0.0778447
0.077517
0.0771902
0.0768762
0.0765864
0.0763319
0.0761232
0.0759698
0.0758803
0.0758625
0.0759234
0.0760691
0.0763052
0.076637
0.0770693
0.0776072
0.0782555
0.0790197
0.0799052
0.080918
0.0820643
0.0833504
0.0847828
0.0863677
0.0881108
0.0900169
0.09209
0.0943323
0.0967444
0.0993248
0.10207
0.104973
0.108027
0.111219
0.114536
0.117963
0.121482
0.125074
0.128719
0.132396
0.136082
0.139756
0.143397
0.146983
0.150493
0.153909
0.157212
0.160384
0.163408
0.166269
0.168953
0.171445
0.173734
0.175806
0.177652
0.179263
0.180629
0.181744
0.182605
0.183207
0.18355
0.183636
0.183469
0.183056
0.182407
0.181533
0.180448
0.179168
0.177711
0.176096
0.174341
0.172467
0.170492
0.168436
0.166315
0.164148
0.161947
0.159726
0.157497
0.155269
0.153051
0.150849
0.14867
0.146518
0.144398
0.142315
0.140273
0.138276
0.136329
0.134439
0.13261
0.130848
0.129161
0.127553
0.126033
0.124607
0.12328
0.122059
0.120948
0.119952
0.119074
0.118316
0.117681
0.117169
0.116778
0.116509
0.116357
0.116321
0.116396
0.116577
0.116859
0.117236
0.117702
0.118248
0.118867
0.119551
0.120292
0.12108
0.121906
0.122761
0.123633
0.124513
0.12539
0.126254
0.127094
0.1279
0.12866
0.129366
0.130008
0.130577
0.131065
0.131466
0.131773
0.131982
0.132089
0.132092
0.131991
0.131787
0.131483
0.131082
0.13059
0.130014
0.129362
0.128645
0.127873
0.127058
0.126212
0.125349
0.124482
0.123627
0.122797
0.122006
0.121268
0.120597
0.120006
0.119507
0.11911
0.118826
0.118663
0.118627
0.118724
0.118956
0.119325
0.119829
0.120466
0.121229
0.122113
0.123107
0.124201
0.125382
0.126637
0.127951
0.12931
0.130699
0.132103
0.133509
0.134902
0.13627
0.137601
0.138886
0.140114
0.141277
0.142367
0.143375
0.144294
0.145118
0.145839
0.146452
0.14695
0.14733
0.14759
0.147727
0.147744
0.147644
0.147435
0.147127
0.146731
0.146263
0.145737
0.145171
0.14458
0.143979
0.143378
0.142788
0.142212
0.141649
0.141096
0.140542
0.139974
0.139375
0.138726
0.138007
0.137198
0.136279
0.135234
0.13405
0.132716
0.131229
0.129586
0.127792
0.125854
0.123784
0.121594
0.119298
0.116911
0.114448
0.11192
0.109338
0.106709
0.104042
0.101339
0.0986052
0.0958445
0.0930624
0.0902671
0.0874702
0.0846872
0.0819381
0.0792471
0.0766417
0.0741519
0.0718089
0.0696432
0.0676831
0.0659532
0.0644732
0.0632568
0.0623112
0.0616368
0.0612277
0.0675268
