3.43985e-116
4.90899e-74
1.01611e-71
1.04879e-69
7.19714e-68
3.69413e-66
1.51276e-64
5.14822e-63
1.49764e-61
3.80165e-60
8.55437e-59
1.72762e-57
3.1631e-56
5.29401e-55
8.15618e-54
1.16357e-52
1.54499e-51
1.91784e-50
2.23435e-49
2.45158e-48
2.54117e-47
2.49529e-46
2.32695e-45
2.06547e-44
1.74868e-43
1.41475e-42
1.09567e-41
8.13588e-41
5.80086e-40
3.97684e-39
2.62477e-38
1.66982e-37
1.02506e-36
6.07829e-36
3.48489e-35
1.9336e-34
1.03918e-33
5.41388e-33
2.73626e-32
1.34261e-31
6.40008e-31
2.96583e-30
1.33691e-29
5.86559e-29
2.5062e-28
1.04339e-27
4.23477e-27
1.67639e-26
6.47573e-26
2.44209e-25
8.99464e-25
3.23693e-24
1.13863e-23
3.91646e-23
1.31774e-22
4.33855e-22
1.39825e-21
4.41256e-21
1.36396e-20
4.13096e-20
1.22622e-19
3.5684e-19
1.01833e-18
2.85058e-18
7.82921e-18
2.11034e-17
5.58395e-17
1.45075e-16
3.7017e-16
9.27833e-16
2.28503e-15
5.53043e-15
1.31572e-14
3.07748e-14
7.07844e-14
1.60132e-13
3.56366e-13
7.80327e-13
1.6815e-12
3.56646e-12
7.44687e-12
1.53102e-11
3.09981e-11
6.18172e-11
1.21444e-10
2.35077e-10
4.48414e-10
8.43056e-10
1.56247e-09
2.85507e-09
5.14447e-09
9.14225e-09
1.6026e-08
2.77158e-08
4.72965e-08
7.96534e-08
1.32411e-07
2.173e-07
3.52117e-07
5.63482e-07
8.90669e-07
1.39082e-06
2.14599e-06
3.27239e-06
4.93248e-06
7.35048e-06
1.08319e-05
1.57877e-05
2.27642e-05
3.24789e-05
4.58632e-05
6.41121e-05
8.8743e-05
0.000121661
0.000165235
0.000222381
0.000296656
0.000392358
0.000514642
0.000669639
0.000864589
0.00110798
0.00140971
0.00178123
0.00223574
0.00278837
0.00345636
0.00425928
0.00521921
0.00636098
0.00771236
0.00930424
0.0111708
0.0133498
0.0158824
0.0188134
0.0221913
0.0260682
0.0304995
0.0355436
0.0412619
0.0477178
0.0549766
0.0631043
0.0721669
0.0822295
0.0933548
0.105602
0.119027
0.133677
0.149592
0.166805
0.185335
0.205191
0.226365
0.248837
0.272569
0.297504
0.323568
0.350668
0.37869
0.407503
0.436955
0.466877
0.497083
0.52737
0.557524
0.587318
0.616517
0.64488
0.672166
0.698132
0.722542
0.745165
0.765785
0.7842
0.800227
0.813702
0.824487
0.832473
0.837576
0.839742
0.83895
0.83521
0.828561
0.819074
0.806848
0.792011
0.774715
0.755134
0.733462
0.709911
0.684705
0.658075
0.630262
0.601508
0.572052
0.542131
0.511974
0.481801
0.451818
0.422217
0.393173
0.364846
0.337375
0.310881
0.285465
0.261211
0.238182
0.216423
0.195966
0.176822
0.158991
0.142459
0.1272
0.11318
0.100353
0.0886693
0.0780728
0.0685029
0.0598965
0.0521888
0.0453145
0.0392086
0.0338073
0.0290485
0.0248727
0.021223
0.0180458
0.0152909
0.0129114
0.0108644
0.00911004
0.00761244
0.00633892
0.0052601
0.00434973
0.00358441
0.00294349
0.00240878
0.00196436
0.00159637
0.00129281
0.00104335
0.000839099
0.000672493
0.000537098
0.000427475
0.000339046
0.000267978
0.000211073
0.000165675
0.000129591
0.000101015
7.84672e-05
6.07414e-05
4.68571e-05
3.60213e-05
2.75955e-05
2.10674e-05
1.60279e-05
1.21518e-05
9.18112e-06
6.9127e-06
5.18675e-06
3.87827e-06
2.88986e-06
2.14591e-06
1.58798e-06
1.17104e-06
8.60589e-07
6.30256e-07
4.59977e-07
3.34543e-07
2.42474e-07
1.75136e-07
1.26062e-07
9.04255e-08
6.46392e-08
4.60468e-08
3.2689e-08
2.31261e-08
1.63043e-08
1.14552e-08
8.02048e-09
5.59629e-09
3.89137e-09
2.69657e-09
1.86223e-09
1.28171e-09
8.79259e-10
6.01319e-10
4.10167e-10
2.79356e-10
1.90463e-10
1.30785e-10
9.17605e-11
6.79936e-11
5.69153e-11
6.66262e-11
