0.142415
0.143875
0.145389
0.14696
0.148584
0.150258
0.151977
0.153734
0.155518
0.157319
0.159124
0.160917
0.162684
0.164408
0.166074
0.167663
0.16916
0.170549
0.171816
0.172948
0.173931
0.174756
0.175412
0.175892
0.176188
0.176294
0.176205
0.175918
0.175431
0.174742
0.173851
0.17276
0.171474
0.169998
0.168341
0.166513
0.164527
0.162399
0.160147
0.157789
0.155347
0.152844
0.150301
0.147742
0.145189
0.142663
0.140184
0.13777
0.135437
0.133199
0.131067
0.12905
0.127154
0.125383
0.123739
0.122223
0.120833
0.119567
0.11842
0.117389
0.116468
0.11565
0.11493
0.1143
0.113753
0.113282
0.112878
0.112534
0.11224
0.11199
0.111773
0.111583
0.11141
0.111247
0.111086
0.110921
0.110747
0.110558
0.11035
0.110121
0.109869
0.109593
0.109293
0.10897
0.108627
0.108266
0.107889
0.107501
0.107104
0.106704
0.106305
0.105909
0.105522
0.105147
0.104788
0.104447
0.104129
0.103835
0.103568
0.103329
0.10312
0.102942
0.102795
0.102678
0.102591
0.102532
0.102499
0.10249
0.102501
0.102529
0.102572
0.102623
0.102681
0.102741
0.1028
0.102853
0.102899
0.102935
0.102959
0.102971
0.102969
0.102955
0.102931
0.102898
0.10286
0.102819
0.102782
0.102752
0.102736
0.102737
0.102764
0.10282
0.102912
0.103045
0.103224
0.103453
0.103736
0.104077
0.104478
0.104939
0.105463
0.106049
0.106697
0.107404
0.108167
0.108985
0.109853
0.110767
0.11172
0.112709
0.113726
0.114765
0.11582
0.116884
0.11795
0.11901
0.12006
0.121091
0.122098
0.123075
0.124017
0.124921
0.125782
0.126597
0.127365
0.128085
0.128756
0.12938
0.129957
0.13049
0.130981
0.131434
0.131854
0.132243
0.132605
0.132946
0.13327
0.133578
0.133877
0.134167
0.134452
0.134732
0.13501
0.135286
0.135559
0.135827
0.13609
0.136344
0.136587
0.136815
0.137022
0.137206
0.137359
0.137479
0.137557
0.13759
0.137573
0.137499
0.137364
0.137166
0.136899
0.136563
0.136155
0.135676
0.135125
0.134506
0.133821
0.133074
0.132271
0.131418
0.130521
0.129588
0.128627
0.127645
0.126651
0.125653
0.124656
0.123669
0.122697
0.121744
0.120815
0.119913
0.11904
0.118196
0.117382
0.116598
0.115842
0.115111
0.114404
0.113717
0.113048
0.112393
0.111749
0.111113
0.110482
0.109853
0.109223
0.108591
0.107953
0.107309
0.106656
0.105994
0.10532
0.104635
0.103937
0.103227
0.102503
0.101767
0.101019
0.10026
0.0994907
0.098713
0.0979287
0.0971402
0.09635
0.095561
0.0947763
0.0939991
0.0932329
0.0924809
0.0917465
0.0910328
0.0903428
0.089679
0.0890436
0.0884383
0.0878642
0.0873217
0.0868106
0.0863299
0.0858777
0.0854513
0.0850475
0.084662
0.0842904
0.0839278
0.0835693
0.0832103
0.082847
0.0824766
0.0820977
0.0817106
0.0813176
0.0809226
0.0805315
0.0801514
0.0797904
0.0794569
0.0791591
0.0789039
0.0786969
0.0785415
0.0784388
0.0783878
0.0783855
0.0784273
0.0785082
0.078623
0.0787673
0.0885702
