0.162949
0.161256
0.159462
0.157581
0.155631
0.153629
0.15159
0.14953
0.147465
0.145408
0.143372
0.141369
0.139409
0.137502
0.135656
0.133877
0.132172
0.130543
0.128992
0.127522
0.126132
0.124819
0.123582
0.122417
0.12132
0.120284
0.119305
0.118378
0.117496
0.116653
0.115845
0.115067
0.114314
0.113584
0.112872
0.112177
0.111497
0.110832
0.110182
0.109547
0.108927
0.108325
0.107741
0.107178
0.106637
0.106121
0.105631
0.105169
0.104737
0.104338
0.103973
0.103643
0.103351
0.103097
0.102884
0.102713
0.102584
0.102499
0.102458
0.102463
0.102512
0.102607
0.102745
0.102925
0.103147
0.103407
0.103703
0.104031
0.104388
0.10477
0.105173
0.105592
0.106024
0.106464
0.106909
0.107357
0.107803
0.108246
0.108685
0.109117
0.109544
0.109965
0.11038
0.11079
0.111196
0.1116
0.112003
0.112407
0.112813
0.113221
0.113633
0.11405
0.114473
0.1149
0.115333
0.115771
0.116212
0.116656
0.117102
0.117548
0.117992
0.118431
0.118864
0.119287
0.119698
0.120094
0.120471
0.120826
0.121157
0.121459
0.121729
0.121965
0.122164
0.122323
0.122441
0.122515
0.122547
0.122534
0.122478
0.122379
0.122241
0.122065
0.121854
0.121612
0.121344
0.121055
0.120748
0.120431
0.120108
0.119785
0.119466
0.119158
0.118865
0.118591
0.11834
0.118115
0.117918
0.117751
0.117615
0.11751
0.117435
0.117389
0.117369
0.117372
0.117394
0.117432
0.11748
0.117534
0.117589
0.117638
0.117677
0.1177
0.117701
0.117677
0.117623
0.117535
0.11741
0.117245
0.11704
0.116793
0.116504
0.116176
0.115808
0.115406
0.114972
0.11451
0.114027
0.113528
0.11302
0.112509
0.112002
0.111507
0.111031
0.11058
0.110162
0.109782
0.109446
0.109159
0.108925
0.108748
0.108631
0.108575
0.10858
0.108648
0.108776
0.108964
0.10921
0.109509
0.109859
0.110256
0.110695
0.111172
0.111682
0.11222
0.112781
0.113361
0.113955
0.114559
0.115167
0.115778
0.116386
0.11699
0.117587
0.118175
0.118752
0.119318
0.119872
0.120415
0.120948
0.121472
0.121988
0.1225
0.12301
0.12352
0.124034
0.124556
0.125088
0.125634
0.126197
0.126779
0.127382
0.128008
0.128657
0.12933
0.130025
0.13074
0.131472
0.132218
0.132971
0.133726
0.134477
0.135215
0.135931
0.136618
0.137267
0.137867
0.13841
0.138888
0.139293
0.139616
0.139852
0.139996
0.140044
0.139993
0.139841
0.139589
0.139238
0.138791
0.138249
0.137619
0.136904
0.13611
0.135243
0.134309
0.133315
0.132268
0.131174
0.130041
0.128874
0.127683
0.126474
0.125254
0.124032
0.122814
0.121608
0.120421
0.11926
0.11813
0.117038
0.115988
0.114983
0.114025
0.113117
0.112258
0.111448
0.110685
0.109966
0.109289
0.10865
0.108046
0.107474
0.106929
0.106412
0.105918
0.105449
0.105002
0.104581
0.104184
0.103814
0.103473
0.103161
0.10288
0.102629
0.102409
0.102218
0.102054
0.101914
0.101796
0.101696
0.113225
