0.227504
0.22854
0.228828
0.228305
0.226943
0.224751
0.221771
0.218082
0.213787
0.209009
0.203886
0.19856
0.193174
0.187861
0.182742
0.17792
0.173474
0.169456
0.165893
0.162782
0.160095
0.157781
0.155771
0.153987
0.152348
0.150778
0.149215
0.147612
0.145947
0.144216
0.142438
0.140647
0.138887
0.137205
0.135645
0.134238
0.133004
0.131943
0.131038
0.130256
0.129553
0.128879
0.128181
0.127412
0.126537
0.12553
0.124386
0.123114
0.121739
0.1203
0.118847
0.117436
0.116129
0.114985
0.114062
0.113411
0.113077
0.113097
0.1135
0.114308
0.115535
0.117188
0.119271
0.121782
0.124716
0.128064
0.131815
0.135953
0.14046
0.145315
0.150492
0.15596
0.161686
0.167629
0.173743
0.179981
0.186286
0.192601
0.198864
0.20501
0.210975
0.216691
0.222094
0.227121
0.231713
0.235815
0.239379
0.242363
0.244734
0.246468
0.247547
0.247967
0.247729
0.246847
0.245342
0.243243
0.240589
0.237425
0.2338
0.22977
0.225393
0.220732
0.215847
0.210803
0.20566
0.200476
0.19531
0.190212
0.185231
0.180408
0.175781
0.171381
0.167234
0.163357
0.159764
0.156462
0.153455
0.150737
0.148303
0.146141
0.144235
0.142568
0.14112
0.139868
0.138791
0.137865
0.137065
0.136368
0.135752
0.135196
0.134678
0.134181
0.133687
0.133183
0.132656
0.132094
0.13149
0.130837
0.130131
0.129369
0.128551
0.127678
0.126751
0.125775
0.124754
0.123693
0.1226
0.12148
0.120342
0.119192
0.118039
0.116891
0.115755
0.11464
0.113553
0.112502
0.111496
0.110543
0.109651
0.10883
0.108089
0.107438
0.10689
0.106456
0.106152
0.105991
0.10599
0.106167
0.106542
0.107133
0.107962
0.109047
0.110408
0.112061
0.114021
0.116298
0.118897
0.121815
0.125043
0.128563
0.132347
0.136354
0.140537
0.144834
0.149175
0.153481
0.157664
0.161633
0.165293
0.168548
0.171308
0.173488
0.175014
0.175825
0.175875
0.175138
0.173606
0.17129
0.168223
0.164456
0.160058
0.155111
0.149709
0.143954
0.137952
0.131809
0.125627
0.119502
0.11352
0.107757
0.102272
0.0971134
0.0923141
0.0878933
0.083858
0.0802037
0.0769164
0.0739748
0.0713519
0.0690167
0.0669363
0.0650774
0.0634072
0.0618944
0.0605106
0.0592297
0.0580289
0.0568887
0.0557924
0.0547263
0.0536792
0.0526425
0.0516092
0.0505742
0.0495339
0.0484856
0.0474278
0.0463597
0.0452808
0.0441915
0.0430923
0.0419841
0.0408679
0.0397451
0.038617
0.0374851
0.0363511
0.0352166
0.0340833
0.0329529
0.0318272
0.0307079
0.0295968
0.0284956
0.0274058
0.0263292
0.0252672
0.0242215
0.0231933
0.0221841
0.0211952
0.0202276
0.0192824
0.0183608
0.0174634
0.0165912
0.0157448
0.0149248
0.0141317
0.0133659
0.0126278
0.0119174
0.0112351
0.0105808
0.00995461
0.00935641
0.0087861
0.00824354
0.00772851
0.00724082
0.00678022
0.00634648
0.0059394
0.00555878
0.0052045
0.00487651
0.00457485
0.00429974
0.00405158
0.00383105
0.00363918
0.00347752
0.0033483
0.00325464
0.00320095
0.00319328
0.00323991
0.00335193
0.00354404
0.00433977
