0.129919
0.12984
0.129685
0.129456
0.12916
0.12881
0.12842
0.128007
0.127589
0.127181
0.126795
0.12644
0.126117
0.125825
0.125558
0.125303
0.12505
0.124784
0.124494
0.124171
0.123809
0.123406
0.122964
0.122489
0.121989
0.121476
0.12096
0.120453
0.119965
0.119504
0.119078
0.118691
0.118345
0.118043
0.117784
0.117569
0.117399
0.117275
0.117199
0.117175
0.117207
0.117303
0.11747
0.117715
0.118046
0.118473
0.119003
0.119644
0.1204
0.121279
0.122282
0.123412
0.124668
0.126049
0.127552
0.129172
0.130901
0.132732
0.134655
0.13666
0.138735
0.140868
0.143045
0.145252
0.147475
0.149698
0.151906
0.154083
0.156212
0.158277
0.160262
0.162148
0.163921
0.165562
0.167055
0.168385
0.169536
0.170495
0.17125
0.171789
0.172104
0.17219
0.172042
0.17166
0.171048
0.17021
0.169158
0.167903
0.166462
0.164855
0.163101
0.161226
0.159255
0.157214
0.155131
0.153033
0.150946
0.148894
0.1469
0.144986
0.143168
0.141459
0.139873
0.138414
0.137089
0.135896
0.134835
0.1339
0.133085
0.132381
0.131779
0.131269
0.130841
0.130485
0.130192
0.129955
0.129767
0.129623
0.12952
0.129454
0.129425
0.129432
0.129475
0.129555
0.129671
0.129823
0.130012
0.130233
0.130485
0.130763
0.131062
0.131373
0.131688
0.131998
0.132292
0.132558
0.132785
0.132959
0.13307
0.133105
0.133052
0.132901
0.132643
0.132268
0.131771
0.131145
0.130387
0.129494
0.128466
0.127304
0.126011
0.124591
0.12305
0.121397
0.11964
0.117789
0.115857
0.113856
0.111799
0.1097
0.107574
0.105435
0.103297
0.101175
0.0990822
0.0970317
0.0950357
0.0931052
0.0912501
0.0894791
0.0877998
0.0862182
0.0847394
0.083367
0.0821036
0.0809508
0.0799092
0.0789787
0.0781585
0.0774472
0.0768432
0.0763445
0.0759487
0.0756536
0.0754568
0.0753557
0.0753477
0.0754303
0.0756007
0.075856
0.0761933
0.0766092
0.0771003
0.0776628
0.0782927
0.0789857
0.0797371
0.080542
0.0813954
0.0822918
0.0832256
0.084191
0.0851822
0.0861928
0.0872166
0.0882469
0.0892769
0.0902994
0.0913072
0.0922926
0.093248
0.0941656
0.0950377
0.095857
0.0966167
0.0973107
0.0979339
0.0984827
0.0989548
0.0993497
0.0996689
0.0999154
0.100094
0.100212
0.100277
0.100298
0.100284
0.100245
0.10019
0.100128
0.100067
0.100012
0.0999679
0.0999371
0.0999207
0.0999181
0.0999278
0.0999472
0.0999732
0.100003
0.100033
0.100063
0.10009
0.100115
0.10014
0.100166
0.100198
0.100239
0.100294
0.100367
0.100463
0.100585
0.100735
0.100915
0.101125
0.101364
0.101631
0.101924
0.102241
0.102579
0.102939
0.103319
0.103722
0.104151
0.104611
0.105108
0.10565
0.106245
0.106901
0.107626
0.108427
0.109309
0.110274
0.111324
0.112454
0.113659
0.114932
0.11626
0.117631
0.119029
0.120438
0.121841
0.123222
0.124562
0.125848
0.127065
0.128201
0.129246
0.130191
0.13103
0.131761
0.132382
0.132892
0.133294
0.13359
0.133786
0.133885
0.133892
0.133812
0.147241
