0.0972117
0.0971301
0.0970266
0.0969
0.0967498
0.0965766
0.0963819
0.0961682
0.0959385
0.0956966
0.0954466
0.0951928
0.0949396
0.0946914
0.0944521
0.0942255
0.0940145
0.0938218
0.0936493
0.0934983
0.0933698
0.0932643
0.0931818
0.0931224
0.0930858
0.0930719
0.0930806
0.0931119
0.0931658
0.0932426
0.0933427
0.0934663
0.0936139
0.0937859
0.0939825
0.0942038
0.0944497
0.0947202
0.0950148
0.0953331
0.0956746
0.0960386
0.0964245
0.0968315
0.0972591
0.0977066
0.0981736
0.0986595
0.099164
0.0996867
0.100227
0.100785
0.10136
0.101951
0.102559
0.103181
0.103818
0.104468
0.10513
0.105802
0.106482
0.107169
0.10786
0.108552
0.109244
0.109931
0.110611
0.111281
0.111938
0.112579
0.1132
0.113799
0.114373
0.114919
0.115436
0.115922
0.116375
0.116795
0.11718
0.117531
0.117847
0.118129
0.118379
0.118597
0.118784
0.118944
0.119076
0.119185
0.11927
0.119336
0.119383
0.119413
0.11943
0.119434
0.119428
0.119412
0.119389
0.119359
0.119325
0.119286
0.119244
0.119199
0.119151
0.119102
0.119051
0.118999
0.118945
0.118889
0.118831
0.118771
0.118708
0.118643
0.118575
0.118503
0.118428
0.11835
0.118269
0.118184
0.118098
0.118011
0.117922
0.117835
0.11775
0.117668
0.117592
0.117522
0.117461
0.117411
0.117372
0.117347
0.117337
0.117343
0.117366
0.117406
0.117463
0.117537
0.117628
0.117734
0.117854
0.117986
0.118129
0.11828
0.118435
0.118594
0.118752
0.118906
0.119054
0.119192
0.119318
0.119428
0.11952
0.119591
0.119639
0.119663
0.119659
0.119628
0.119568
0.119479
0.119361
0.119213
0.119038
0.118835
0.118607
0.118356
0.118083
0.117793
0.117487
0.117169
0.116844
0.116513
0.116183
0.115855
0.115535
0.115225
0.114931
0.114654
0.114399
0.114169
0.113965
0.113791
0.113647
0.113535
0.113455
0.113407
0.113392
0.113407
0.113452
0.113524
0.113621
0.11374
0.113879
0.114034
0.114201
0.114378
0.114562
0.114748
0.114933
0.115116
0.115293
0.115463
0.115623
0.115772
0.11591
0.116035
0.116149
0.11625
0.11634
0.11642
0.116492
0.116557
0.116618
0.116676
0.116735
0.116797
0.116864
0.116941
0.11703
0.117133
0.117255
0.117397
0.117563
0.117754
0.117974
0.118224
0.118505
0.118819
0.119165
0.119545
0.119958
0.120402
0.120878
0.121383
0.121915
0.122472
0.123052
0.123652
0.124269
0.124902
0.125546
0.126201
0.126863
0.127531
0.128202
0.128875
0.129548
0.13022
0.130889
0.131555
0.132217
0.132875
0.133528
0.134175
0.134818
0.135457
0.136091
0.136723
0.137353
0.137983
0.138614
0.139247
0.139885
0.14053
0.141182
0.141843
0.142514
0.143196
0.143887
0.144589
0.145299
0.146015
0.146736
0.147456
0.148173
0.148883
0.149579
0.150258
0.150914
0.151542
0.152136
0.152691
0.153203
0.153668
0.15408
0.154437
0.154736
0.154974
0.155149
0.155259
0.155304
0.155283
0.155195
0.15504
0.15482
0.154535
0.154185
0.153773
0.153301
0.15277
0.152184
0.16649
