0.00494085
0.00450116
0.0042515
0.00414831
0.00416132
0.00426992
0.00446042
0.00472395
0.00505507
0.00545071
0.00590948
0.00643123
0.00701669
0.00766725
0.00838483
0.00917174
0.0100306
0.0109643
0.0119758
0.0130685
0.0142454
0.01551
0.0168655
0.0183153
0.0198625
0.0215102
0.0232614
0.0251188
0.027085
0.0291621
0.0313521
0.0336567
0.036077
0.0386137
0.0412674
0.0440378
0.0469243
0.0499256
0.0530402
0.0562656
0.0595988
0.0630365
0.0665743
0.0702077
0.073931
0.0777385
0.0816234
0.0855787
0.0895967
0.0936692
0.0977874
0.101942
0.106125
0.110325
0.114532
0.118737
0.122929
0.127098
0.131234
0.135326
0.139365
0.143341
0.147246
0.15107
0.154805
0.158444
0.16198
0.165407
0.16872
0.171915
0.174987
0.177936
0.180759
0.183455
0.186026
0.188473
0.190797
0.193002
0.195093
0.197073
0.198949
0.200726
0.202411
0.204011
0.205533
0.206983
0.20837
0.209701
0.210981
0.212219
0.213419
0.214587
0.215727
0.216844
0.217939
0.219014
0.220071
0.221107
0.222122
0.223113
0.224075
0.225003
0.22589
0.226731
0.227516
0.228236
0.228882
0.229445
0.229913
0.230277
0.230527
0.230652
0.230644
0.230494
0.230195
0.229741
0.229128
0.228351
0.22741
0.226305
0.22504
0.223618
0.222048
0.220339
0.218502
0.21655
0.214501
0.212371
0.21018
0.207949
0.2057
0.203458
0.201245
0.199087
0.197006
0.195028
0.193173
0.191465
0.189921
0.188559
0.187394
0.186438
0.185697
0.185178
0.18488
0.184801
0.184932
0.185262
0.185774
0.186449
0.187263
0.188188
0.189194
0.190246
0.191309
0.192345
0.193315
0.19418
0.1949
0.195439
0.195758
0.195824
0.195605
0.195075
0.194209
0.19299
0.191406
0.189448
0.187117
0.184417
0.181362
0.17797
0.174266
0.170282
0.166057
0.161633
0.15706
0.152392
0.147685
0.143002
0.138405
0.133959
0.129728
0.125776
0.122166
0.118955
0.116199
0.113943
0.11223
0.111091
0.11055
0.110617
0.111294
0.112568
0.114414
0.116794
0.119658
0.122942
0.126571
0.130459
0.134512
0.138627
0.142696
0.14661
0.150259
0.153534
0.156333
0.158562
0.160137
0.160988
0.161057
0.160308
0.158716
0.15628
0.153013
0.148949
0.144137
0.138642
0.132541
0.125923
0.118886
0.111533
0.103971
0.096307
0.0886471
0.0810943
0.0737468
0.0666971
0.0600315
0.0538304
0.0481681
0.0431144
0.038735
0.0350926
0.0322477
0.0302591
0.0291831
0.0290728
0.0299748
0.0319264
0.0349502
0.0390485
0.0441967
0.0503365
0.0573699
0.0651543
0.0734998
0.08217
0.090886
0.0993351
0.107183
0.114093
0.11974
0.123836
0.126152
0.126529
0.1249
0.121294
0.115835
0.108739
0.100298
0.0908577
0.0807966
0.0704973
0.0603216
0.0505889
0.0415591
0.0334222
0.0262949
0.0202241
0.0151948
0.0111428
0.00796848
0.0055517
0.00376436
0.00248127
0.00158794
0.000985315
0.000591883
0.000343627
0.000192448
0.000103753
5.37173e-05
2.66372e-05
1.2612e-05
5.68147e-06
2.42508e-06
9.76066e-07
3.68315e-07
1.294e-07
4.197e-08
1.2434e-08
3.31918e-09
7.84039e-10
1.59825e-10
2.70976e-11
3.60106e-12
3.35883e-13
1.6693e-14
1.09067e-17
