1.50355e-52
1.48293e-52
2.56875e-52
5.17298e-52
1.07051e-51
2.22218e-51
4.60622e-51
9.52582e-51
1.96508e-50
4.04352e-50
8.2993e-50
1.69912e-49
3.46985e-49
7.06807e-49
1.43613e-48
2.91067e-48
5.88433e-48
1.18661e-47
2.38687e-47
4.78912e-47
9.58503e-47
1.91356e-46
3.81067e-46
7.5696e-46
1.49988e-45
2.96453e-45
5.84481e-45
1.14948e-44
2.255e-44
4.41276e-44
8.61376e-44
1.67724e-43
3.25774e-43
6.3119e-43
1.2199e-42
2.35187e-42
4.523e-42
8.67688e-42
1.66045e-41
3.16968e-41
6.03576e-41
1.14651e-40
2.17246e-40
4.10635e-40
7.74267e-40
1.45632e-39
2.73249e-39
5.11436e-39
9.54903e-39
1.77854e-38
3.30448e-38
6.12462e-38
1.13239e-37
2.08857e-37
3.84275e-37
7.05304e-37
1.29138e-36
2.35869e-36
4.29767e-36
7.81159e-36
1.41641e-35
2.56205e-35
4.62309e-35
8.32193e-35
1.49439e-34
2.67704e-34
4.78405e-34
8.52879e-34
1.51681e-33
2.69109e-33
4.763e-33
8.40981e-33
1.48132e-32
2.60295e-32
4.56291e-32
7.97952e-32
1.3921e-31
2.42283e-31
4.20667e-31
7.28643e-31
1.25908e-30
2.17048e-30
3.73271e-30
6.40408e-30
1.09611e-29
1.87164e-29
3.18828e-29
5.41826e-29
9.18614e-29
1.55373e-28
2.62175e-28
4.41347e-28
7.4121e-28
1.24187e-27
2.07582e-27
3.46161e-27
5.759e-27
9.55869e-27
1.58284e-26
2.61497e-26
4.31026e-26
7.08864e-26
1.16326e-25
1.90498e-25
3.11378e-25
5.08155e-25
8.28361e-25
1.34984e-24
2.2013e-24
3.5989e-24
5.91382e-24
9.80297e-24
1.6473e-23
2.82347e-23
4.97014e-23
9.04359e-23
1.70864e-22
3.35563e-22
6.83114e-22
1.43298e-21
3.07442e-21
6.69575e-21
1.4706e-20
3.24031e-20
7.13474e-20
1.56551e-19
3.41643e-19
7.40543e-19
1.59295e-18
3.39833e-18
7.18746e-18
1.50669e-17
3.12998e-17
6.44308e-17
1.3142e-16
2.65606e-16
5.31898e-16
1.05546e-15
2.07535e-15
4.04386e-15
7.80861e-15
1.49432e-14
2.83419e-14
5.32785e-14
9.92735e-14
1.83357e-13
3.3571e-13
6.09341e-13
1.0965e-12
1.95627e-12
3.46057e-12
6.06999e-12
1.05578e-11
1.82106e-11
3.11507e-11
5.28477e-11
8.89248e-11
1.48417e-10
2.45713e-10
4.03538e-10
6.57469e-10
1.06274e-09
1.70435e-09
2.71208e-09
4.28232e-09
6.70988e-09
1.04337e-08
1.61016e-08
2.46627e-08
3.74952e-08
5.65853e-08
8.47718e-08
1.2608e-07
1.86175e-07
2.72961e-07
3.9739e-07
5.74514e-07
8.24863e-07
1.17623e-06
1.66597e-06
2.34389e-06
3.27594e-06
4.54883e-06
6.27571e-06
8.60324e-06
1.17202e-05
1.58678e-05
2.13524e-05
2.85605e-05
3.79764e-05
5.02029e-05
6.59862e-05
8.62441e-05
0.000112098
0.000144912
0.000186334
0.000238342
0.000303303
0.000384029
0.000483844
0.000606659
0.000757053
0.000940357
0.00116275
0.00143137
0.00175438
0.00214116
0.00260234
0.00314998
0.00379766
0.00456062
0.00545589
0.0065024
0.00772108
0.00913499
0.0107694
0.0126518
0.014812
0.0172822
0.0200968
0.0232926
0.0269084
0.030985
0.0355651
0.0406927
0.0464131
0.0527724
0.0598169
0.0675925
0.0761445
0.0855165
0.0957499
0.106883
0.118949
0.131979
0.145996
0.161017
0.177051
0.194099
0.212154
0.231196
0.251196
0.272113
0.293896
0.316479
0.339784
0.363724
0.388195
0.413084
0.438267
0.463609
0.488966
0.514186
0.539108
0.563571
0.587406
0.610446
0.632523
0.65347
0.67313
0.691348
0.707981
0.722896
0.735972
0.747107
0.75621
0.763212
0.768062
0.770727
0.771199
0.769486
0.765621
0.759657
0.751667
0.741746
0.730005
0.716577
0.701608
0.685263
0.66772
0.64917
0.629815
0.609869
0.589552
0.569097
0.548741
0.528734
0.509335
0.490814
0.473463
0.457598
0.44357
0.43178
0.42269
0.416842
0.414866
0.417477
0.42546
0.439611
0.51609
