0.0977917
0.0977696
0.0977367
0.0976929
0.0976381
0.0975716
0.097493
0.0974016
0.0972969
0.0971785
0.0970465
0.0969012
0.0967438
0.0965757
0.0963994
0.0962174
0.0960334
0.0958511
0.0956747
0.0955086
0.0953576
0.0952261
0.0951183
0.0950385
0.0949903
0.0949768
0.0950006
0.0950638
0.0951679
0.0953138
0.0955019
0.0957321
0.0960042
0.0963173
0.0966705
0.0970625
0.0974919
0.0979572
0.0984567
0.0989886
0.0995507
0.100141
0.100757
0.101396
0.102055
0.102731
0.103421
0.104121
0.104828
0.105538
0.106247
0.106953
0.10765
0.108337
0.109009
0.109664
0.110299
0.110912
0.1115
0.112063
0.112599
0.113107
0.113586
0.114036
0.114457
0.114849
0.115212
0.115548
0.115856
0.116137
0.116392
0.116623
0.116829
0.117012
0.117172
0.117309
0.117425
0.117519
0.117591
0.117643
0.117673
0.117681
0.117668
0.117633
0.117576
0.117497
0.117395
0.11727
0.117123
0.116953
0.116761
0.116547
0.116311
0.116055
0.115779
0.115484
0.115172
0.114845
0.114504
0.114152
0.113791
0.113423
0.113052
0.11268
0.112311
0.111948
0.111594
0.111252
0.110928
0.110623
0.110342
0.110087
0.109863
0.109672
0.109516
0.109399
0.109321
0.109285
0.10929
0.109339
0.10943
0.109564
0.109738
0.109952
0.110203
0.110489
0.110807
0.111153
0.111524
0.111915
0.112324
0.112745
0.113174
0.113608
0.114042
0.114472
0.114894
0.115305
0.115702
0.11608
0.116438
0.116773
0.117084
0.117368
0.117624
0.117851
0.118049
0.118217
0.118356
0.118465
0.118546
0.1186
0.118627
0.11863
0.118609
0.118566
0.118503
0.118423
0.118326
0.118214
0.11809
0.117956
0.117813
0.117662
0.117506
0.117346
0.117183
0.117019
0.116854
0.116689
0.116526
0.116364
0.116205
0.116048
0.115895
0.115746
0.1156
0.115458
0.115321
0.115188
0.11506
0.114938
0.114822
0.114713
0.114611
0.114518
0.114434
0.114361
0.114299
0.114251
0.114217
0.114199
0.114198
0.114215
0.114251
0.114308
0.114386
0.114484
0.114605
0.114746
0.114909
0.115092
0.115294
0.115513
0.11575
0.116
0.116264
0.116538
0.11682
0.117108
0.1174
0.117694
0.117987
0.118277
0.118563
0.118841
0.119112
0.119373
0.119623
0.119861
0.120087
0.1203
0.1205
0.120689
0.120865
0.121032
0.121189
0.12134
0.121486
0.12163
0.121775
0.121925
0.122081
0.122249
0.122431
0.122631
0.122852
0.123098
0.12337
0.123673
0.124007
0.124376
0.12478
0.12522
0.125697
0.126212
0.126764
0.127353
0.127978
0.128638
0.129332
0.130058
0.130815
0.131601
0.132414
0.133251
0.134109
0.134988
0.135883
0.136791
0.137711
0.138638
0.139571
0.140506
0.14144
0.142372
0.143298
0.144216
0.145126
0.146025
0.146912
0.147787
0.148649
0.149498
0.150332
0.151153
0.151959
0.152752
0.153529
0.15429
0.155035
0.155762
0.156469
0.157154
0.157813
0.158444
0.159044
0.159607
0.160131
0.160611
0.161043
0.161422
0.161745
0.162007
0.162205
0.162335
0.162395
0.162381
0.162293
0.177828
