0.123442
0.123109
0.12273
0.122324
0.121914
0.12152
0.121159
0.120842
0.120577
0.120363
0.120192
0.120052
0.119929
0.119804
0.119661
0.119487
0.119269
0.119003
0.118687
0.118324
0.117922
0.11749
0.117039
0.11658
0.116123
0.115678
0.115249
0.114842
0.114459
0.114099
0.113764
0.113451
0.113161
0.112895
0.112654
0.112442
0.112264
0.112127
0.112037
0.112003
0.112034
0.112139
0.112324
0.112598
0.112964
0.113429
0.113993
0.114658
0.115423
0.116286
0.117241
0.118285
0.119411
0.120613
0.121884
0.123216
0.124604
0.126041
0.127521
0.12904
0.130595
0.132181
0.133798
0.135443
0.137115
0.138813
0.140536
0.142282
0.14405
0.145834
0.147631
0.149434
0.151234
0.153021
0.154782
0.156506
0.158175
0.159773
0.161283
0.162687
0.163967
0.165106
0.166088
0.166899
0.167525
0.167958
0.168191
0.16822
0.168044
0.167667
0.167095
0.166337
0.165406
0.164317
0.163084
0.161728
0.160267
0.15872
0.157107
0.155447
0.153758
0.152057
0.15036
0.148681
0.147032
0.145424
0.143867
0.142369
0.140937
0.139577
0.138294
0.137095
0.135983
0.134962
0.134038
0.133214
0.132493
0.13188
0.131376
0.130984
0.130704
0.130538
0.130483
0.130536
0.130692
0.130946
0.131289
0.131711
0.132201
0.132745
0.133329
0.133937
0.134553
0.135159
0.135738
0.136272
0.136745
0.137139
0.137438
0.137627
0.137693
0.137623
0.137406
0.137034
0.136501
0.1358
0.134931
0.133892
0.132685
0.131316
0.129789
0.128115
0.126302
0.124365
0.122318
0.120175
0.117955
0.115673
0.11335
0.111004
0.108653
0.106315
0.104008
0.101749
0.0995518
0.0974315
0.0954001
0.093468
0.0916442
0.0899355
0.0883471
0.0868827
0.0855439
0.0843313
0.0832438
0.0822796
0.0814357
0.0807085
0.0800938
0.0795872
0.079184
0.0788797
0.0786698
0.0785501
0.0785166
0.0785657
0.0786942
0.078899
0.0791777
0.0795275
0.0799462
0.0804313
0.0809804
0.0815908
0.0822595
0.0829831
0.0837579
0.0845798
0.0854439
0.0863452
0.0872781
0.0882366
0.0892147
0.0902057
0.091203
0.0921998
0.0931892
0.0941641
0.0951176
0.0960425
0.0969317
0.097778
0.0985741
0.0993129
0.0999871
0.10059
0.101115
0.101557
0.101909
0.10217
0.102336
0.102407
0.102384
0.102271
0.102073
0.101799
0.101459
0.101065
0.100629
0.100167
0.0996929
0.0992211
0.0987657
0.0983393
0.0979531
0.097616
0.0973348
0.097114
0.0969559
0.0968607
0.096827
0.0968522
0.0969325
0.0970642
0.0972434
0.0974665
0.0977307
0.0980343
0.0983762
0.0987561
0.0991745
0.0996321
0.10013
0.100667
0.101244
0.10186
0.102511
0.103194
0.103903
0.104632
0.105375
0.106125
0.106875
0.10762
0.108357
0.109084
0.109801
0.110512
0.111222
0.111938
0.11267
0.113428
0.114222
0.115063
0.11596
0.116919
0.117944
0.119038
0.120198
0.121419
0.122693
0.124008
0.125351
0.126706
0.128057
0.129384
0.130672
0.131902
0.133059
0.134127
0.135093
0.135948
0.136683
0.137291
0.137769
0.138115
0.138329
0.138414
0.138373
0.152358
