0.0957285
0.0948131
0.0938167
0.0927761
0.0917224
0.0906783
0.0896584
0.0886695
0.0877119
0.086782
0.0858739
0.0849819
0.0841015
0.0832312
0.0823723
0.0815296
0.0807107
0.0799252
0.0791839
0.0784981
0.0778784
0.0773342
0.0768728
0.0764995
0.0762169
0.0760247
0.0759204
0.0758988
0.0759523
0.0760714
0.0762451
0.0764607
0.076705
0.0769641
0.077224
0.0774712
0.0776932
0.0778786
0.0780176
0.0781026
0.0781279
0.0780906
0.0779899
0.0778277
0.077608
0.0773374
0.0770239
0.0766774
0.0763087
0.0759298
0.0755528
0.07519
0.0748534
0.0745545
0.0743038
0.0741111
0.0739851
0.0739335
0.0739629
0.0740791
0.0742871
0.0745914
0.074996
0.0755049
0.0761218
0.0768508
0.0776961
0.0786623
0.079754
0.0809763
0.0823342
0.0838328
0.0854767
0.0872699
0.0892155
0.0913157
0.0935709
0.0959802
0.0985405
0.101247
0.104093
0.10707
0.110166
0.113371
0.116669
0.120047
0.123488
0.126977
0.130497
0.134032
0.137565
0.141081
0.144565
0.148002
0.151377
0.154676
0.157885
0.16099
0.163976
0.166829
0.169534
0.172075
0.174438
0.176606
0.178564
0.180297
0.181793
0.183038
0.184023
0.184738
0.18518
0.185346
0.185236
0.184856
0.184212
0.183316
0.182181
0.180825
0.179264
0.17752
0.175613
0.173565
0.171398
0.169134
0.166791
0.16439
0.161949
0.159483
0.157008
0.154536
0.152079
0.149649
0.147254
0.144903
0.142604
0.140365
0.138192
0.136094
0.134076
0.132145
0.130309
0.128572
0.126941
0.125422
0.124018
0.122736
0.121577
0.120544
0.11964
0.118864
0.118217
0.117698
0.117304
0.117032
0.116879
0.116839
0.11691
0.117083
0.117354
0.117717
0.118163
0.118686
0.119279
0.119933
0.120641
0.121395
0.122186
0.123006
0.123845
0.124695
0.125546
0.126388
0.127213
0.12801
0.128771
0.129486
0.130146
0.130742
0.131267
0.131714
0.132075
0.132345
0.132521
0.132598
0.132575
0.132452
0.132228
0.131908
0.131493
0.130991
0.130407
0.12975
0.12903
0.128256
0.127441
0.126597
0.125737
0.124876
0.124026
0.123203
0.122421
0.121693
0.121034
0.120456
0.119972
0.119592
0.119327
0.119185
0.119174
0.119297
0.11956
0.119964
0.120508
0.121188
0.122002
0.122941
0.123997
0.125159
0.126416
0.127752
0.129155
0.130609
0.132097
0.133606
0.13512
0.136625
0.138107
0.139555
0.140958
0.142304
0.143587
0.144796
0.145926
0.146967
0.147915
0.148761
0.1495
0.150125
0.150631
0.151013
0.151269
0.151397
0.151398
0.151275
0.151037
0.150691
0.150249
0.149727
0.149138
0.148499
0.147824
0.147129
0.146424
0.145716
0.14501
0.144304
0.143593
0.142867
0.142113
0.141312
0.140446
0.139495
0.13844
0.137262
0.135945
0.134479
0.132855
0.131069
0.129125
0.127027
0.124786
0.122415
0.11993
0.117346
0.114681
0.11195
0.109167
0.106343
0.103488
0.10061
0.0977114
0.0947983
0.0918748
0.0889468
0.0860228
0.0831147
0.0802387
0.0774155
0.0746698
0.07203
0.0695267
0.0671914
0.0650549
0.0631454
0.0614874
0.0600998
0.0589954
0.0581801
0.0576532
0.0635018
