8.08413e-135
3.80042e-68
7.21501e-66
6.8286e-64
4.29587e-62
2.0209e-60
7.58293e-59
2.36404e-57
6.29837e-56
1.46389e-54
3.01533e-53
5.57309e-52
9.33586e-51
1.42926e-49
2.01367e-48
2.62641e-47
3.18749e-46
3.6156e-45
3.84817e-44
3.85631e-43
3.64983e-42
3.27159e-41
2.78428e-40
2.25485e-39
1.74129e-38
1.28466e-37
9.07029e-37
6.13853e-36
3.98801e-35
2.49052e-34
1.49699e-33
8.67069e-33
4.8448e-32
2.61418e-31
1.36349e-30
6.88056e-30
3.3622e-29
1.59221e-28
7.31295e-28
3.25994e-27
1.41141e-26
5.93889e-26
2.43016e-25
9.67608e-25
3.75096e-24
1.41643e-23
5.21294e-23
1.87075e-22
6.54938e-22
2.23784e-21
7.46603e-21
2.43312e-20
7.74855e-20
2.41228e-19
7.34425e-19
2.18741e-18
6.37569e-18
1.8192e-17
5.0831e-17
1.39125e-16
3.73116e-16
9.80767e-16
2.52752e-15
6.38777e-15
1.5836e-14
3.85205e-14
9.19601e-14
2.15514e-13
4.95931e-13
1.12083e-12
2.48844e-12
5.42856e-12
1.16387e-11
2.45289e-11
5.08276e-11
1.03576e-10
2.07607e-10
4.09394e-10
7.94401e-10
1.51714e-09
2.85221e-09
5.27953e-09
9.62385e-09
1.72794e-08
3.05645e-08
5.32722e-08
9.1509e-08
1.5495e-07
2.58685e-07
4.25883e-07
6.9157e-07
1.1079e-06
1.75136e-06
2.73246e-06
4.20855e-06
6.40042e-06
9.61354e-06
1.42646e-05
2.09144e-05
3.03075e-05
4.34197e-05
6.15134e-05
8.62027e-05
0.000119526
0.000164029
0.000222857
0.000299856
0.000399683
0.000527925
0.000691232
0.000897452
0.00115579
0.00147695
0.00187333
0.0023592
0.0029509
0.00366702
0.00452868
0.00555968
0.00678679
0.00823994
0.00995241
0.0119611
0.0143065
0.0170331
0.0201892
0.0238268
0.0280019
0.0327739
0.0382054
0.0443617
0.0513105
0.0591206
0.0678616
0.0776027
0.0884113
0.100352
0.113485
0.127865
0.143539
0.160545
0.178909
0.198647
0.219758
0.242227
0.266023
0.291093
0.317368
0.344757
0.37315
0.402414
0.432398
0.462931
0.493822
0.524864
0.555836
0.586501
0.616617
0.645931
0.674188
0.701135
0.72652
0.750101
0.771646
0.79094
0.807786
0.82201
0.833463
0.842023
0.8476
0.850134
0.849599
0.846002
0.839381
0.82981
0.81739
0.802255
0.784564
0.764499
0.742265
0.718084
0.69219
0.664829
0.636253
0.606715
0.576469
0.545762
0.514834
0.483914
0.453217
0.422943
0.393275
0.364375
0.336387
0.309436
0.283622
0.25903
0.235723
0.213743
0.193119
0.17386
0.15596
0.139403
0.124157
0.110183
0.097432
0.0858482
0.0753711
0.065936
0.0574758
0.049922
0.043206
0.0372599
0.0320174
0.0274142
0.023389
0.0198836
0.0168432
0.0142168
0.0119571
0.0100207
0.00836799
0.00696291
0.00577311
0.00476955
0.00392641
0.00322079
0.00263257
0.00214411
0.00174006
0.00140713
0.00113385
0.000910386
0.000728365
0.000580663
0.000461266
0.000365116
0.000287981
0.000226334
0.000177251
0.000138318
0.000107554
8.33347e-05
6.43398e-05
4.94981e-05
3.79447e-05
2.89847e-05
2.20619e-05
1.67329e-05
1.26461e-05
9.52347e-06
7.14646e-06
5.34372e-06
3.98155e-06
2.95609e-06
2.18695e-06
1.6122e-06
1.18428e-06
8.6686e-07
6.32267e-07
4.59526e-07
3.32796e-07
2.40162e-07
1.72698e-07
1.23746e-07
8.83552e-08
6.28626e-08
4.45669e-08
3.14841e-08
2.2163e-08
1.55463e-08
1.08664e-08
7.56838e-09
5.25268e-09
3.63261e-09
2.50333e-09
1.719e-09
1.17624e-09
8.02006e-10
5.44903e-10
3.68912e-10
2.48878e-10
1.67306e-10
1.12073e-10
7.4808e-11
4.97576e-11
3.29787e-11
2.17807e-11
1.43344e-11
9.40074e-12
6.14387e-12
4.00194e-12
2.59881e-12
1.68374e-12
1.09045e-12
7.09475e-13
4.69871e-13
3.27689e-13
2.60262e-13
3.00344e-13
