0.0296067
0.0286512
0.0279343
0.0274594
0.0272255
0.027227
0.0274546
0.0278956
0.0285342
0.029352
0.030328
0.0314392
0.0326613
0.0339685
0.0353347
0.036734
0.0381412
0.0395329
0.0408878
0.0421873
0.0434165
0.0445639
0.0456219
0.0465869
0.0474589
0.0482413
0.0489405
0.0495654
0.0501265
0.0506358
0.0511055
0.051548
0.0519752
0.0523979
0.0528258
0.053267
0.0537284
0.0542151
0.0547308
0.0552783
0.0558592
0.0564748
0.0571256
0.0578126
0.0585368
0.0592997
0.0601035
0.0609511
0.0618462
0.0627928
0.0637955
0.0648587
0.0659865
0.0671821
0.0684474
0.0697826
0.0711855
0.0726513
0.0741724
0.0757384
0.077336
0.0789495
0.0805608
0.0821508
0.0836996
0.0851874
0.0865959
0.0879087
0.0891126
0.0901983
0.0911609
0.0920003
0.0927217
0.0933351
0.0938551
0.0943007
0.0946938
0.0950589
0.0954219
0.0958088
0.0962446
0.0967529
0.0973542
0.0980659
0.0989013
0.0998699
0.100977
0.102224
0.103608
0.105125
0.106766
0.108524
0.110387
0.112345
0.114388
0.116507
0.118694
0.120941
0.123242
0.125594
0.127992
0.130434
0.132918
0.135441
0.137999
0.140591
0.143211
0.145854
0.148512
0.151177
0.153837
0.156481
0.159093
0.161659
0.164159
0.166574
0.168884
0.171066
0.173098
0.174955
0.176614
0.178051
0.179243
0.180169
0.180809
0.181146
0.181165
0.180855
0.18021
0.179228
0.17791
0.176263
0.1743
0.172036
0.169494
0.166697
0.163673
0.160455
0.157075
0.153567
0.149967
0.146309
0.142627
0.138954
0.13532
0.131753
0.128278
0.124916
0.121688
0.118607
0.115688
0.112941
0.110372
0.107987
0.105789
0.103781
0.101962
0.100332
0.0988915
0.0976373
0.0965683
0.0956826
0.0949782
0.0944531
0.0941051
0.0939322
0.0939318
0.0941012
0.0944374
0.0949366
0.0955944
0.096406
0.0973653
0.0984657
0.0996993
0.101058
0.102531
0.10411
0.105782
0.107536
0.109359
0.11124
0.113164
0.115119
0.117093
0.119072
0.121044
0.122999
0.124927
0.126817
0.128661
0.130454
0.132188
0.13386
0.135466
0.137005
0.138477
0.139882
0.14122
0.142496
0.143711
0.144868
0.145971
0.147024
0.148029
0.148988
0.149904
0.150778
0.151609
0.152397
0.153139
0.153833
0.154474
0.155058
0.155579
0.15603
0.156405
0.156697
0.1569
0.157009
0.157019
0.156925
0.156727
0.156423
0.156016
0.155509
0.154908
0.154222
0.153459
0.152632
0.151754
0.15084
0.149904
0.148963
0.148031
0.147123
0.146253
0.145433
0.144672
0.14398
0.143363
0.142828
0.142377
0.142014
0.141741
0.141559
0.141471
0.141478
0.141582
0.141785
0.142086
0.142485
0.14298
0.143566
0.144234
0.144972
0.145766
0.146597
0.147445
0.148287
0.149101
0.149868
0.150572
0.1512
0.151748
0.152217
0.152617
0.152964
0.153277
0.153582
0.153904
0.154267
0.154692
0.155196
0.155786
0.156465
0.157225
0.158051
0.158923
0.159814
0.160695
0.161536
0.162308
0.162985
0.163543
0.163968
0.16425
0.164386
0.164381
0.164245
0.163996
0.163655
0.163244
0.162786
0.162301
0.161806
0.161308
0.160808
0.160295
0.177904
