0.123849
0.122311
0.120838
0.119434
0.118102
0.116842
0.115653
0.114533
0.113481
0.112493
0.111568
0.110702
0.109894
0.10914
0.108439
0.107789
0.107187
0.106632
0.106123
0.105657
0.105235
0.104854
0.104513
0.104212
0.10395
0.103726
0.103538
0.103386
0.103269
0.103185
0.103133
0.10311
0.103116
0.103146
0.103199
0.103272
0.103361
0.103464
0.103578
0.103699
0.103825
0.103954
0.104082
0.104209
0.104332
0.104451
0.104564
0.104673
0.104777
0.104876
0.104972
0.105065
0.105158
0.105253
0.10535
0.105452
0.10556
0.105679
0.105808
0.105951
0.10611
0.106287
0.106484
0.106704
0.106949
0.10722
0.107521
0.107853
0.108217
0.108615
0.109049
0.109519
0.110026
0.110569
0.111149
0.111763
0.11241
0.113088
0.113794
0.114525
0.115276
0.116044
0.116824
0.117611
0.1184
0.119186
0.119966
0.120733
0.121484
0.122214
0.122919
0.123597
0.124242
0.124854
0.125429
0.125965
0.126461
0.126915
0.127325
0.127691
0.128013
0.128289
0.128521
0.128708
0.128851
0.128952
0.12901
0.129029
0.129009
0.128953
0.128863
0.128741
0.128591
0.128414
0.128215
0.127994
0.127756
0.127502
0.127235
0.126957
0.12667
0.126376
0.126075
0.125769
0.125458
0.125143
0.124824
0.124502
0.124175
0.123844
0.123509
0.123169
0.122825
0.122475
0.122121
0.121763
0.121401
0.121035
0.120667
0.120299
0.11993
0.119564
0.119202
0.118846
0.118498
0.118161
0.117837
0.117529
0.117239
0.11697
0.116724
0.116503
0.11631
0.116147
0.116014
0.115913
0.115844
0.115809
0.115807
0.115838
0.115901
0.115993
0.116114
0.116261
0.116432
0.116622
0.116829
0.117049
0.117277
0.117509
0.117742
0.11797
0.11819
0.118397
0.118588
0.118759
0.118907
0.119029
0.119124
0.11919
0.119226
0.119231
0.119207
0.119154
0.119073
0.118967
0.11884
0.118692
0.11853
0.118355
0.118174
0.117989
0.117806
0.11763
0.117464
0.117313
0.117181
0.117074
0.116993
0.116943
0.116926
0.116946
0.117004
0.117102
0.117241
0.117421
0.117644
0.117909
0.118214
0.11856
0.118944
0.119363
0.119817
0.120302
0.120815
0.121354
0.121914
0.122493
0.123088
0.123694
0.124308
0.124928
0.125549
0.126171
0.12679
0.127404
0.128012
0.128613
0.129205
0.129789
0.130364
0.130931
0.13149
0.132042
0.132588
0.133127
0.133661
0.13419
0.134712
0.135227
0.135734
0.136229
0.136711
0.137174
0.137616
0.138031
0.138415
0.138762
0.139066
0.139323
0.139527
0.139673
0.139757
0.139774
0.139721
0.139595
0.139393
0.139114
0.138754
0.138314
0.137792
0.137189
0.136503
0.135736
0.134889
0.133962
0.132959
0.131881
0.130733
0.129519
0.128244
0.126915
0.125537
0.12412
0.122672
0.121201
0.119718
0.118231
0.116751
0.115286
0.113845
0.112435
0.111064
0.109738
0.108461
0.107238
0.106071
0.104965
0.103921
0.102941
0.102028
0.101183
0.100409
0.0997065
0.0990793
0.0985288
0.0980567
0.0976643
0.0973521
0.108166
