0.455774
0.457542
0.456925
0.453981
0.448927
0.442088
0.433849
0.424599
0.414703
0.404473
0.394156
0.383934
0.373933
0.364228
0.35486
0.345845
0.337183
0.32887
0.320898
0.313261
0.305957
0.298982
0.29234
0.28603
0.280055
0.274416
0.269112
0.264139
0.259493
0.255164
0.251143
0.247416
0.243968
0.240783
0.23784
0.235121
0.232603
0.230265
0.228083
0.226034
0.224095
0.222242
0.220452
0.218701
0.216968
0.215232
0.213471
0.211666
0.2098
0.207856
0.20582
0.20368
0.201423
0.199041
0.196528
0.19388
0.191094
0.18817
0.185111
0.181921
0.178607
0.17518
0.171649
0.168028
0.164333
0.160579
0.156787
0.152975
0.149166
0.145381
0.141643
0.137977
0.134406
0.130955
0.127649
0.12451
0.121563
0.118829
0.11633
0.114086
0.112115
0.110433
0.109055
0.107991
0.107251
0.106842
0.106766
0.107024
0.107612
0.108525
0.109753
0.111282
0.113095
0.115173
0.117493
0.120029
0.122751
0.125628
0.128626
0.13171
0.13484
0.13798
0.141089
0.144127
0.147054
0.149831
0.15242
0.154785
0.15689
0.158704
0.160196
0.161342
0.162119
0.162507
0.162493
0.162067
0.161222
0.159958
0.158278
0.156189
0.153704
0.150839
0.147614
0.144052
0.140182
0.136032
0.131635
0.127027
0.122245
0.117325
0.112309
0.107236
0.102146
0.0970809
0.0920798
0.0871829
0.0824293
0.077857
0.0735029
0.0694028
0.0655906
0.062099
0.0589585
0.0561979
0.0538439
0.0519206
0.0504498
0.0494503
0.0489379
0.0489248
0.0494194
0.0504258
0.0519435
0.053967
0.0564852
0.0594811
0.0629314
0.0668067
0.0710706
0.07568
0.0805855
0.0857311
0.0910549
0.0964896
0.101963
0.107401
0.112723
0.117852
0.122709
0.127214
0.131296
0.134883
0.137913
0.14033
0.142087
0.143149
0.143489
0.143095
0.141965
0.140108
0.137548
0.134318
0.130462
0.126034
0.121096
0.115715
0.109964
0.10392
0.0976596
0.0912611
0.0847995
0.0783468
0.0719703
0.0657316
0.0596855
0.0538795
0.0483534
0.0431392
0.0382613
0.0337368
0.0295759
0.0257829
0.0223567
0.0192923
0.0165817
0.0142146
0.0121804
0.0104689
0.00907153
0.00798263
0.00720037
0.00672771
0.00657307
0.00675082
0.00728142
0.00819113
0.00951138
0.0112774
0.0135266
0.016296
0.019619
0.0235224
0.0280219
0.0331181
0.0387925
0.0450033
0.0516827
0.0587348
0.0660346
0.0734296
0.080743
0.0877788
0.0943289
0.100183
0.105136
0.109005
0.111633
0.112903
0.112746
0.111145
0.108138
0.103818
0.098328
0.0918514
0.0846046
0.076823
0.0687485
0.0606165
0.0526441
0.0450206
0.0379
0.0313973
0.0255873
0.020506
0.0161547
0.0125058
0.00950899
0.0070988
0.00520072
0.00373733
0.00263305
0.00181771
0.00122887
0.000813107
0.00052622
0.000332866
0.000205653
0.000124002
7.29104e-05
4.17662e-05
2.32873e-05
1.26247e-05
6.6473e-06
3.39519e-06
1.67999e-06
8.04173e-07
3.71803e-07
1.6575e-07
7.11131e-08
2.93021e-08
1.15691e-08
4.36549e-09
1.56982e-09
5.36217e-10
1.73343e-10
5.28107e-11
1.50896e-11
4.02084e-12
9.92532e-13
2.25163e-13
4.64904e-14
8.63207e-15
1.41937e-15
2.02559e-16
2.4405e-17
2.3845e-18
1.77242e-19
8.91574e-21
2.27829e-22
3.87984e-28
