5.64819e-64
5.91201e-64
1.16571e-63
2.63091e-63
6.04828e-63
1.39117e-62
3.19277e-62
7.30825e-62
1.66835e-61
3.79823e-61
8.62383e-61
1.95273e-60
4.40972e-60
9.93127e-60
2.23062e-59
4.9966e-59
1.11623e-58
2.48691e-58
5.52585e-58
1.22453e-57
2.70629e-57
5.96502e-57
1.31125e-56
2.8747e-56
6.28548e-56
1.37063e-55
2.98088e-55
6.46556e-55
1.39865e-54
3.01754e-54
6.49293e-54
1.39339e-53
2.98228e-53
6.36604e-53
1.35531e-52
2.87776e-52
6.09423e-52
1.28716e-51
2.71143e-51
5.69659e-51
1.19367e-50
2.49463e-50
5.19977e-50
1.08098e-49
2.24133e-49
4.63504e-49
9.56004e-49
1.96665e-48
4.03518e-48
8.25806e-48
1.6858e-47
3.43353e-47
6.98091e-47
1.4188e-46
2.89247e-46
5.96436e-46
1.26745e-45
2.8801e-45
7.39892e-45
2.25266e-44
8.09144e-44
3.25123e-43
1.37974e-42
5.95762e-42
2.5679e-41
1.09526e-40
4.60524e-40
1.90594e-39
7.75969e-39
3.1074e-38
1.22403e-37
4.74335e-37
1.80863e-36
6.78677e-36
2.50672e-35
9.11494e-35
3.26352e-34
1.15075e-33
3.99675e-33
1.36754e-32
4.61052e-32
1.53181e-31
5.01614e-31
1.61925e-30
5.15343e-30
1.61727e-29
5.00533e-29
1.52793e-28
4.60106e-28
1.36693e-27
4.00709e-27
1.1592e-26
3.30968e-26
9.32748e-26
2.59504e-25
7.12815e-25
1.93334e-24
5.17831e-24
1.36981e-23
3.57911e-23
9.23791e-23
2.3556e-22
5.93472e-22
1.47745e-21
3.63483e-21
8.83793e-21
2.124e-20
5.04586e-20
1.18503e-19
2.75157e-19
6.31715e-19
1.43413e-18
3.21976e-18
7.1492e-18
1.5701e-17
3.41089e-17
7.33016e-17
1.55847e-16
3.27835e-16
6.82367e-16
1.40546e-15
2.86478e-15
5.77918e-15
1.15392e-14
2.2806e-14
4.46192e-14
8.64213e-14
1.65721e-13
3.14648e-13
5.91547e-13
1.10129e-12
2.03047e-12
3.70763e-12
6.70558e-12
1.20128e-11
2.1318e-11
3.74782e-11
6.52779e-11
1.12652e-10
1.92632e-10
3.2641e-10
5.48117e-10
9.12196e-10
1.50466e-09
2.46012e-09
3.98721e-09
6.40635e-09
1.0205e-08
1.61177e-08
2.52416e-08
3.92001e-08
6.03734e-08
9.22204e-08
1.39722e-07
2.09988e-07
3.13076e-07
4.63095e-07
6.79656e-07
9.89798e-07
1.43048e-06
2.05178e-06
2.92103e-06
4.12799e-06
5.79137e-06
8.0669e-06
1.11573e-05
1.53244e-05
2.09038e-05
2.83226e-05
3.81202e-05
5.09728e-05
6.77229e-05
8.9412e-05
0.00011732
0.000153008
0.000198371
0.000255692
0.000327706
0.000417671
0.000529445
0.000667574
0.000837381
0.00104507
0.00129784
0.00160399
0.00197305
0.00241591
0.00294495
0.00357418
0.0043194
0.00519829
0.0062306
0.00743826
0.00884548
0.0104789
0.0123676
0.0145433
0.0170401
0.0198949
0.023147
0.0268381
0.0310122
0.0357152
0.0409948
0.0469
0.0534808
0.0607875
0.0688701
0.0777778
0.087558
0.0982555
0.109912
0.122564
0.136243
0.150975
0.166776
0.183656
0.201615
0.220641
0.240712
0.261793
0.283836
0.306782
0.330554
0.355066
0.380215
0.405886
0.43195
0.458267
0.484684
0.511042
0.537169
0.56289
0.588023
0.612383
0.635787
0.658051
0.678996
0.698451
0.716251
0.732244
0.746292
0.75827
0.768072
0.775609
0.780814
0.783639
0.784061
0.782074
0.777699
0.770977
0.761968
0.750757
0.737444
0.722148
0.705004
0.686159
0.665775
0.644019
0.621069
0.597106
0.572313
0.546873
0.520968
0.494776
0.468466
0.442202
0.416138
0.390417
0.365171
0.340518
0.316565
0.293404
0.271113
0.249759
0.229393
0.210054
0.191772
0.174561
0.158428
0.143369
0.129371
0.116416
0.104478
0.0935256
0.0835248
0.0744382
0.0662269
0.0588519
0.0522753
0.0464617
0.0413801
0.0370066
0.0333273
0.030343
0.0280762
0.0265809
0.0259569
0.026369
0.0314524
