0.0307448
0.029771
0.0290041
0.0284526
0.0281206
0.0280075
0.0281084
0.0284152
0.028916
0.0295962
0.0304383
0.0314226
0.0325274
0.0337294
0.0350045
0.0363278
0.0376748
0.039022
0.0403473
0.0416308
0.0428557
0.0440082
0.0450782
0.0460593
0.046949
0.0477481
0.0484611
0.0490949
0.0496589
0.0501642
0.050623
0.0510478
0.0514512
0.0518451
0.0522405
0.0526472
0.0530732
0.0535255
0.0540091
0.0545279
0.0550846
0.0556808
0.0563177
0.0569961
0.0577167
0.0584804
0.0592888
0.0601437
0.0610478
0.0620044
0.0630173
0.0640904
0.0652277
0.0664325
0.0677075
0.0690537
0.0704705
0.0719549
0.0735015
0.0751019
0.0767451
0.0784173
0.0801023
0.081782
0.0834371
0.0850478
0.0865946
0.0880593
0.0894262
0.0906826
0.0918196
0.092833
0.0937233
0.0944962
0.0951621
0.0957362
0.0962375
0.0966885
0.0971138
0.0975393
0.0979912
0.0984951
0.0990744
0.0997503
0.100541
0.10146
0.102517
0.10372
0.10507
0.106568
0.108208
0.109986
0.111893
0.113921
0.116061
0.118303
0.12064
0.123063
0.125565
0.128139
0.13078
0.133482
0.136239
0.139046
0.141896
0.144781
0.147691
0.150617
0.153545
0.156461
0.159347
0.162187
0.16496
0.167644
0.170217
0.172654
0.174933
0.177027
0.178914
0.180569
0.18197
0.183097
0.183931
0.184455
0.184657
0.184527
0.184058
0.183249
0.182102
0.180624
0.178825
0.176721
0.174331
0.171678
0.168789
0.165692
0.162418
0.159001
0.155474
0.151871
0.148223
0.144564
0.140924
0.137329
0.133806
0.130377
0.127061
0.123874
0.12083
0.117939
0.11521
0.112647
0.110255
0.108035
0.105989
0.104114
0.102411
0.100878
0.0995135
0.0983156
0.0972828
0.0964139
0.0957077
0.0951631
0.0947794
0.0945556
0.0944907
0.0945834
0.0948321
0.0952346
0.095788
0.0964886
0.0973319
0.0983123
0.0994235
0.100658
0.102007
0.103461
0.105011
0.106644
0.10835
0.110117
0.111932
0.113783
0.115658
0.117545
0.119432
0.12131
0.123168
0.124997
0.126791
0.128542
0.130246
0.131899
0.133499
0.135044
0.136534
0.137971
0.139355
0.140691
0.14198
0.143225
0.144431
0.145599
0.146733
0.147833
0.148902
0.149938
0.150941
0.151908
0.152837
0.153721
0.154557
0.155336
0.156052
0.156698
0.157265
0.157745
0.158131
0.158417
0.158597
0.158667
0.158625
0.15847
0.158202
0.157828
0.15735
0.156779
0.156122
0.155393
0.154602
0.153765
0.152894
0.152004
0.151109
0.150221
0.149353
0.148514
0.147713
0.146958
0.146255
0.145609
0.145024
0.144504
0.144051
0.14367
0.143364
0.143136
0.142989
0.142927
0.142951
0.143061
0.143255
0.143526
0.143866
0.144263
0.144702
0.145164
0.145632
0.146086
0.146509
0.146887
0.14721
0.147475
0.147684
0.147847
0.147979
0.148102
0.148239
0.148415
0.148655
0.14898
0.149406
0.149941
0.150587
0.151337
0.152178
0.153088
0.154041
0.155008
0.155958
0.15686
0.157686
0.158412
0.159021
0.159498
0.159839
0.160045
0.160123
0.160086
0.159951
0.159739
0.159468
0.159157
0.158818
0.158458
0.158076
0.157663
0.157201
0.174433
