0.355
0.361243
0.368068
0.374934
0.381348
0.386911
0.391355
0.394547
0.396483
0.397264
0.397061
0.396081
0.394537
0.392621
0.390493
0.388266
0.386011
0.383761
0.381517
0.379256
0.376945
0.374543
0.372009
0.369308
0.36641
0.363292
0.359938
0.35634
0.352494
0.348399
0.344057
0.339474
0.334654
0.329605
0.324334
0.318847
0.313152
0.307259
0.301175
0.294912
0.288481
0.281894
0.275166
0.268311
0.261348
0.254294
0.24717
0.239997
0.232797
0.225594
0.218412
0.211276
0.204213
0.197247
0.190406
0.183716
0.177202
0.17089
0.164805
0.158971
0.153412
0.14815
0.143204
0.138595
0.134339
0.130453
0.126949
0.123839
0.121132
0.118834
0.116948
0.115476
0.114414
0.113759
0.113502
0.113631
0.114132
0.114988
0.116178
0.117679
0.119465
0.121506
0.123772
0.126229
0.128841
0.131571
0.13438
0.137229
0.140079
0.142887
0.145616
0.148224
0.150675
0.152931
0.154957
0.156722
0.158195
0.15935
0.160163
0.160615
0.16069
0.160377
0.159668
0.158559
0.157052
0.155151
0.152866
0.150209
0.147198
0.143851
0.140193
0.13625
0.13205
0.127623
0.123002
0.118221
0.113315
0.108318
0.103267
0.0981973
0.0931438
0.0881414
0.083224
0.0784247
0.0737753
0.0693063
0.0650472
0.0610259
0.0572688
0.0538011
0.0506465
0.0478273
0.0453643
0.0432766
0.0415822
0.0402971
0.0394356
0.03901
0.0390304
0.0395047
0.0404377
0.0418313
0.0436839
0.0459898
0.0487393
0.0519178
0.055506
0.0594788
0.0638058
0.0684509
0.0733721
0.0785217
0.0838467
0.0892889
0.0947856
0.100271
0.105674
0.110925
0.115952
0.120683
0.125049
0.128983
0.132423
0.135314
0.137606
0.139261
0.140246
0.14054
0.140134
0.139027
0.137231
0.134768
0.131671
0.12798
0.123747
0.119027
0.113885
0.108388
0.102607
0.0966127
0.0904781
0.084273
0.0780646
0.071916
0.0658852
0.0600242
0.0543783
0.0489859
0.0438783
0.0390794
0.0346066
0.0304703
0.0266753
0.0232206
0.020101
0.0173073
0.0148275
0.0126477
0.0107527
0.00912757
0.00775783
0.00663087
0.00573657
0.00506815
0.00462287
0.0044027
0.00441482
0.00467195
0.00519255
0.00600063
0.00712539
0.0086004
0.0104623
0.0127492
0.0154984
0.0187437
0.0225123
0.0268215
0.0316749
0.0370588
0.042939
0.0492582
0.0559339
0.062858
0.0698975
0.0768968
0.0836825
0.0900687
0.0958648
0.100884
0.104953
0.107921
0.109668
0.110115
0.109225
0.107011
0.103535
0.0989033
0.093263
0.0867945
0.0797013
0.0721988
0.0645037
0.056823
0.0493445
0.0422293
0.0356066
0.0295711
0.0241821
0.019466
0.0154196
0.0120155
0.00920712
0.00693525
0.00513319
0.00373184
0.00266368
0.00186583
0.00128199
0.000863577
0.000570026
0.000368487
0.000233145
0.000144288
8.72872e-05
5.15791e-05
2.9749e-05
1.67338e-05
9.17196e-06
4.89412e-06
2.53978e-06
1.28045e-06
6.26429e-07
2.97014e-07
1.36298e-07
6.04461e-08
2.58651e-08
1.06601e-08
4.22347e-09
1.60514e-09
5.83807e-10
2.02672e-10
6.69596e-11
2.09841e-11
6.21441e-12
1.73174e-12
4.51856e-13
1.09764e-13
2.46564e-14
5.08046e-15
9.50872e-16
1.59701e-16
2.36998e-17
3.04524e-18
3.29515e-19
2.88499e-20
1.92753e-21
9.6497e-23
1.1547e-23
1.24553e-23
