2.66385e-11
2.3187e-11
2.37463e-11
2.72012e-11
3.32825e-11
4.21842e-11
5.44211e-11
7.0795e-11
9.24151e-11
1.20752e-10
1.57724e-10
2.05804e-10
2.68169e-10
3.48887e-10
4.53145e-10
5.87549e-10
7.60489e-10
9.82603e-10
1.26735e-09
1.63172e-09
2.09714e-09
2.69053e-09
3.44573e-09
4.40511e-09
5.62164e-09
7.16147e-09
9.10698e-09
1.15606e-08
1.46494e-08
1.85308e-08
2.33993e-08
2.9495e-08
3.71133e-08
4.66173e-08
5.84524e-08
7.31636e-08
9.14169e-08
1.14024e-07
1.41973e-07
1.76463e-07
2.1895e-07
2.71191e-07
3.3531e-07
4.13867e-07
5.09938e-07
6.27217e-07
7.70124e-07
9.43949e-07
1.155e-06
1.41078e-06
1.72021e-06
2.09388e-06
2.54429e-06
3.08625e-06
3.73717e-06
4.51755e-06
5.45146e-06
6.56707e-06
7.89733e-06
9.48069e-06
1.13619e-05
1.35929e-05
1.62341e-05
1.93551e-05
2.30365e-05
2.7371e-05
3.24654e-05
3.84419e-05
4.54407e-05
5.36218e-05
6.31676e-05
7.42856e-05
8.72114e-05
0.000102211
0.000119587
0.000139679
0.000162868
0.000189584
0.000220308
0.000255575
0.000295986
0.000342205
0.000394972
0.000455103
0.000523502
0.000601165
0.000689183
0.000788757
0.000901196
0.00102793
0.00117052
0.00133065
0.00151015
0.00171098
0.00193529
0.00218534
0.00246358
0.00277261
0.00311522
0.00349433
0.00391308
0.00437475
0.00488279
0.00544082
0.00605262
0.00672214
0.00745345
0.00825077
0.00911843
0.0100609
0.0110827
0.0121884
0.0133828
0.0146704
0.0160561
0.0175444
0.01914
0.0208475
0.0226713
0.0246156
0.0266847
0.0288823
0.0312123
0.0336779
0.0362822
0.0390281
0.0419179
0.0449535
0.0481366
0.0514682
0.0549491
0.0585793
0.0623586
0.0662861
0.0703605
0.0745799
0.0789419
0.0834436
0.0880817
0.0928522
0.0977509
0.102773
0.107913
0.113165
0.118524
0.123982
0.129533
0.135171
0.140887
0.146674
0.152524
0.158429
0.16438
0.170369
0.176387
0.182426
0.188475
0.194525
0.200568
0.206593
0.21259
0.21855
0.224461
0.230314
0.236099
0.241804
0.247418
0.252932
0.258334
0.263613
0.26876
0.273763
0.278612
0.283299
0.287814
0.292148
0.296294
0.300244
0.303995
0.307539
0.310874
0.313999
0.316911
0.319611
0.322101
0.324385
0.326467
0.328353
0.330051
0.331567
0.33291
0.334091
0.335117
0.335999
0.336745
0.337363
0.33786
0.338242
0.338514
0.338676
0.338729
0.33867
0.338495
0.338196
0.337763
0.337187
0.336452
0.335545
0.33445
0.333153
0.331638
0.329892
0.327905
0.325668
0.323178
0.320436
0.317447
0.314225
0.310787
0.30716
0.303375
0.29947
0.295489
0.291479
0.287493
0.283583
0.279801
0.276198
0.272819
0.269704
0.266881
0.264369
0.262173
0.260282
0.258671
0.257297
0.256103
0.255014
0.253943
0.252793
0.251456
0.249824
0.247786
0.245237
0.242081
0.238239
0.23365
0.228276
0.22211
0.215173
0.207524
0.199254
0.190494
0.181407
0.172192
0.163076
0.15431
0.146162
0.1389
0.132788
0.128059
0.124906
0.123457
0.123756
0.125747
0.129258
0.134
0.139564
0.145442
0.15105
0.155768
0.158991
0.160179
0.15891
0.154932
0.148184
0.13882
0.127191
0.113819
0.099342
0.0844523
0.0698277
0.0560688
0.0436496
0.0328869
0.0239321
0.0167832
0.0113133
0.00730866
0.00450927
0.00264611
0.00146958
0.000767835
0.000374705
0.000169348
7.02721e-05
2.66879e-05
9.51895e-06
3.63394e-06
2.22963e-06
