0.175888
0.175123
0.173816
0.171983
0.169648
0.16684
0.163598
0.159963
0.155982
0.151704
0.147178
0.142454
0.13758
0.132601
0.12756
0.122496
0.117445
0.112438
0.107502
0.102662
0.0979385
0.0933491
0.0889093
0.0846325
0.0805305
0.076614
0.072893
0.0693772
0.0660759
0.0629982
0.0601529
0.0575485
0.0551923
0.0530901
0.0512456
0.0496594
0.0483286
0.0472459
0.0463991
0.0457708
0.0453383
0.0450741
0.0449461
0.044919
0.0449555
0.0450174
0.0450679
0.045073
0.0450033
0.0448354
0.0445535
0.0441499
0.0436256
0.0429904
0.0422624
0.0414668
0.0406347
0.0398017
0.0390057
0.0382849
0.0376762
0.0372131
0.0369243
0.0368322
0.0369525
0.0372933
0.0378553
0.0386322
0.0396114
0.0407749
0.0421008
0.043564
0.0451381
0.0467959
0.0485109
0.0502577
0.0520128
0.0537544
0.0554627
0.0571198
0.0587092
0.0602155
0.0616239
0.0629206
0.0640916
0.0651237
0.0660041
0.0667209
0.0672635
0.0676231
0.0677934
0.067771
0.0675557
0.067151
0.0665643
0.0658067
0.0648929
0.0638408
0.0626711
0.0614067
0.060072
0.0586921
0.0572926
0.0558985
0.054534
0.0532225
0.0519854
0.050843
0.0498141
0.0489158
0.0481644
0.0475749
0.0471618
0.0469392
0.0469208
0.0471205
0.0475523
0.0482302
0.0491685
0.0503813
0.0518823
0.0536846
0.0558002
0.0582391
0.0610093
0.0641159
0.0675602
0.0713396
0.0754465
0.0798681
0.0845858
0.089575
0.0948046
0.100238
0.105831
0.111535
0.117297
0.123059
0.128758
0.134333
0.139719
0.144853
0.149675
0.154127
0.158159
0.161724
0.164787
0.16732
0.169304
0.170732
0.171607
0.171941
0.17176
0.171094
0.169984
0.168479
0.166632
0.1645
0.162143
0.159622
0.156995
0.154321
0.151653
0.149039
0.146524
0.144143
0.141926
0.139897
0.138072
0.136459
0.135063
0.133879
0.132903
0.132121
0.13152
0.131082
0.130788
0.13062
0.130557
0.13058
0.130671
0.130813
0.13099
0.13119
0.1314
0.131612
0.131819
0.132016
0.132201
0.132372
0.132531
0.132679
0.13282
0.132958
0.1331
0.133251
0.133418
0.133608
0.133826
0.134081
0.134379
0.134724
0.135124
0.135582
0.136103
0.136691
0.137347
0.138073
0.13887
0.139738
0.140676
0.141681
0.142751
0.143882
0.145069
0.146307
0.147589
0.148908
0.150258
0.151629
0.153013
0.154401
0.155784
0.157152
0.158497
0.159808
0.161078
0.162298
0.163459
0.164556
0.165583
0.166534
0.167406
0.168196
0.168905
0.169533
0.170082
0.170555
0.17096
0.171301
0.171589
0.171832
0.172041
0.172228
0.172406
0.172588
0.172787
0.173017
0.17329
0.17362
0.174016
0.174489
0.175045
0.175688
0.17642
0.177238
0.178134
0.179098
0.180114
0.181163
0.182223
0.183268
0.184274
0.185214
0.186066
0.186812
0.187437
0.187935
0.188307
0.188558
0.188703
0.18876
0.188748
0.188687
0.188591
0.18847
0.188325
0.188148
0.18792
0.187618
0.187213
0.186677
0.185986
0.185125
0.184094
0.182908
0.181598
0.180212
0.178809
0.177456
0.176219
0.175161
0.174332
0.173764
0.173471
0.173448
0.173668
0.17409
0.174662
0.19618
