0.157401
0.155668
0.153861
0.151995
0.150084
0.148142
0.146184
0.144222
0.14227
0.140338
0.138438
0.136579
0.134769
0.133016
0.131326
0.129704
0.128153
0.126676
0.125276
0.123951
0.122703
0.121528
0.120426
0.119392
0.118422
0.117512
0.116656
0.11585
0.115088
0.114365
0.113674
0.113013
0.112375
0.111757
0.111157
0.110571
0.109998
0.109437
0.108887
0.108348
0.107822
0.107309
0.106811
0.106329
0.105867
0.105425
0.105006
0.104612
0.104245
0.103908
0.103601
0.103328
0.103088
0.102884
0.102718
0.10259
0.102501
0.102453
0.102445
0.10248
0.102557
0.102676
0.102838
0.103041
0.103284
0.103566
0.103886
0.10424
0.104626
0.105041
0.105481
0.105943
0.106423
0.106917
0.107421
0.107932
0.108447
0.108963
0.109478
0.109989
0.110496
0.110998
0.111494
0.111984
0.112469
0.112949
0.113426
0.1139
0.114371
0.114842
0.115311
0.115781
0.11625
0.11672
0.117188
0.117656
0.118121
0.118583
0.119039
0.119488
0.119928
0.120357
0.120772
0.121171
0.12155
0.121908
0.122241
0.122546
0.122822
0.123064
0.123271
0.12344
0.123569
0.123657
0.123702
0.123703
0.12366
0.123573
0.123444
0.123273
0.123064
0.122818
0.122538
0.12223
0.121897
0.121545
0.121177
0.1208
0.120419
0.120039
0.119665
0.119303
0.118957
0.118631
0.11833
0.118055
0.11781
0.117597
0.117416
0.117267
0.117152
0.117067
0.117013
0.116986
0.116983
0.117001
0.117036
0.117083
0.117139
0.117198
0.117255
0.117306
0.117345
0.117369
0.117372
0.117352
0.117305
0.117227
0.117117
0.116974
0.116796
0.116585
0.11634
0.116064
0.115759
0.115429
0.115077
0.114707
0.114325
0.113936
0.113546
0.11316
0.112784
0.112423
0.112084
0.111772
0.11149
0.111243
0.111035
0.110869
0.110747
0.110672
0.110643
0.110661
0.110727
0.110839
0.110996
0.111197
0.111439
0.11172
0.112037
0.112388
0.112769
0.113177
0.113609
0.114061
0.11453
0.115014
0.115509
0.116012
0.116521
0.117033
0.117546
0.118059
0.118569
0.119077
0.119581
0.120082
0.120579
0.121074
0.121567
0.122062
0.122558
0.12306
0.123569
0.124089
0.124622
0.125171
0.125739
0.126327
0.126939
0.127575
0.128236
0.128922
0.129632
0.130364
0.131115
0.131882
0.132659
0.133441
0.134221
0.134991
0.135745
0.136474
0.137169
0.137821
0.138422
0.138965
0.139441
0.139844
0.140167
0.140406
0.140557
0.140617
0.140583
0.140455
0.140232
0.139916
0.139507
0.13901
0.138425
0.137756
0.137009
0.136185
0.135291
0.134332
0.133313
0.132241
0.131122
0.129962
0.128771
0.127554
0.12632
0.125077
0.123833
0.122595
0.12137
0.120165
0.118984
0.117834
0.116717
0.115637
0.114594
0.11359
0.112624
0.111696
0.110804
0.109947
0.109124
0.108333
0.107572
0.106842
0.106143
0.105475
0.10484
0.104238
0.103672
0.103144
0.102655
0.102207
0.101799
0.101433
0.101106
0.100817
0.100564
0.100344
0.100155
0.0999927
0.0998564
0.111156
