0.10451
0.105254
0.106076
0.106957
0.107881
0.10883
0.109788
0.110745
0.111691
0.112622
0.113539
0.114444
0.115344
0.116248
0.117167
0.118113
0.119095
0.120126
0.121215
0.122371
0.123599
0.124905
0.126293
0.127765
0.129322
0.130967
0.132697
0.134515
0.13642
0.138412
0.140491
0.142657
0.144909
0.147246
0.149665
0.152162
0.154728
0.157355
0.16003
0.162737
0.165457
0.168168
0.170845
0.173461
0.17599
0.178401
0.180667
0.182759
0.184652
0.186322
0.187748
0.188912
0.189801
0.190403
0.190714
0.190728
0.190449
0.18988
0.189028
0.187907
0.186528
0.184911
0.183073
0.181038
0.178828
0.176469
0.173988
0.171413
0.16877
0.166088
0.163393
0.160712
0.158068
0.155485
0.152981
0.150573
0.148276
0.1461
0.144053
0.142138
0.140357
0.138707
0.137183
0.135779
0.134485
0.13329
0.132181
0.131146
0.130172
0.129245
0.128353
0.127483
0.126626
0.125771
0.124912
0.124041
0.123155
0.12225
0.121327
0.120385
0.119428
0.118457
0.117479
0.116498
0.115521
0.114554
0.113606
0.112682
0.111791
0.110939
0.110133
0.109379
0.108683
0.10805
0.107485
0.106991
0.106572
0.106229
0.105964
0.105778
0.105671
0.10564
0.105685
0.105803
0.105989
0.10624
0.10655
0.106914
0.107325
0.107776
0.108261
0.108771
0.109299
0.109838
0.110381
0.110921
0.111454
0.111973
0.112475
0.112959
0.113422
0.113866
0.114292
0.114703
0.115104
0.1155
0.115899
0.116308
0.116735
0.117188
0.117677
0.11821
0.118793
0.119435
0.120141
0.120916
0.121762
0.12268
0.12367
0.124729
0.125852
0.127034
0.128266
0.129538
0.130838
0.132156
0.133476
0.134784
0.136065
0.137304
0.138486
0.139596
0.140618
0.14154
0.142348
0.14303
0.143577
0.143979
0.144229
0.144321
0.144251
0.144018
0.143619
0.143058
0.142338
0.141463
0.140441
0.139281
0.137992
0.136587
0.135078
0.13348
0.131808
0.130077
0.128303
0.126503
0.124692
0.122885
0.121097
0.11934
0.117626
0.115964
0.114362
0.112825
0.111359
0.109963
0.108638
0.107382
0.106191
0.10506
0.103983
0.102954
0.101966
0.101012
0.100084
0.0991757
0.0982815
0.0973956
0.0965131
0.0956301
0.0947432
0.0938499
0.0929481
0.0920367
0.0911148
0.0901825
0.0892402
0.088289
0.0873305
0.0863672
0.0854023
0.0844397
0.0834844
0.082542
0.0816192
0.0807235
0.079863
0.0790462
0.078282
0.0775794
0.0769469
0.0763926
0.0759235
0.0755456
0.0752633
0.0750793
0.0749945
0.0750079
0.0751167
0.0753162
0.0755999
0.07596
0.0763874
0.0768722
0.0774038
0.0779712
0.0785638
0.079171
0.0797829
0.0803904
0.0809854
0.0815609
0.0821109
0.0826306
0.0831163
0.0835653
0.0839758
0.0843467
0.0846776
0.0849685
0.0852198
0.0854319
0.0856056
0.0857416
0.0858408
0.085904
0.0859323
0.085927
0.0858895
0.0858218
0.0857264
0.0856064
0.0854653
0.0853076
0.0851379
0.0849617
0.0847844
0.084612
0.08445
0.0843041
0.0841794
0.0840807
0.0840121
0.0839774
0.0839797
0.0840218
0.0841061
0.0842345
0.0844084
0.0934212
