0.140984
0.14096
0.140912
0.140851
0.140784
0.140716
0.140647
0.140575
0.140495
0.140403
0.140291
0.140153
0.139982
0.139774
0.139525
0.139236
0.138907
0.138542
0.138149
0.137736
0.137313
0.136888
0.136472
0.136074
0.135698
0.135351
0.135034
0.134748
0.13449
0.134259
0.134052
0.133866
0.133702
0.133559
0.133443
0.13336
0.133318
0.133329
0.133405
0.133563
0.133816
0.134179
0.134666
0.135291
0.136063
0.136991
0.138081
0.139336
0.140756
0.14234
0.144082
0.145974
0.148007
0.150167
0.152439
0.154807
0.157249
0.159745
0.162268
0.164795
0.167296
0.169742
0.172104
0.174351
0.176452
0.178377
0.180097
0.181585
0.182816
0.183767
0.184421
0.184762
0.184779
0.184467
0.183824
0.182853
0.181562
0.179963
0.178074
0.175915
0.17351
0.170885
0.168071
0.165097
0.161996
0.1588
0.155541
0.152251
0.148959
0.145693
0.142479
0.139341
0.136298
0.13337
0.130571
0.127913
0.125406
0.123056
0.120867
0.118842
0.116982
0.115284
0.113746
0.112365
0.111135
0.110051
0.109107
0.108296
0.10761
0.107043
0.106586
0.106232
0.105972
0.105798
0.105701
0.105673
0.105705
0.105789
0.105915
0.106076
0.106265
0.106474
0.106697
0.10693
0.107168
0.107409
0.107651
0.107894
0.10814
0.108391
0.108651
0.108924
0.109217
0.109534
0.109882
0.110267
0.110695
0.111171
0.111698
0.112279
0.112916
0.113608
0.114352
0.115146
0.115983
0.116855
0.117754
0.11867
0.11959
0.120502
0.121393
0.122248
0.123055
0.123798
0.124466
0.125046
0.125526
0.125895
0.126146
0.126271
0.126263
0.126121
0.125841
0.125425
0.124875
0.124194
0.123388
0.122467
0.121438
0.120313
0.119104
0.117824
0.116487
0.115106
0.113697
0.112273
0.110849
0.109438
0.108051
0.106702
0.105399
0.104152
0.102967
0.101851
0.100808
0.0998399
0.0989484
0.0981331
0.0973926
0.0967242
0.096124
0.0955874
0.0951091
0.094683
0.0943027
0.0939615
0.093653
0.0933704
0.0931077
0.0928593
0.0926202
0.0923865
0.0921553
0.091925
0.0916952
0.0914672
0.0912432
0.0910272
0.0908241
0.0906398
0.0904811
0.0903551
0.0902693
0.0902305
0.0902453
0.0903191
0.0904563
0.0906595
0.0909299
0.0912669
0.0916682
0.0921298
0.0926462
0.0932108
0.0938158
0.094453
0.0951137
0.0957892
0.096471
0.097151
0.097822
0.098477
0.0991101
0.099716
0.10029
0.100827
0.101324
0.101777
0.102182
0.102536
0.102835
0.103076
0.103256
0.103372
0.103423
0.103407
0.103325
0.103178
0.10297
0.102704
0.102388
0.102028
0.101634
0.101215
0.100781
0.100344
0.0999131
0.0994977
0.0991062
0.0987453
0.09842
0.0981331
0.0978857
0.0976769
0.0975038
0.0973621
0.0972461
0.0971493
0.0970646
0.0969847
0.0969026
0.0968121
0.0967074
0.0965841
0.096439
0.0962704
0.0960776
0.0958616
0.0956242
0.0953687
0.0950987
0.0948189
0.0945339
0.0942487
0.0939678
0.0936956
0.093436
0.093192
0.0929661
0.09276
0.092575
0.0924117
0.0922706
0.0921523
0.0920572
0.0919865
0.0919419
0.0919258
0.0919413
0.101245
