0.0962135
0.0960975
0.0959615
0.095805
0.095629
0.095435
0.0952256
0.0950041
0.0947741
0.0945397
0.0943051
0.0940746
0.0938519
0.0936406
0.0934438
0.0932638
0.0931026
0.0929614
0.092841
0.0927415
0.0926631
0.0926052
0.0925677
0.09255
0.0925518
0.0925729
0.0926131
0.0926726
0.0927516
0.0928504
0.0929692
0.0931084
0.0932682
0.0934489
0.0936503
0.0938725
0.0941153
0.0943782
0.0946611
0.0949635
0.095285
0.0956255
0.0959847
0.0963625
0.096759
0.0971744
0.097609
0.098063
0.0985369
0.0990311
0.099546
0.100082
0.100639
0.101217
0.101817
0.102437
0.103076
0.103735
0.104411
0.105102
0.105808
0.106524
0.107249
0.107979
0.108712
0.109443
0.11017
0.110888
0.111594
0.112283
0.112954
0.113602
0.114224
0.114818
0.115381
0.115912
0.116408
0.11687
0.117296
0.117687
0.118042
0.118364
0.118653
0.11891
0.119138
0.119338
0.119513
0.119665
0.119797
0.119912
0.12001
0.120096
0.12017
0.120236
0.120294
0.120347
0.120396
0.120442
0.120486
0.120529
0.120571
0.120612
0.120651
0.12069
0.120726
0.12076
0.12079
0.120815
0.120834
0.120846
0.12085
0.120844
0.120827
0.120798
0.120758
0.120704
0.120637
0.120557
0.120465
0.120361
0.120247
0.120123
0.119992
0.119856
0.119716
0.119576
0.119437
0.119303
0.119175
0.119057
0.11895
0.118856
0.118778
0.118716
0.118671
0.118645
0.118636
0.118646
0.118673
0.118715
0.118772
0.118842
0.118922
0.119009
0.119101
0.119195
0.119287
0.119375
0.119455
0.119524
0.119579
0.119617
0.119636
0.119632
0.119605
0.119552
0.119472
0.119365
0.119229
0.119066
0.118876
0.11866
0.118419
0.118156
0.117873
0.117573
0.117258
0.116933
0.116602
0.116267
0.115933
0.115605
0.115285
0.114979
0.11469
0.114421
0.114176
0.113958
0.113769
0.113611
0.113486
0.113395
0.113338
0.113316
0.113326
0.113369
0.113441
0.113541
0.113667
0.113813
0.113978
0.114157
0.114347
0.114543
0.114741
0.114939
0.115132
0.115317
0.115492
0.115654
0.115802
0.115934
0.116049
0.116147
0.116229
0.116296
0.116348
0.116389
0.116419
0.116443
0.116462
0.116479
0.116499
0.116525
0.116559
0.116606
0.11667
0.116753
0.11686
0.116992
0.117153
0.117346
0.117573
0.117835
0.118134
0.118472
0.118847
0.119261
0.119712
0.120199
0.12072
0.121274
0.121858
0.122468
0.123101
0.123755
0.124425
0.125108
0.125801
0.1265
0.127201
0.127904
0.128603
0.129299
0.129989
0.130671
0.131345
0.13201
0.132666
0.133313
0.13395
0.134579
0.135199
0.135813
0.136421
0.137024
0.137624
0.138223
0.138821
0.139422
0.140026
0.140636
0.141252
0.141877
0.14251
0.143154
0.143807
0.144468
0.145138
0.145813
0.14649
0.147167
0.14784
0.148502
0.14915
0.149777
0.150378
0.150947
0.151477
0.151964
0.152401
0.152785
0.153111
0.153374
0.153573
0.153704
0.153767
0.153761
0.153685
0.15354
0.153327
0.153047
0.152703
0.152296
0.15183
0.151308
0.150732
0.150106
0.149434
0.163476
