0.176811
0.175937
0.174879
0.173649
0.17226
0.170727
0.169067
0.167295
0.165429
0.163486
0.161483
0.159435
0.157358
0.155267
0.153174
0.151091
0.149028
0.146995
0.144999
0.143047
0.141143
0.139293
0.137498
0.135763
0.134087
0.132473
0.13092
0.129429
0.128
0.126632
0.125324
0.124076
0.122885
0.12175
0.12067
0.119643
0.118667
0.117738
0.116857
0.116019
0.115223
0.114468
0.113751
0.11307
0.112424
0.111813
0.111236
0.110692
0.110182
0.109705
0.109262
0.108854
0.10848
0.108142
0.107838
0.107569
0.107334
0.107131
0.106959
0.106816
0.106698
0.106602
0.106527
0.106467
0.106419
0.106381
0.106348
0.106319
0.106291
0.106262
0.106231
0.106198
0.106161
0.106122
0.106081
0.106039
0.105997
0.105957
0.105921
0.10589
0.105867
0.105851
0.105846
0.105852
0.105872
0.105906
0.105955
0.106022
0.106106
0.10621
0.106334
0.106479
0.106647
0.106838
0.107052
0.107291
0.107553
0.10784
0.108149
0.108482
0.108835
0.109208
0.109599
0.110005
0.110425
0.110854
0.111291
0.111732
0.112175
0.112616
0.113053
0.113482
0.113903
0.114311
0.114706
0.115085
0.115447
0.11579
0.116115
0.11642
0.116705
0.11697
0.117215
0.117441
0.117649
0.117839
0.118013
0.118172
0.118317
0.11845
0.118573
0.118686
0.118792
0.118891
0.118984
0.119072
0.119155
0.119233
0.119306
0.119372
0.119431
0.11948
0.119516
0.119538
0.119542
0.119525
0.119482
0.119411
0.119307
0.119167
0.118988
0.118767
0.1185
0.118186
0.117824
0.117412
0.116951
0.116442
0.115885
0.115284
0.114641
0.113961
0.113249
0.112509
0.111748
0.110973
0.110191
0.109409
0.108635
0.107877
0.107145
0.106444
0.105785
0.105175
0.104622
0.104133
0.103715
0.103374
0.103115
0.102944
0.102863
0.102875
0.102981
0.103182
0.103477
0.103863
0.104337
0.104894
0.105528
0.106233
0.107001
0.107824
0.108693
0.109599
0.110531
0.111482
0.112442
0.113402
0.114355
0.115292
0.116208
0.117097
0.117955
0.118779
0.119566
0.120315
0.121026
0.121699
0.122337
0.122942
0.123516
0.124062
0.124583
0.125084
0.125568
0.126037
0.126494
0.126942
0.127384
0.12782
0.12825
0.128677
0.129098
0.129514
0.129921
0.130319
0.130704
0.131072
0.131421
0.131747
0.132044
0.132309
0.132537
0.132722
0.132861
0.132948
0.132979
0.13295
0.132857
0.132697
0.132465
0.132161
0.131783
0.131329
0.1308
0.130197
0.129523
0.12878
0.127974
0.127111
0.126197
0.12524
0.124249
0.123234
0.122205
0.121172
0.120144
0.119133
0.118146
0.117192
0.11628
0.115414
0.114599
0.113841
0.113142
0.112502
0.111924
0.111407
0.110951
0.110555
0.110218
0.109939
0.109717
0.109549
0.109433
0.109368
0.109351
0.109378
0.109445
0.109547
0.10968
0.109837
0.110012
0.110197
0.110386
0.110571
0.110744
0.1109
0.111033
0.111138
0.111211
0.111251
0.111257
0.11123
0.111174
0.111091
0.110985
0.110862
0.110726
0.123183
