0.0866332
0.0859659
0.0854195
0.0849868
0.0846607
0.0844342
0.0843008
0.0842542
0.0842888
0.0843992
0.0845803
0.084827
0.0851344
0.0854973
0.0859106
0.0863687
0.0868662
0.0873973
0.0879566
0.0885385
0.089138
0.0897501
0.0903706
0.0909955
0.0916216
0.0922461
0.0928669
0.0934822
0.0940908
0.0946919
0.0952851
0.0958701
0.096447
0.0970161
0.0975777
0.0981322
0.0986802
0.099222
0.0997581
0.100289
0.100814
0.101334
0.101849
0.102358
0.102861
0.103357
0.103846
0.104327
0.104798
0.105259
0.105709
0.106148
0.106575
0.106989
0.10739
0.10778
0.108158
0.108525
0.108882
0.109232
0.109575
0.109914
0.110251
0.110589
0.11093
0.111276
0.11163
0.111995
0.112372
0.112764
0.113173
0.113599
0.114046
0.114513
0.115002
0.115512
0.116046
0.116601
0.117179
0.117778
0.118398
0.119037
0.119694
0.120367
0.121053
0.121751
0.122458
0.123169
0.123884
0.124597
0.125305
0.126005
0.126693
0.127365
0.128017
0.128647
0.129252
0.129828
0.130373
0.130885
0.131363
0.131805
0.132211
0.132581
0.132914
0.133212
0.133474
0.133701
0.133895
0.134056
0.134186
0.134285
0.134355
0.134395
0.134407
0.134391
0.134347
0.134275
0.134174
0.134045
0.133886
0.133698
0.133479
0.133229
0.132947
0.132633
0.132286
0.131906
0.131493
0.131047
0.130567
0.130056
0.129513
0.128941
0.12834
0.127712
0.127061
0.126388
0.125697
0.124991
0.124275
0.123552
0.122828
0.122106
0.121393
0.120692
0.12001
0.119351
0.118721
0.118124
0.117564
0.117047
0.116576
0.116153
0.115783
0.115466
0.115204
0.114997
0.114846
0.11475
0.114708
0.114716
0.114773
0.114875
0.115017
0.115197
0.115409
0.115647
0.115907
0.116184
0.116471
0.116764
0.117056
0.117344
0.117621
0.117883
0.118127
0.118347
0.118541
0.118706
0.11884
0.118941
0.119008
0.11904
0.119038
0.119003
0.118935
0.118837
0.118711
0.11856
0.118387
0.118197
0.117993
0.11778
0.117562
0.117343
0.117128
0.116921
0.116727
0.11655
0.116393
0.116259
0.116151
0.116072
0.116024
0.116007
0.116022
0.116069
0.116149
0.116261
0.116402
0.116573
0.11677
0.116993
0.117239
0.117506
0.117792
0.118094
0.118412
0.118743
0.119086
0.119439
0.119802
0.120174
0.120554
0.120941
0.121337
0.121739
0.122149
0.122566
0.122992
0.123425
0.123867
0.124318
0.124778
0.125249
0.125731
0.126226
0.126733
0.127253
0.127789
0.128339
0.128904
0.129485
0.130081
0.130691
0.131313
0.131946
0.132586
0.13323
0.133874
0.134514
0.135144
0.13576
0.136355
0.136923
0.137459
0.137957
0.138413
0.13882
0.139174
0.139473
0.139712
0.139888
0.14
0.140046
0.140025
0.139936
0.13978
0.139555
0.139263
0.138904
0.13848
0.137993
0.137444
0.136837
0.136175
0.135462
0.134702
0.133902
0.133066
0.132202
0.131316
0.130415
0.129506
0.128595
0.127687
0.12679
0.125907
0.125043
0.1242
0.123381
0.122588
0.121821
0.121081
0.120368
0.119681
0.119019
0.118382
0.130602
