0.172944
0.171578
0.170055
0.168389
0.1666
0.164704
0.16272
0.160666
0.158559
0.156417
0.154258
0.152097
0.149949
0.147827
0.145744
0.143709
0.141732
0.139818
0.137973
0.1362
0.1345
0.132875
0.131322
0.129839
0.128425
0.127075
0.125787
0.124554
0.123375
0.122245
0.12116
0.120117
0.119113
0.118146
0.117212
0.116312
0.115442
0.114602
0.113791
0.113009
0.112255
0.111528
0.11083
0.11016
0.109518
0.108906
0.108324
0.107772
0.107252
0.106765
0.106313
0.105897
0.105519
0.10518
0.104881
0.104625
0.104411
0.10424
0.104113
0.104029
0.103986
0.103983
0.104018
0.104087
0.104188
0.104317
0.10447
0.104643
0.104831
0.105031
0.10524
0.105453
0.105668
0.105884
0.106097
0.106308
0.106515
0.106718
0.106919
0.107116
0.107313
0.10751
0.107708
0.107909
0.108115
0.108328
0.108548
0.108777
0.109017
0.10927
0.109535
0.109813
0.110107
0.110416
0.11074
0.11108
0.111435
0.111806
0.112191
0.112589
0.112999
0.113419
0.113848
0.114282
0.114718
0.115154
0.115587
0.116012
0.116427
0.116827
0.117209
0.117571
0.117908
0.118219
0.1185
0.118751
0.11897
0.119155
0.119307
0.119426
0.119513
0.119569
0.119596
0.119596
0.119573
0.11953
0.119469
0.119395
0.119311
0.119221
0.119129
0.119039
0.118953
0.118875
0.118807
0.118751
0.118709
0.118681
0.118668
0.118668
0.11868
0.118703
0.118732
0.118765
0.118798
0.118825
0.118841
0.118843
0.118823
0.118778
0.118701
0.118588
0.118435
0.118238
0.117993
0.117699
0.117353
0.116956
0.116507
0.116009
0.115462
0.114872
0.114241
0.113575
0.112881
0.112164
0.111432
0.110693
0.109956
0.109229
0.108521
0.107841
0.107197
0.106598
0.106053
0.105569
0.105153
0.104812
0.104549
0.104371
0.104279
0.104276
0.104364
0.10454
0.104804
0.105153
0.105583
0.106088
0.106664
0.107302
0.107997
0.108739
0.109521
0.110335
0.111171
0.112021
0.112879
0.113735
0.114584
0.11542
0.116237
0.117032
0.1178
0.118539
0.119249
0.119928
0.120577
0.121197
0.12179
0.122359
0.122906
0.123436
0.123951
0.124457
0.124956
0.125453
0.12595
0.126453
0.126962
0.127481
0.12801
0.128551
0.129105
0.129669
0.130244
0.130826
0.131412
0.131998
0.13258
0.133152
0.133709
0.134242
0.134745
0.135211
0.135632
0.136
0.136307
0.136546
0.13671
0.136793
0.136789
0.136694
0.136504
0.136218
0.135834
0.135354
0.13478
0.134116
0.133367
0.13254
0.131642
0.130682
0.12967
0.128615
0.127527
0.126416
0.125291
0.124161
0.123035
0.121921
0.120825
0.119755
0.118714
0.11771
0.116745
0.115824
0.11495
0.114127
0.113358
0.112644
0.111987
0.111389
0.11085
0.110369
0.109946
0.109579
0.109264
0.108998
0.108775
0.10859
0.108437
0.108311
0.108203
0.108109
0.108022
0.107938
0.107851
0.10776
0.107662
0.107557
0.107446
0.10733
0.107211
0.107093
0.106978
0.106868
0.106766
0.106671
0.106585
0.118645
