0.092874
0.0929476
0.0930575
0.0932051
0.0933912
0.0936164
0.0938803
0.0941822
0.0945211
0.0948953
0.0953031
0.0957424
0.0962111
0.0967071
0.097228
0.0977719
0.0983365
0.0989198
0.0995196
0.100134
0.100761
0.101397
0.102041
0.102689
0.103339
0.103989
0.104634
0.105272
0.1059
0.106516
0.107116
0.107699
0.108262
0.108805
0.109325
0.109824
0.1103
0.110754
0.111187
0.111599
0.111993
0.112368
0.112727
0.113072
0.113403
0.113722
0.114031
0.114329
0.11462
0.114901
0.115176
0.115443
0.115702
0.115955
0.116199
0.116436
0.116665
0.116886
0.117096
0.117297
0.117487
0.117666
0.117832
0.117984
0.118122
0.118243
0.118348
0.118434
0.1185
0.118546
0.118571
0.118572
0.118551
0.118505
0.118435
0.118342
0.118224
0.118084
0.117921
0.117737
0.117535
0.117314
0.117079
0.11683
0.116571
0.116304
0.116033
0.11576
0.115488
0.115219
0.114957
0.114705
0.114464
0.114238
0.114027
0.113834
0.11366
0.113506
0.113374
0.113262
0.113173
0.113105
0.113058
0.113031
0.113023
0.113033
0.113059
0.113101
0.113156
0.113222
0.113297
0.11338
0.113469
0.113561
0.113656
0.113752
0.113846
0.113939
0.114028
0.114113
0.114193
0.114268
0.114338
0.114402
0.114462
0.114516
0.114567
0.114614
0.114659
0.114704
0.114748
0.114793
0.114841
0.114893
0.11495
0.115012
0.115082
0.115159
0.115244
0.115339
0.115442
0.115555
0.115677
0.115807
0.115946
0.116093
0.116247
0.116407
0.116571
0.116739
0.11691
0.117082
0.117253
0.117423
0.117589
0.117752
0.117908
0.118058
0.1182
0.118333
0.118456
0.118568
0.11867
0.11876
0.11884
0.118907
0.118964
0.11901
0.119046
0.119073
0.119092
0.119104
0.119111
0.119112
0.11911
0.119107
0.119103
0.119099
0.119098
0.119099
0.119105
0.119115
0.119131
0.119154
0.119183
0.119219
0.119263
0.119313
0.119371
0.119436
0.119507
0.119585
0.119669
0.119757
0.119851
0.119949
0.12005
0.120155
0.120261
0.12037
0.120479
0.12059
0.1207
0.120811
0.120921
0.121031
0.12114
0.121248
0.121357
0.121464
0.121572
0.12168
0.121788
0.121897
0.122007
0.122118
0.122231
0.122345
0.122461
0.122578
0.122696
0.122814
0.122933
0.123052
0.123169
0.123285
0.123398
0.123509
0.123615
0.123716
0.123813
0.123903
0.123988
0.124066
0.124138
0.124203
0.124261
0.124313
0.124358
0.124398
0.124433
0.124463
0.124489
0.124513
0.124535
0.124557
0.12458
0.124606
0.124636
0.124674
0.12472
0.124778
0.124849
0.124936
0.125042
0.12517
0.125321
0.125498
0.125702
0.125937
0.126203
0.126501
0.126833
0.127198
0.127597
0.12803
0.128495
0.128991
0.129517
0.130071
0.130651
0.131255
0.131879
0.132523
0.133182
0.133854
0.134536
0.135226
0.135921
0.136618
0.137315
0.138009
0.138697
0.139378
0.14005
0.140709
0.141355
0.141986
0.1426
0.143197
0.143774
0.144331
0.144867
0.145382
0.145873
0.146341
0.146785
0.147204
0.147596
0.162357
