0.0701262
0.0714481
0.072998
0.0747671
0.0767418
0.0789036
0.0812305
0.0836974
0.0862773
0.088942
0.0916629
0.0944116
0.0971613
0.0998866
0.102565
0.105176
0.107704
0.110134
0.112455
0.114657
0.116733
0.118674
0.120471
0.122113
0.123583
0.124863
0.12593
0.126756
0.127309
0.127557
0.127466
0.127004
0.126145
0.124866
0.123158
0.12102
0.118464
0.115517
0.112217
0.108617
0.10478
0.100779
0.0966929
0.0926045
0.0885966
0.0847488
0.0811347
0.0778186
0.0748538
0.0722806
0.0701251
0.0683997
0.0671029
0.0662208
0.0657285
0.0655925
0.0657729
0.0662256
0.0669047
0.0677646
0.0687613
0.0698537
0.0710042
0.0721788
0.073347
0.0744811
0.0755557
0.076547
0.077432
0.0781885
0.0787946
0.0792293
0.079473
0.079508
0.0793197
0.0788978
0.0782368
0.077337
0.0762054
0.0748555
0.0733074
0.0715874
0.069727
0.0677624
0.0657324
0.0636779
0.0616399
0.0596586
0.0577718
0.0560141
0.054416
0.0530035
0.0517974
0.0508136
0.0500626
0.0495504
0.0492785
0.0492443
0.0494417
0.0498617
0.0504926
0.0513209
0.0523314
0.0535077
0.0548324
0.0562878
0.0578556
0.0595177
0.0612558
0.0630522
0.0648896
0.0667512
0.0686213
0.0704851
0.0723293
0.0741417
0.075912
0.0776318
0.0792946
0.080896
0.0824343
0.0839099
0.085326
0.0866883
0.088005
0.089287
0.0905476
0.0918023
0.0930687
0.0943665
0.0957165
0.0971409
0.0986626
0.100305
0.10209
0.10404
0.106176
0.108515
0.111074
0.113864
0.116893
0.120164
0.123675
0.127418
0.131377
0.135532
0.139854
0.144307
0.148851
0.153437
0.158012
0.162516
0.166888
0.171064
0.174979
0.178568
0.181769
0.184525
0.186784
0.188503
0.189646
0.190189
0.190119
0.189433
0.188144
0.186272
0.183852
0.180928
0.177553
0.173788
0.1697
0.16536
0.160838
0.156209
0.151541
0.146901
0.142352
0.137946
0.133732
0.129749
0.126027
0.122591
0.119454
0.116624
0.114102
0.111884
0.109959
0.108314
0.106933
0.105798
0.10489
0.104189
0.103677
0.103336
0.103149
0.103101
0.103179
0.103371
0.103667
0.10406
0.104541
0.105105
0.105748
0.106465
0.107254
0.108112
0.109036
0.110023
0.11107
0.112175
0.113334
0.114544
0.1158
0.117097
0.11843
0.119795
0.121183
0.12259
0.124009
0.125431
0.126851
0.12826
0.129651
0.131018
0.132353
0.133649
0.1349
0.136101
0.137245
0.138329
0.139348
0.140299
0.141181
0.141992
0.14273
0.143398
0.143996
0.144527
0.144993
0.145398
0.145747
0.146045
0.146297
0.146509
0.146687
0.146838
0.146968
0.147083
0.147188
0.147291
0.147396
0.147508
0.147632
0.147773
0.147935
0.148123
0.148342
0.148596
0.148891
0.149234
0.149633
0.150096
0.150634
0.151259
0.151985
0.152826
0.153797
0.154915
0.156195
0.157648
0.159286
0.161114
0.163131
0.165331
0.167701
0.170217
0.172852
0.175573
0.178341
0.181119
0.18387
0.186565
0.189183
0.191711
0.194151
0.196512
0.19881
0.201066
0.203293
0.205498
0.20767
0.209776
0.211764
0.213558
0.215065
0.216186
0.216827
0.216906
0.216374
0.242199
