0
1.76339e-50
2.44088e-48
1.68255e-46
7.70109e-45
2.63295e-43
7.17235e-42
1.62157e-40
3.1296e-39
5.26351e-38
7.83659e-37
1.04576e-35
1.26344e-34
1.39344e-33
1.41272e-32
1.32444e-31
1.15406e-30
9.3881e-30
7.15771e-29
5.13237e-28
3.47174e-27
2.22158e-26
1.34816e-25
7.77631e-25
4.27216e-24
2.23966e-23
1.12235e-22
5.38491e-22
2.47725e-21
1.0942e-20
4.64634e-20
1.899e-19
7.47861e-19
2.84084e-18
1.0419e-17
3.69281e-17
1.26594e-16
4.20096e-16
1.35052e-15
4.20906e-15
1.27264e-14
3.73548e-14
1.06509e-13
2.95176e-13
7.95583e-13
2.0866e-12
5.32809e-12
1.32527e-11
3.21256e-11
7.5931e-11
1.75068e-10
3.93921e-10
8.65394e-10
1.85697e-09
3.89368e-09
7.98097e-09
1.59979e-08
3.13729e-08
6.02139e-08
1.1315e-07
2.08254e-07
3.75561e-07
6.63863e-07
1.15068e-06
1.95648e-06
3.26445e-06
5.34727e-06
8.60233e-06
1.35969e-05
2.11247e-05
3.22742e-05
4.85097e-05
7.17649e-05
0.000104547
0.000150053
0.000212291
0.00029621
0.000407837
0.000554413
0.000744537
0.000988323
0.00129755
0.00168586
0.00216892
0.00276466
0.00349353
0.00437876
0.00544662
0.0067268
0.00825268
0.0100617
0.0121955
0.0147003
0.0176273
0.0210321
0.0249755
0.0295228
0.0347436
0.0407116
0.0475038
0.0551997
0.0638806
0.0736278
0.0845221
0.0966414
0.11006
0.124846
0.141058
0.158748
0.177953
0.198697
0.220986
0.24481
0.270138
0.296915
0.325066
0.354489
0.38506
0.416626
0.449013
0.482021
0.515428
0.548991
0.582449
0.615527
0.647938
0.679386
0.709573
0.738203
0.764985
0.789639
0.811902
0.831531
0.848307
0.862042
0.872578
0.879795
0.88361
0.883978
0.880897
0.874402
0.864571
0.851518
0.835393
0.81638
0.794692
0.770567
0.744264
0.716061
0.686245
0.655111
0.622957
0.590076
0.556757
0.523277
0.489899
0.456867
0.424407
0.392721
0.361989
0.332367
0.303984
0.276945
0.251332
0.227203
0.204594
0.183519
0.163978
0.145949
0.129398
0.11428
0.100537
0.0881042
0.0769097
0.0668775
0.0579288
0.0499832
0.0429604
0.0367815
0.0313694
0.0266502
0.0225533
0.0190125
0.0159655
0.0133551
0.0111282
0.00923686
0.00763733
0.00629039
0.00516098
0.00421799
0.00343399
0.00278492
0.00224981
0.0018105
0.00145136
0.00115896
0.000921901
0.000730502
0.000576607
0.000453378
0.00035511
0.000277069
0.000215345
0.000166726
0.000128587
9.87899e-05
7.56051e-05
5.76386e-05
4.37724e-05
3.31139e-05
2.49542e-05
1.87328e-05
1.40083e-05
1.0435e-05
7.74332e-06
5.72381e-06
4.21472e-06
3.09156e-06
2.25898e-06
1.64427e-06
1.19223e-06
8.61137e-07
6.196e-07
4.44097e-07
3.17081e-07
2.25522e-07
1.59785e-07
1.12774e-07
7.92887e-08
5.55316e-08
3.87433e-08
2.69266e-08
1.8642e-08
1.28568e-08
8.83288e-09
6.04504e-09
4.12121e-09
2.79885e-09
1.89349e-09
1.27607e-09
8.56674e-10
5.72909e-10
3.81668e-10
2.53288e-10
1.67445e-10
1.10271e-10
7.234e-11
4.72744e-11
3.07754e-11
1.99577e-11
1.28928e-11
8.29692e-12
5.31881e-12
3.39659e-12
2.16074e-12
1.36928e-12
8.64394e-13
5.43579e-13
3.40521e-13
2.12499e-13
1.32099e-13
8.18039e-14
5.04637e-14
3.1011e-14
1.89838e-14
1.15766e-14
7.03253e-15
4.25572e-15
2.56546e-15
1.5406e-15
9.21604e-16
5.49201e-16
3.26024e-16
1.92796e-16
1.13574e-16
6.66488e-17
3.89616e-17
2.26888e-17
1.31619e-17
7.60604e-18
4.37854e-18
2.51091e-18
1.43438e-18
8.16263e-19
4.6273e-19
2.6131e-19
1.47e-19
8.23774e-20
4.59868e-20
2.55736e-20
1.41674e-20
7.81904e-21
4.29985e-21
2.35751e-21
1.29149e-21
7.12514e-22
4.07626e-22
2.67585e-22
2.88775e-22
