0.0975664
0.0975488
0.0975203
0.0974813
0.097432
0.0973723
0.0973019
0.0972206
0.0971278
0.0970233
0.0969071
0.0967794
0.0966409
0.096493
0.0963374
0.0961767
0.0960137
0.0958521
0.0956957
0.095549
0.0954163
0.0953022
0.0952112
0.0951475
0.0951151
0.0951175
0.0951576
0.0952378
0.09536
0.0955252
0.0957342
0.095987
0.0962833
0.0966222
0.0970026
0.097423
0.0978819
0.0983773
0.0989071
0.0994693
0.100061
0.100681
0.101325
0.10199
0.102675
0.103374
0.104085
0.104805
0.105529
0.106254
0.106975
0.10769
0.108394
0.109084
0.109756
0.110408
0.111037
0.111641
0.112217
0.112764
0.113281
0.113766
0.11422
0.114643
0.115033
0.115393
0.115722
0.116022
0.116293
0.116536
0.116754
0.116946
0.117114
0.117258
0.117381
0.117483
0.117564
0.117625
0.117666
0.117687
0.117689
0.11767
0.117632
0.117574
0.117495
0.117395
0.117273
0.11713
0.116965
0.116778
0.116568
0.116337
0.116085
0.115812
0.11552
0.115209
0.114881
0.114537
0.11418
0.113812
0.113434
0.113051
0.112665
0.112279
0.111896
0.111521
0.111156
0.110805
0.110473
0.110162
0.109877
0.109621
0.109397
0.109208
0.109058
0.108947
0.108879
0.108855
0.108875
0.108941
0.109051
0.109205
0.109401
0.109638
0.109914
0.110224
0.110567
0.110938
0.111333
0.111748
0.112179
0.112621
0.113069
0.113519
0.113967
0.114408
0.114839
0.115256
0.115655
0.116034
0.116389
0.116719
0.117022
0.117296
0.117541
0.117755
0.117939
0.118093
0.118216
0.118311
0.118377
0.118417
0.118431
0.118422
0.118391
0.118341
0.118273
0.118189
0.118091
0.117982
0.117863
0.117737
0.117604
0.117467
0.117326
0.117184
0.117041
0.116898
0.116755
0.116614
0.116475
0.116337
0.116201
0.116068
0.115937
0.115807
0.11568
0.115554
0.11543
0.115309
0.115189
0.115072
0.114959
0.114849
0.114745
0.114646
0.114555
0.114472
0.1144
0.11434
0.114293
0.114262
0.114248
0.114253
0.114278
0.114325
0.114393
0.114485
0.1146
0.114739
0.114901
0.115086
0.115292
0.115519
0.115765
0.116027
0.116305
0.116595
0.116895
0.117203
0.117515
0.11783
0.118145
0.118456
0.118762
0.11906
0.119348
0.119625
0.119888
0.120136
0.120368
0.120584
0.120784
0.120967
0.121134
0.121287
0.121427
0.121556
0.121677
0.121793
0.121907
0.122022
0.122142
0.122272
0.122414
0.122573
0.122752
0.122956
0.123187
0.123448
0.123743
0.124073
0.12444
0.124846
0.125292
0.125778
0.126305
0.126873
0.12748
0.128127
0.128812
0.129533
0.13029
0.131079
0.131898
0.132746
0.133618
0.134513
0.135426
0.136355
0.137295
0.138245
0.139199
0.140156
0.141112
0.142064
0.14301
0.143948
0.144875
0.145791
0.146694
0.147584
0.148461
0.149323
0.150172
0.151007
0.151828
0.152635
0.153429
0.154208
0.154971
0.155718
0.156446
0.157154
0.157838
0.158496
0.159124
0.159719
0.160275
0.16079
0.161259
0.161677
0.162041
0.162345
0.162588
0.162764
0.16287
0.162904
0.162864
0.178495
