0.0919853
0.0920533
0.0921462
0.0922625
0.0924007
0.0925593
0.0927372
0.0929335
0.0931476
0.0933794
0.0936287
0.0938958
0.0941808
0.094484
0.0948056
0.0951456
0.0955039
0.09588
0.0962735
0.0966835
0.0971092
0.0975498
0.0980044
0.0984721
0.0989523
0.0994445
0.0999483
0.100464
0.100991
0.101529
0.10208
0.102643
0.103219
0.103808
0.104409
0.105022
0.105647
0.106281
0.106925
0.107576
0.108232
0.108889
0.109546
0.1102
0.110846
0.111483
0.112106
0.112713
0.1133
0.113866
0.114408
0.114924
0.115412
0.11587
0.116297
0.116693
0.117056
0.117388
0.117686
0.117952
0.118186
0.118388
0.118559
0.118699
0.11881
0.118893
0.118948
0.118978
0.118982
0.118963
0.118922
0.118861
0.11878
0.118681
0.118566
0.118435
0.11829
0.118132
0.117961
0.11778
0.117587
0.117384
0.117172
0.11695
0.116719
0.11648
0.116232
0.115976
0.115711
0.115439
0.11516
0.114874
0.114582
0.114284
0.113983
0.113678
0.113372
0.113065
0.112761
0.112461
0.112166
0.11188
0.111606
0.111344
0.111098
0.110871
0.110664
0.11048
0.110321
0.110189
0.110086
0.110012
0.109969
0.109957
0.109976
0.110027
0.110109
0.110222
0.110363
0.110532
0.110726
0.110944
0.111184
0.111443
0.111718
0.112006
0.112305
0.112611
0.112923
0.113236
0.113548
0.113857
0.114159
0.114452
0.114733
0.115002
0.115255
0.115492
0.115711
0.115912
0.116092
0.116253
0.116395
0.116516
0.116619
0.116704
0.116772
0.116824
0.116862
0.116887
0.116901
0.116906
0.116904
0.116895
0.116883
0.116868
0.116851
0.116834
0.116818
0.116803
0.116791
0.116781
0.116773
0.116768
0.116764
0.116763
0.116762
0.116762
0.116761
0.11676
0.116756
0.116749
0.116739
0.116725
0.116707
0.116684
0.116657
0.116625
0.11659
0.11655
0.116508
0.116464
0.116419
0.116375
0.116332
0.116294
0.11626
0.116232
0.116213
0.116205
0.116208
0.116224
0.116255
0.116303
0.116368
0.116452
0.116556
0.116679
0.116824
0.11699
0.117177
0.117384
0.11761
0.117856
0.118118
0.118397
0.118689
0.118992
0.119304
0.119623
0.119945
0.120267
0.120587
0.120901
0.121207
0.121502
0.121783
0.122048
0.122295
0.122522
0.122727
0.12291
0.123068
0.123203
0.123314
0.123401
0.123465
0.123507
0.123528
0.12353
0.123515
0.123486
0.123445
0.123395
0.12334
0.123283
0.123227
0.123178
0.123137
0.123111
0.123101
0.123113
0.123149
0.123214
0.12331
0.12344
0.123606
0.123811
0.124056
0.124341
0.124669
0.125038
0.125449
0.125901
0.126394
0.126925
0.127495
0.128102
0.128743
0.129418
0.130124
0.13086
0.131623
0.132411
0.133223
0.134057
0.13491
0.135779
0.136664
0.137562
0.13847
0.139386
0.140308
0.141234
0.14216
0.143086
0.144009
0.144927
0.145837
0.146738
0.147629
0.148507
0.149371
0.150219
0.151049
0.151861
0.152651
0.153418
0.154161
0.154876
0.155562
0.156215
0.156833
0.157413
0.157951
0.158445
0.158891
0.159286
0.159627
0.175391
