0.391587
0.391167
0.389726
0.387644
0.38528
0.382926
0.380781
0.378925
0.377332
0.375879
0.374383
0.37263
0.370417
0.367578
0.364006
0.359666
0.354593
0.348883
0.342678
0.336144
0.329457
0.322782
0.316259
0.309999
0.30408
0.298542
0.293398
0.288638
0.284232
0.280145
0.276334
0.272759
0.269386
0.266189
0.26315
0.260258
0.257514
0.254923
0.252496
0.250248
0.248196
0.246358
0.244749
0.243385
0.242277
0.241433
0.240857
0.24055
0.240507
0.240721
0.241179
0.241865
0.242761
0.243845
0.245093
0.246477
0.247968
0.249538
0.251154
0.252784
0.254396
0.255956
0.257432
0.25879
0.26
0.261028
0.261846
0.262424
0.262735
0.262753
0.262457
0.261824
0.260837
0.25948
0.257741
0.255612
0.253085
0.250161
0.246838
0.243122
0.239022
0.234548
0.229715
0.224542
0.219048
0.213257
0.207196
0.200891
0.194372
0.18767
0.180817
0.173846
0.16679
0.159682
0.152555
0.145441
0.138372
0.131379
0.12449
0.117733
0.111134
0.104719
0.0985085
0.0925251
0.0867879
0.0813146
0.0761215
0.0712232
0.0666332
0.0623638
0.0584262
0.0548306
0.0515866
0.048703
0.0461881
0.0440495
0.0422945
0.0409297
0.0399613
0.0393945
0.0392338
0.0394825
0.0401425
0.0412142
0.0426957
0.0445828
0.0468684
0.0495424
0.052591
0.0559964
0.0597366
0.0637852
0.0681109
0.0726777
0.0774452
0.0823679
0.0873964
0.0924773
0.0975538
0.102566
0.107454
0.112154
0.116605
0.120746
0.124518
0.127865
0.130737
0.133089
0.134882
0.136085
0.136675
0.136638
0.135968
0.134669
0.132755
0.130248
0.127177
0.123582
0.119507
0.115004
0.110128
0.104939
0.0994983
0.0938687
0.088113
0.0822925
0.076466
0.0706889
0.0650123
0.0594823
0.0541395
0.0490186
0.0441484
0.0395515
0.0352443
0.0312379
0.0275376
0.0241442
0.0210538
0.0182588
0.0157486
0.0135098
0.0115274
0.00978482
0.00826501
0.0069507
0.00582506
0.00487216
0.00407742
0.00342809
0.00291361
0.00252601
0.00226029
0.00211476
0.00209136
0.00219598
0.00243866
0.00283382
0.00340031
0.00416134
0.00514427
0.0063801
0.00790276
0.00974804
0.0119522
0.0145503
0.0175738
0.0210486
0.024992
0.02941
0.0342945
0.0396211
0.0453462
0.0514062
0.0577161
0.0641706
0.070645
0.0769985
0.083078
0.0887237
0.0937755
0.0980796
0.101496
0.103907
0.105222
0.105382
0.104368
0.102197
0.0989275
0.0946519
0.0894963
0.0836124
0.0771702
0.0703499
0.0633331
0.0562947
0.0493954
0.0427759
0.036552
0.0308125
0.0256181
0.0210023
0.0169739
0.01352
0.0106105
0.00820242
0.00624406
0.0046793
0.00345102
0.00250394
0.00178674
0.00125344
0.000864152
0.00058526
0.000389226
0.000254074
0.000162715
0.000102187
6.28992e-05
3.79269e-05
2.23902e-05
1.29336e-05
7.30568e-06
4.03267e-06
2.17374e-06
1.14335e-06
5.86363e-07
2.9295e-07
1.42452e-07
6.73549e-08
3.09344e-08
1.37848e-08
5.95284e-09
2.48798e-09
1.00498e-09
3.91743e-10
1.47118e-10
5.31359e-11
1.84232e-11
6.12076e-12
1.94562e-12
5.9163e-13
1.72792e-13
4.92797e-14
1.44289e-14
4.85765e-15
2.15534e-15
1.26415e-15
8.65629e-16
6.27215e-16
4.61808e-16
3.41346e-16
2.52695e-16
1.87595e-16
1.40237e-16
1.06502e-16
8.36574e-17
7.03339e-17
6.69286e-17
8.70911e-17
