0.0972904
0.0972784
0.0972556
0.0972226
0.0971799
0.0971278
0.0970663
0.0969956
0.0969154
0.0968255
0.096726
0.096617
0.096499
0.0963732
0.0962408
0.0961041
0.0959656
0.0958285
0.0956963
0.0955733
0.0954635
0.0953716
0.095302
0.095259
0.0952467
0.0952689
0.0953288
0.0954291
0.095572
0.0957588
0.0959904
0.096267
0.0965884
0.0969537
0.0973616
0.0978106
0.0982988
0.0988239
0.0993836
0.0999754
0.100596
0.101244
0.101915
0.102605
0.103313
0.104034
0.104765
0.105501
0.106239
0.106976
0.107706
0.108427
0.109134
0.109824
0.110494
0.111141
0.111761
0.112353
0.112914
0.113443
0.11394
0.114402
0.11483
0.115224
0.115584
0.115912
0.116207
0.116471
0.116706
0.116913
0.117093
0.117248
0.117379
0.117488
0.117576
0.117643
0.117691
0.11772
0.117732
0.117725
0.1177
0.117657
0.117596
0.117516
0.117416
0.117297
0.117158
0.116998
0.116817
0.116615
0.116391
0.116146
0.115879
0.115593
0.115286
0.114961
0.11462
0.114263
0.113892
0.113511
0.113121
0.112726
0.112328
0.111932
0.111539
0.111155
0.110783
0.110427
0.11009
0.109777
0.109492
0.109237
0.109016
0.108833
0.10869
0.108589
0.108532
0.108521
0.108556
0.108637
0.108765
0.108938
0.109155
0.109413
0.109709
0.110041
0.110405
0.110797
0.111212
0.111646
0.112094
0.112551
0.113013
0.113475
0.113932
0.114379
0.114814
0.115232
0.11563
0.116005
0.116354
0.116676
0.116968
0.11723
0.117461
0.11766
0.117828
0.117965
0.118073
0.118151
0.118202
0.118227
0.118229
0.118208
0.118168
0.11811
0.118036
0.11795
0.117852
0.117746
0.117633
0.117514
0.117392
0.117268
0.117143
0.117018
0.116895
0.116772
0.116652
0.116534
0.116418
0.116304
0.116191
0.11608
0.11597
0.11586
0.11575
0.11564
0.115529
0.115419
0.115307
0.115196
0.115086
0.114977
0.114871
0.114768
0.114671
0.114581
0.1145
0.114431
0.114374
0.114332
0.114308
0.114302
0.114318
0.114356
0.114417
0.114503
0.114615
0.114752
0.114914
0.115101
0.115312
0.115545
0.1158
0.116074
0.116364
0.116669
0.116986
0.117311
0.117642
0.117976
0.11831
0.118641
0.118966
0.119281
0.119586
0.119876
0.120151
0.120408
0.120646
0.120864
0.121062
0.121241
0.121399
0.12154
0.121664
0.121774
0.121872
0.121961
0.122046
0.122129
0.122215
0.122309
0.122413
0.122534
0.122673
0.122837
0.123028
0.123249
0.123504
0.123796
0.124127
0.124498
0.124911
0.125367
0.125867
0.126411
0.126998
0.127629
0.128301
0.129014
0.129765
0.130553
0.131375
0.132229
0.13311
0.134015
0.134942
0.135886
0.136843
0.13781
0.138782
0.139757
0.140731
0.141701
0.142664
0.143619
0.144562
0.145494
0.146413
0.147317
0.148208
0.149086
0.149949
0.150799
0.151635
0.152459
0.153269
0.154065
0.154847
0.155613
0.156362
0.157092
0.157799
0.158482
0.159137
0.159759
0.160346
0.160893
0.161396
0.161851
0.162252
0.162597
0.162881
0.163101
0.163252
0.163331
0.163336
0.179055
