0.174776
0.175528
0.176124
0.176558
0.176823
0.176915
0.17683
0.176566
0.176121
0.175497
0.174696
0.173721
0.17258
0.171279
0.169828
0.168239
0.166525
0.164698
0.162774
0.16077
0.158701
0.156583
0.154434
0.152269
0.150103
0.147952
0.145828
0.143743
0.141709
0.139735
0.137828
0.135996
0.134243
0.132573
0.13099
0.129494
0.128088
0.126772
0.125544
0.124406
0.123354
0.122387
0.121504
0.1207
0.119974
0.11932
0.118734
0.118212
0.117747
0.117332
0.116961
0.116626
0.11632
0.116035
0.115763
0.115496
0.115228
0.114953
0.114664
0.114358
0.11403
0.113678
0.1133
0.112896
0.112465
0.112009
0.111529
0.111026
0.110504
0.109965
0.109411
0.108846
0.108271
0.107691
0.107108
0.106525
0.105943
0.105367
0.104798
0.10424
0.103696
0.103167
0.102657
0.102169
0.101705
0.101268
0.10086
0.100483
0.10014
0.0998308
0.0995576
0.0993211
0.0991218
0.0989598
0.0988353
0.0987478
0.098697
0.0986822
0.0987029
0.0987585
0.0988485
0.0989723
0.0991296
0.0993201
0.0995437
0.0998004
0.10009
0.100413
0.100769
0.101158
0.101581
0.102036
0.102523
0.103043
0.103594
0.104174
0.104784
0.10542
0.106081
0.106766
0.10747
0.108191
0.108926
0.109672
0.110423
0.111177
0.111928
0.112671
0.113402
0.114116
0.114807
0.115469
0.116099
0.11669
0.117238
0.117739
0.118189
0.118584
0.118921
0.119199
0.119415
0.11957
0.119662
0.119693
0.119665
0.119578
0.119437
0.119244
0.119004
0.11872
0.118397
0.118039
0.117652
0.117239
0.116806
0.116358
0.115898
0.115431
0.11496
0.114491
0.114025
0.113566
0.113117
0.112681
0.112261
0.111858
0.111474
0.111112
0.110772
0.110458
0.110169
0.109907
0.109674
0.109469
0.109294
0.109149
0.109034
0.10895
0.108896
0.108873
0.108882
0.108922
0.108993
0.109096
0.109231
0.109398
0.109599
0.109835
0.110105
0.110411
0.110755
0.111136
0.111556
0.112016
0.112517
0.113057
0.113638
0.114258
0.114917
0.115612
0.116342
0.117104
0.117895
0.11871
0.119546
0.120396
0.121256
0.12212
0.122982
0.123834
0.12467
0.125483
0.126266
0.127011
0.127713
0.128363
0.128956
0.129484
0.129943
0.130326
0.13063
0.130848
0.130979
0.131019
0.130967
0.130821
0.130582
0.13025
0.129828
0.129318
0.128724
0.128052
0.127306
0.126493
0.125622
0.124698
0.123732
0.122731
0.121705
0.120662
0.119612
0.118563
0.117523
0.116499
0.1155
0.114531
0.113597
0.112703
0.111853
0.111048
0.110291
0.109583
0.108924
0.108313
0.107751
0.107235
0.106766
0.106342
0.105964
0.105631
0.105344
0.105104
0.104912
0.104771
0.104682
0.104646
0.104666
0.104742
0.104874
0.105061
0.105302
0.105593
0.105931
0.106312
0.106731
0.107182
0.10766
0.10816
0.108676
0.109205
0.109743
0.110287
0.110833
0.111379
0.111922
0.112461
0.11299
0.113508
0.114009
0.114489
0.114941
0.11536
0.115737
0.116065
0.116338
0.116547
0.116685
0.116748
0.116731
0.130109
