0.105143
0.103943
0.102834
0.101817
0.100893
0.100061
0.0993206
0.0986681
0.0981005
0.0976134
0.0972017
0.0968601
0.0965829
0.0963644
0.0961993
0.0960825
0.0960094
0.0959758
0.0959783
0.0960139
0.09608
0.0961747
0.0962963
0.0964434
0.0966151
0.0968105
0.0970291
0.0972702
0.0975333
0.0978181
0.0981239
0.0984501
0.098796
0.0991605
0.0995424
0.0999402
0.100352
0.100776
0.10121
0.10165
0.102095
0.102542
0.102987
0.103427
0.10386
0.104283
0.104693
0.105089
0.105469
0.105831
0.106175
0.106501
0.106808
0.107099
0.107372
0.107632
0.107878
0.108115
0.108344
0.108568
0.108791
0.109015
0.109244
0.109481
0.10973
0.109993
0.110273
0.110575
0.1109
0.111251
0.111631
0.112043
0.112487
0.112965
0.113478
0.114027
0.114612
0.115233
0.115887
0.116573
0.117289
0.118031
0.118797
0.11958
0.120378
0.121184
0.121992
0.122798
0.123595
0.124378
0.12514
0.125877
0.126584
0.127255
0.127887
0.128476
0.129019
0.129515
0.129962
0.130358
0.130704
0.131
0.131247
0.131446
0.1316
0.13171
0.131779
0.131809
0.131805
0.131769
0.131703
0.131612
0.131498
0.131365
0.131215
0.131051
0.130875
0.130688
0.130493
0.130291
0.130081
0.129865
0.129641
0.12941
0.12917
0.128921
0.128659
0.128383
0.128092
0.127783
0.127455
0.127105
0.126732
0.126334
0.125911
0.125463
0.124988
0.124489
0.123965
0.12342
0.122854
0.122272
0.121677
0.121073
0.120465
0.119857
0.119255
0.118665
0.118093
0.117544
0.117025
0.11654
0.116097
0.1157
0.115353
0.11506
0.114826
0.114652
0.11454
0.114491
0.114505
0.114581
0.114716
0.114907
0.11515
0.115441
0.115772
0.116138
0.116532
0.116945
0.117371
0.117801
0.118227
0.118642
0.119037
0.119407
0.119745
0.120044
0.120301
0.120511
0.120671
0.12078
0.120836
0.120839
0.120791
0.120693
0.120548
0.120361
0.120135
0.119875
0.119588
0.11928
0.118957
0.118626
0.118294
0.117968
0.117656
0.117363
0.117096
0.116862
0.116666
0.116512
0.116405
0.11635
0.116347
0.1164
0.116509
0.116674
0.116895
0.117169
0.117495
0.117868
0.118285
0.118741
0.11923
0.119747
0.120286
0.120841
0.121405
0.121974
0.122541
0.123102
0.123653
0.12419
0.124711
0.125213
0.125696
0.126161
0.126608
0.127038
0.127455
0.127861
0.128259
0.128653
0.129046
0.129441
0.129843
0.130252
0.130673
0.131106
0.131552
0.132012
0.132486
0.132973
0.13347
0.133976
0.134487
0.135
0.135511
0.136014
0.136505
0.136978
0.137425
0.13784
0.138217
0.138547
0.138824
0.139039
0.139185
0.139256
0.139244
0.139145
0.138952
0.138664
0.138276
0.137789
0.137202
0.136517
0.135738
0.134869
0.133916
0.132885
0.131786
0.130625
0.129412
0.128156
0.126866
0.125551
0.12422
0.12288
0.12154
0.120206
0.118888
0.117591
0.116322
0.115087
0.113894
0.112748
0.111656
0.110622
0.109652
0.10875
0.107919
0.107162
0.106481
0.105875
0.105343
0.104884
0.104495
0.115851
