0
4.13465e-17
1.70663e-15
3.47827e-14
4.66691e-13
4.63748e-12
3.6404e-11
2.35164e-10
1.28589e-09
6.0763e-09
2.521e-08
9.29992e-08
3.08195e-07
9.25452e-07
2.53668e-06
6.38797e-06
1.48643e-05
3.21284e-05
6.48221e-05
0.000122651
0.000218623
0.000368765
0.000591279
0.000905355
0.00133005
0.00188371
0.00258431
0.00345072
0.00450475
0.00577335
0.00729052
0.00909859
0.0112487
0.0138007
0.0168227
0.0203905
0.0245869
0.0295013
0.0352293
0.0418722
0.0495361
0.058331
0.0683692
0.0797641
0.0926276
0.107068
0.123188
0.141079
0.160821
0.182478
0.206095
0.231693
0.259267
0.288781
0.320169
0.353329
0.388122
0.424372
0.461865
0.500349
0.539537
0.579108
0.618711
0.657972
0.696495
0.733871
0.769685
0.803521
0.834976
0.863659
0.889206
0.911287
0.92961
0.943928
0.954048
0.95983
0.961196
0.958127
0.950666
0.938916
0.923039
0.903248
0.87981
0.853032
0.823259
0.790866
0.756249
0.719816
0.681984
0.643165
0.603763
0.564166
0.524739
0.485821
0.44772
0.410708
0.375022
0.340861
0.308386
0.277722
0.248956
0.222143
0.197307
0.174441
0.153516
0.13448
0.117262
0.101779
0.0879344
0.0756236
0.0647373
0.0551635
0.0467894
0.0395042
0.0332001
0.0277737
0.0231276
0.0191701
0.0158169
0.0129902
0.0106197
0.00864194
0.00700018
0.00564427
0.0045301
0.00361917
0.00287814
0.00227832
0.00179523
0.00140808
0.00109935
0.000854372
0.000660937
0.000508949
0.000390114
0.000297653
0.000226064
0.000170905
0.000128612
9.63412e-05
7.18364e-05
5.33187e-05
3.93929e-05
2.89707e-05
2.12082e-05
1.54544e-05
1.12099e-05
8.09387e-06
5.81721e-06
4.16175e-06
2.96375e-06
2.10093e-06
1.48246e-06
1.04126e-06
7.28018e-07
5.06673e-07
3.51008e-07
2.42053e-07
1.66153e-07
1.1353e-07
7.72179e-08
5.22792e-08
3.52326e-08
2.36355e-08
1.5783e-08
1.04911e-08
6.94154e-09
4.57189e-09
2.99737e-09
1.9561e-09
1.2707e-09
8.21683e-10
5.28895e-10
3.38875e-10
2.1613e-10
1.37213e-10
8.67124e-11
5.45472e-11
3.41561e-11
2.12897e-11
1.32092e-11
8.15813e-12
5.01544e-12
3.06925e-12
1.86966e-12
1.1337e-12
6.84286e-13
4.11134e-13
2.45887e-13
1.46384e-13
8.67473e-14
5.11711e-14
3.00469e-14
1.75622e-14
1.0218e-14
5.91775e-15
3.41157e-15
1.95775e-15
1.11832e-15
6.35887e-16
3.59915e-16
2.0278e-16
1.13725e-16
6.34885e-17
3.52808e-17
1.95158e-17
1.07459e-17
5.8898e-18
3.21341e-18
1.74517e-18
9.43441e-19
5.07688e-19
2.71948e-19
1.45004e-19
7.69623e-20
4.06614e-20
2.13842e-20
1.11946e-20
5.83349e-21
3.0259e-21
1.56238e-21
8.03014e-22
4.10833e-22
2.09225e-22
1.06063e-22
5.35208e-23
2.68835e-23
1.34417e-23
6.68999e-24
3.31439e-24
1.6345e-24
8.02366e-25
3.92071e-25
1.90705e-25
9.23342e-26
4.45009e-26
2.13491e-26
1.01951e-26
4.84633e-27
2.29317e-27
1.0801e-27
5.06403e-28
2.36337e-28
1.09792e-28
5.07711e-29
2.33703e-29
1.07082e-29
4.88395e-30
2.21733e-30
1.00206e-30
4.50774e-31
2.0185e-31
8.99706e-32
3.99187e-32
1.76301e-32
7.75063e-33
3.39174e-33
1.47744e-33
6.40619e-34
2.76498e-34
1.18792e-34
5.08026e-35
2.16265e-35
9.16406e-36
3.86538e-36
1.62293e-36
6.78276e-37
2.82174e-37
1.1685e-37
4.8166e-38
1.97631e-38
8.0718e-39
3.28161e-39
1.32802e-39
5.34963e-40
2.14508e-40
8.56176e-41
3.4016e-41
1.34525e-41
5.29572e-42
2.07514e-42
8.09408e-43
3.1426e-43
1.21453e-43
4.67229e-44
1.78916e-44
6.81974e-45
2.58753e-45
9.77244e-46
3.67383e-46
1.37478e-46
5.1209e-47
1.89871e-47
7.00759e-48
2.57447e-48
9.41637e-49
3.43311e-49
1.26047e-49
5.08097e-50
4.24271e-50
