7.53879e-06
6.6781e-06
6.42775e-06
6.61491e-06
7.15161e-06
7.99935e-06
9.14996e-06
1.06154e-05
1.24225e-05
1.46104e-05
1.72294e-05
2.03411e-05
2.40188e-05
2.83482e-05
3.34288e-05
3.93751e-05
4.63186e-05
5.44092e-05
6.38179e-05
7.47385e-05
8.73908e-05
0.000102023
0.000118914
0.00013838
0.000160772
0.000186485
0.000215962
0.000249693
0.000288226
0.000332168
0.000382189
0.000439033
0.000503517
0.00057654
0.000659089
0.000752243
0.000857179
0.000975182
0.00110765
0.00125608
0.00142212
0.00160752
0.00181418
0.00204412
0.00229953
0.0025827
0.00289611
0.00324236
0.00362422
0.00404459
0.00450652
0.00501322
0.00556802
0.00617439
0.00683594
0.00755635
0.00833946
0.00918917
0.0101094
0.0111043
0.0121779
0.0133342
0.0145774
0.0159114
0.0173403
0.0188679
0.020498
0.0222342
0.0240799
0.0260383
0.0281123
0.0303045
0.0326173
0.0350525
0.0376118
0.0402961
0.0431061
0.046042
0.0491034
0.0522893
0.0555984
0.0590284
0.0625768
0.0662403
0.0700152
0.0738969
0.0778806
0.0819607
0.0861311
0.0903853
0.0947162
0.0991164
0.103578
0.108093
0.112653
0.117249
0.121872
0.126514
0.131166
0.135818
0.140463
0.145091
0.149695
0.154267
0.158799
0.163283
0.167715
0.172086
0.176393
0.180629
0.18479
0.188874
0.192875
0.196792
0.200623
0.204365
0.208017
0.211579
0.215049
0.218428
0.221714
0.224908
0.228009
0.231016
0.23393
0.236749
0.239471
0.242096
0.244621
0.247043
0.249359
0.251566
0.25366
0.255636
0.257489
0.259213
0.260804
0.262255
0.26356
0.264715
0.265713
0.266551
0.267223
0.267727
0.268059
0.268219
0.268207
0.268025
0.267674
0.267161
0.266492
0.265674
0.26472
0.263639
0.262446
0.261157
0.259787
0.258354
0.256877
0.255375
0.253868
0.252375
0.250914
0.249503
0.24816
0.246898
0.245729
0.244665
0.243712
0.242873
0.242149
0.241536
0.241026
0.240609
0.240269
0.239989
0.239744
0.239512
0.239263
0.238968
0.238596
0.238114
0.237491
0.236694
0.235695
0.234466
0.232983
0.231226
0.229181
0.226838
0.224195
0.221254
0.218028
0.214536
0.210803
0.206863
0.202758
0.198535
0.194247
0.189954
0.185718
0.181605
0.177681
0.174012
0.170661
0.167687
0.165143
0.163073
0.161511
0.160481
0.159992
0.160038
0.1606
0.161641
0.163108
0.164937
0.167044
0.169337
0.171712
0.174057
0.176256
0.178191
0.179746
0.180811
0.181285
0.18108
0.180122
0.178356
0.175748
0.172285
0.167975
0.162849
0.156961
0.150383
0.143208
0.135544
0.127513
0.119251
0.1109
0.10261
0.0945376
0.0868386
0.0796715
0.0731928
0.0675557
0.0629067
0.0593826
0.0571058
0.0561781
0.0566743
0.0586332
0.0620492
0.0668633
0.0729548
0.0801362
0.0881502
0.0966732
0.105323
0.113673
0.121274
0.127682
0.132486
0.135337
0.135981
0.134282
0.130232
0.123962
0.115728
0.105898
0.0949147
0.0832679
0.0714495
0.0599184
0.0490681
0.0392039
0.0305302
0.0231498
0.0170719
0.012229
0.00849715
0.00571817
0.00372047
0.0023359
0.00141213
0.000819917
0.000455921
0.000241977
0.000122098
5.82975e-05
2.61897e-05
1.0993e-05
4.27376e-06
1.52167e-06
4.88837e-07
1.38791e-07
3.37878e-08
6.72115e-09
1.0023e-09
9.39914e-11
6.68741e-12
