1.81451e-05
1.61141e-05
1.54558e-05
1.57856e-05
1.69003e-05
1.8704e-05
2.11672e-05
2.43039e-05
2.81592e-05
3.28036e-05
3.83295e-05
4.48504e-05
5.25012e-05
6.14392e-05
7.18456e-05
8.39276e-05
9.79206e-05
0.000114091
0.000132741
0.000154207
0.000178869
0.000207151
0.000239525
0.00027652
0.000318719
0.000366769
0.000421388
0.000483364
0.000553566
0.000632946
0.000722548
0.000823511
0.000937079
0.0010646
0.00120754
0.00136748
0.00154612
0.00174532
0.00196703
0.00221337
0.00248658
0.00278908
0.00312339
0.00349222
0.00389839
0.00434489
0.00483486
0.00537155
0.00595836
0.00659882
0.00729658
0.00805538
0.00887906
0.00977154
0.0107368
0.0117789
0.0129018
0.0141096
0.0154063
0.0167959
0.0182822
0.019869
0.0215599
0.0233584
0.0252676
0.0272906
0.02943
0.0316882
0.0340671
0.0365685
0.0391935
0.0419429
0.0448169
0.0478152
0.050937
0.0541811
0.0575455
0.0610276
0.0646244
0.0683321
0.0721466
0.0760628
0.0800754
0.0841783
0.088365
0.0926286
0.0969616
0.101356
0.105804
0.110297
0.114825
0.119381
0.123955
0.128538
0.133122
0.137696
0.142253
0.146784
0.15128
0.155735
0.16014
0.164489
0.168776
0.172995
0.17714
0.181207
0.185192
0.189092
0.192905
0.196628
0.200259
0.203798
0.207245
0.210598
0.213859
0.217027
0.220104
0.223089
0.225984
0.228789
0.231504
0.23413
0.236665
0.239109
0.241461
0.243719
0.24588
0.247942
0.2499
0.251751
0.25349
0.255112
0.256611
0.257981
0.259217
0.260312
0.261261
0.262059
0.262699
0.263178
0.263492
0.263639
0.263617
0.263426
0.263068
0.262547
0.261866
0.261033
0.260057
0.258948
0.257717
0.25638
0.254952
0.25345
0.251891
0.250296
0.248684
0.247074
0.245488
0.243943
0.242459
0.241053
0.23974
0.238534
0.237444
0.236478
0.235641
0.234933
0.234352
0.23389
0.233537
0.233278
0.233095
0.232965
0.232864
0.232763
0.232632
0.232439
0.232152
0.231736
0.23116
0.230391
0.229399
0.22816
0.226649
0.224849
0.222746
0.220335
0.217614
0.214592
0.211281
0.207703
0.203888
0.199871
0.195698
0.191417
0.187084
0.182759
0.178507
0.174394
0.170486
0.166849
0.163547
0.160638
0.158175
0.1562
0.154747
0.153839
0.153485
0.153678
0.154398
0.155608
0.157258
0.15928
0.161593
0.164106
0.166714
0.169307
0.171769
0.173982
0.175831
0.177205
0.178002
0.178131
0.177518
0.176106
0.173854
0.170747
0.166789
0.162005
0.156443
0.15017
0.143271
0.135849
0.128019
0.119906
0.111647
0.103384
0.0952613
0.0874276
0.0800313
0.0732195
0.0671371
0.0619241
0.0577143
0.0546313
0.0527849
0.0522656
0.053138
0.0554331
0.0591396
0.0641954
0.0704806
0.077811
0.0859367
0.0945438
0.103263
0.111681
0.119366
0.125884
0.130836
0.133883
0.134771
0.13336
0.129636
0.123714
0.115833
0.106341
0.0956624
0.0842693
0.072641
0.0612293
0.0504268
0.0405436
0.0317943
0.0242949
0.0180699
0.0130666
0.00917451
0.00624589
0.00411637
0.00262166
0.00161034
0.000951825
0.000539982
0.000293153
0.000151775
7.4633e-05
3.46882e-05
1.515e-05
6.17304e-06
2.32554e-06
8.00667e-07
2.4808e-07
6.77133e-08
1.57789e-08
2.98552e-09
4.18687e-10
3.56043e-11
1.71888e-12
