0.00958793
0.00996853
0.0105166
0.0112368
0.0121371
0.0132287
0.0145266
0.0160492
0.0178179
0.0198567
0.0221904
0.0248436
0.0278382
0.0311915
0.0349139
0.0390065
0.0434598
0.0482518
0.0533485
0.0587037
0.064261
0.0699556
0.0757179
0.0814769
0.0871636
0.0927153
0.0980782
0.103211
0.108084
0.112685
0.117013
0.121082
0.124916
0.128546
0.132011
0.135348
0.138595
0.141783
0.144936
0.148069
0.151182
0.154266
0.157299
0.16025
0.163075
0.165729
0.16816
0.170318
0.172155
0.17363
0.174709
0.175369
0.175598
0.175393
0.174762
0.17372
0.17229
0.170497
0.168372
0.165941
0.163233
0.160273
0.157084
0.153685
0.150097
0.146337
0.142424
0.138381
0.134232
0.130005
0.125732
0.12145
0.117201
0.113026
0.10897
0.105079
0.101394
0.0979556
0.0947994
0.091955
0.0894454
0.0872866
0.0854875
0.0840493
0.0829666
0.0822277
0.0818152
0.0817069
0.081877
0.0822968
0.0829355
0.0837616
0.0847431
0.0858484
0.0870472
0.0883106
0.0896117
0.090926
0.0922317
0.0935097
0.0947439
0.0959212
0.0970315
0.0980679
0.0990261
0.0999049
0.100705
0.101431
0.102087
0.102682
0.103223
0.10372
0.104184
0.104626
0.105054
0.10548
0.105911
0.106356
0.10682
0.107308
0.107823
0.108364
0.108932
0.109522
0.11013
0.110749
0.111373
0.111992
0.112598
0.113182
0.113734
0.114247
0.114714
0.115129
0.11549
0.115796
0.116048
0.11625
0.116411
0.116542
0.116655
0.116767
0.116899
0.117071
0.117308
0.117634
0.118074
0.118654
0.119398
0.120329
0.121465
0.122822
0.124411
0.126236
0.128295
0.130579
0.133072
0.135747
0.138573
0.141508
0.144504
0.147509
0.150462
0.153302
0.155964
0.158385
0.160504
0.162263
0.163611
0.164506
0.164915
0.164816
0.164202
0.163075
0.161451
0.159358
0.156838
0.15394
0.150722
0.147249
0.14359
0.139816
0.135998
0.132204
0.128497
0.124934
0.121566
0.118433
0.115567
0.11299
0.110715
0.108748
0.107083
0.10571
0.104611
0.103765
0.103147
0.102728
0.102479
0.102371
0.102376
0.102465
0.102613
0.102797
0.102997
0.103196
0.103377
0.103531
0.103646
0.103718
0.103742
0.103716
0.10364
0.103515
0.103346
0.103137
0.102894
0.102622
0.10233
0.102024
0.101714
0.101408
0.101114
0.100841
0.100597
0.10039
0.100229
0.100121
0.100072
0.10009
0.100181
0.100349
0.100599
0.100935
0.101361
0.101879
0.102489
0.103194
0.103994
0.104887
0.105872
0.106948
0.108112
0.10936
0.110689
0.112094
0.11357
0.115112
0.116715
0.118373
0.120078
0.121826
0.123608
0.12542
0.127252
0.1291
0.130956
0.132812
0.134663
0.1365
0.138318
0.140108
0.141865
0.143581
0.145251
0.146867
0.148424
0.149917
0.15134
0.152692
0.153969
0.155172
0.156302
0.157363
0.158361
0.159304
0.160203
0.161069
0.161915
0.162753
0.163591
0.164437
0.165291
0.166148
0.166997
0.167817
0.168583
0.169267
0.169841
0.170281
0.170574
0.170723
0.170748
0.170695
0.170627
0.170625
0.170782
0.171184
0.171904
0.195031
