0
8.91088e-35
8.26083e-33
3.80654e-31
1.16244e-29
2.64656e-28
4.79168e-27
7.1863e-26
9.18245e-25
1.02045e-23
1.00194e-22
8.80006e-22
6.9837e-21
5.04937e-20
3.34933e-19
2.05032e-18
1.16423e-17
6.1595e-17
3.04812e-16
1.4158e-15
6.19147e-15
2.55631e-14
9.98957e-14
3.70324e-13
1.30503e-12
4.38014e-12
1.40265e-11
4.29245e-11
1.25723e-10
3.52928e-10
9.50813e-10
2.46138e-09
6.12981e-09
1.47022e-08
3.39975e-08
7.58718e-08
1.63572e-07
3.40991e-07
6.87993e-07
1.34469e-06
2.54827e-06
4.68636e-06
8.37092e-06
1.45359e-05
2.45601e-05
4.04139e-05
6.48253e-05
0.000101458
0.000155089
0.000231776
0.000339004
0.000485805
0.000682853
0.000942544
0.00127908
0.0017086
0.0022493
0.00292176
0.00374918
0.00475788
0.00597776
0.00744287
0.00919189
0.0112687
0.0137229
0.0166099
0.0199912
0.0239346
0.0285136
0.0338076
0.0399008
0.0468818
0.0548425
0.0638771
0.0740805
0.0855468
0.0983675
0.112629
0.128412
0.145787
0.164812
0.185532
0.207973
0.232143
0.258027
0.285586
0.314752
0.345431
0.3775
0.410805
0.44516
0.480353
0.516141
0.552256
0.588405
0.624277
0.659544
0.693865
0.726896
0.758291
0.787709
0.814821
0.839318
0.86091
0.879341
0.894386
0.90586
0.913622
0.917573
0.917666
0.9139
0.906322
0.895029
0.880162
0.861905
0.840481
0.816147
0.789188
0.759916
0.728657
0.695751
0.661543
0.626377
0.590592
0.554516
0.518459
0.482715
0.44755
0.413207
0.379901
0.347815
0.317105
0.287895
0.260281
0.23433
0.210083
0.187556
0.166744
0.147621
0.130144
0.114256
0.0998874
0.0869608
0.0753904
0.0650861
0.0559552
0.0479042
0.0408401
0.0346721
0.0293127
0.0246781
0.0206895
0.0172731
0.0143606
0.0118893
0.00980219
0.00804771
0.00657968
0.00535698
0.00434329
0.00350672
0.00281947
0.00225745
0.00179992
0.00142913
0.00112999
0.00088974
0.000697648
0.000544747
0.000423583
0.000327996
0.00025292
0.000194216
0.000148516
0.000113096
8.57645e-05
6.47671e-05
4.87067e-05
3.64762e-05
2.72031e-05
2.02029e-05
1.49416e-05
1.10044e-05
8.07098e-06
5.89486e-06
4.28754e-06
3.1055e-06
2.23998e-06
1.60895e-06
1.15089e-06
8.19806e-07
5.81538e-07
4.10804e-07
2.88988e-07
2.02449e-07
1.41234e-07
9.81192e-08
6.78825e-08
4.67683e-08
3.20875e-08
2.19235e-08
1.49168e-08
1.01072e-08
6.81986e-09
4.58259e-09
3.06646e-09
2.04341e-09
1.35601e-09
8.96114e-10
5.89731e-10
3.86487e-10
2.52237e-10
1.63935e-10
1.06103e-10
6.83873e-11
4.38949e-11
2.80572e-11
1.78594e-11
1.13209e-11
7.14638e-12
4.49246e-12
2.81238e-12
1.7533e-12
1.0885e-12
6.72969e-13
4.14336e-13
2.54041e-13
1.55112e-13
9.4315e-14
5.71095e-14
3.44372e-14
2.06795e-14
1.23664e-14
7.36447e-15
4.36748e-15
2.57937e-15
1.51701e-15
8.88496e-16
5.18222e-16
3.01001e-16
1.74106e-16
1.00288e-16
5.75283e-17
3.28628e-17
1.86948e-17
1.05908e-17
5.97489e-18
3.35678e-18
1.87806e-18
1.04638e-18
5.80577e-19
3.20792e-19
1.76514e-19
9.67228e-20
5.27801e-20
2.86817e-20
1.55214e-20
8.36469e-21
4.48912e-21
2.39919e-21
1.27691e-21
6.76781e-22
3.57214e-22
1.87759e-22
9.82799e-23
5.12296e-23
2.65931e-23
1.37471e-23
7.07688e-24
3.62799e-24
1.85217e-24
9.41648e-25
4.76746e-25
2.40369e-25
1.20687e-25
6.03438e-26
3.00467e-26
1.48988e-26
7.35696e-27
3.61773e-27
1.7716e-27
8.6394e-28
4.19559e-28
2.02906e-28
9.77203e-29
4.68669e-29
2.2384e-29
1.06463e-29
5.04256e-30
2.37844e-30
1.11718e-30
5.22572e-31
2.43423e-31
1.12923e-31
5.2177e-32
2.4031e-32
1.10745e-32
5.21028e-33
2.77487e-33
2.72014e-33
