0
3.20094e-11
7.72501e-10
9.13837e-09
7.0667e-08
4.02024e-07
1.79574e-06
6.56555e-06
2.0233e-05
5.37325e-05
0.000125181
0.000259738
0.000486528
0.000833205
0.00132066
0.00196097
0.00276024
0.00372529
0.0048709
0.00622478
0.00782872
0.00973678
0.0120125
0.0147267
0.0179561
0.0217838
0.0262989
0.0315973
0.0377817
0.0449609
0.0532487
0.0627633
0.073625
0.0859541
0.099869
0.115483
0.132901
0.152216
0.173507
0.196832
0.222228
0.249704
0.27924
0.310779
0.344231
0.379466
0.416313
0.45456
0.493955
0.534206
0.574982
0.615921
0.656631
0.696695
0.735681
0.773147
0.808649
0.841752
0.872036
0.899105
0.922598
0.942196
0.957626
0.968674
0.975183
0.977061
0.97428
0.966881
0.95497
0.938714
0.918343
0.894136
0.866423
0.835573
0.801986
0.766086
0.728309
0.689101
0.6489
0.608137
0.567223
0.526544
0.486457
0.447284
0.409309
0.372776
0.337889
0.30481
0.273662
0.244528
0.217457
0.192463
0.169532
0.148623
0.129673
0.112601
0.0973121
0.0836992
0.0716484
0.061041
0.0517569
0.0436762
0.036682
0.0306613
0.0255071
0.0211184
0.0174018
0.014271
0.011648
0.00946185
0.0076495
0.00615491
0.00492881
0.00392821
0.00311586
0.00245977
0.0019326
0.0015112
0.00117607
0.000910913
0.000702188
0.000538718
0.000411342
0.000312591
0.000236419
0.000177959
0.000133319
9.94021e-05
7.37619e-05
5.44755e-05
4.00409e-05
2.92913e-05
2.13259e-05
1.54528e-05
1.1144e-05
7.99854e-06
5.71362e-06
4.06205e-06
2.87417e-06
2.02402e-06
1.41856e-06
9.89501e-07
6.86938e-07
4.74627e-07
3.26378e-07
2.23369e-07
1.52146e-07
1.0314e-07
6.95877e-08
4.67272e-08
3.12278e-08
2.07705e-08
1.37494e-08
9.05854e-09
5.93971e-09
3.8762e-09
2.51757e-09
1.62739e-09
1.04697e-09
6.70366e-10
4.27192e-10
2.70938e-10
1.71021e-10
1.0744e-10
6.71758e-11
4.18019e-11
2.58889e-11
1.59575e-11
9.7893e-12
5.97685e-12
3.63185e-12
2.19643e-12
1.32203e-12
7.91952e-13
4.72163e-13
2.80168e-13
1.65455e-13
9.72472e-14
5.68863e-14
3.31187e-14
1.91899e-14
1.10664e-14
6.35149e-15
3.6281e-15
2.06261e-15
1.16705e-15
6.57197e-16
3.6833e-16
2.05453e-16
1.14057e-16
6.30184e-17
3.46535e-17
1.89653e-17
1.03302e-17
5.60004e-18
3.0214e-18
1.62241e-18
8.67053e-19
4.61175e-19
2.4413e-19
1.2862e-19
6.74423e-20
3.51958e-20
1.82802e-20
9.44949e-21
4.86148e-21
2.48922e-21
1.2685e-21
6.43362e-22
3.24752e-22
1.63149e-22
8.15734e-23
4.05927e-23
2.0104e-23
9.90943e-24
4.86127e-24
2.37348e-24
1.15333e-24
5.57773e-25
2.68469e-25
1.28607e-25
6.13152e-26
2.90942e-26
1.37397e-26
6.45777e-27
3.02079e-27
1.40635e-27
6.51626e-28
3.00495e-28
1.37914e-28
6.29963e-29
2.86387e-29
1.29576e-29
5.83486e-30
2.61498e-30
1.16638e-30
5.17777e-31
2.2876e-31
1.00589e-31
4.40202e-32
1.91729e-32
8.31102e-33
3.58554e-33
1.53953e-33
6.57889e-34
2.79802e-34
1.18435e-34
4.98933e-35
2.09188e-35
8.72897e-36
3.62511e-36
1.49835e-36
6.16359e-37
2.52341e-37
1.02819e-37
4.16957e-38
1.68283e-38
6.75959e-39
2.70229e-39
1.07516e-39
4.25744e-40
1.67785e-40
6.58098e-41
2.56896e-41
9.98059e-42
3.85909e-42
1.48506e-42
5.68768e-43
2.16799e-43
8.22446e-44
3.1052e-44
1.16681e-44
4.36358e-45
1.62411e-45
6.01613e-46
2.21793e-46
8.13786e-47
2.97168e-47
1.08e-47
3.90636e-48
1.40622e-48
5.03803e-49
1.79638e-49
6.37478e-50
2.25144e-50
7.91381e-51
2.76847e-51
9.63876e-52
3.33988e-52
1.15178e-52
3.95309e-53
1.35031e-53
4.59045e-54
1.55313e-54
5.22987e-55
1.75284e-55
5.85195e-56
1.96103e-56
7.13023e-57
5.56233e-57
