0.173293
0.1792
0.185516
0.191961
0.198278
0.204259
0.209765
0.214737
0.219196
0.22323
0.226976
0.230593
0.234234
0.23802
0.242027
0.246268
0.250701
0.25523
0.259726
0.264043
0.26804
0.271599
0.274642
0.277136
0.279096
0.280586
0.281701
0.282566
0.283314
0.284079
0.284979
0.286113
0.287552
0.289333
0.291467
0.293935
0.296692
0.299677
0.302814
0.306018
0.309202
0.312279
0.315167
0.317792
0.320087
0.321998
0.32348
0.324499
0.325032
0.325066
0.324597
0.323629
0.322173
0.320246
0.31787
0.315069
0.311874
0.308314
0.30442
0.300224
0.295757
0.291051
0.286135
0.281039
0.275788
0.27041
0.264928
0.259366
0.253746
0.248088
0.242411
0.236734
0.231075
0.225449
0.219873
0.214363
0.208931
0.203592
0.198359
0.193244
0.188257
0.183411
0.178715
0.174176
0.169805
0.165608
0.161592
0.157762
0.154125
0.150685
0.147447
0.144415
0.141593
0.138986
0.136596
0.134428
0.132487
0.130777
0.129303
0.128069
0.127081
0.126344
0.125863
0.125643
0.125688
0.126001
0.126585
0.12744
0.128566
0.129961
0.131618
0.133528
0.135682
0.138062
0.140651
0.143426
0.14636
0.149423
0.152578
0.155789
0.159013
0.162205
0.165318
0.168302
0.171108
0.173684
0.17598
0.177948
0.179542
0.180718
0.181438
0.181669
0.181382
0.180558
0.179181
0.177245
0.174751
0.171708
0.168133
0.164049
0.159486
0.154483
0.149082
0.143329
0.137276
0.130977
0.124488
0.117864
0.111163
0.104438
0.0977419
0.0911249
0.0846323
0.0783057
0.0721818
0.0662921
0.0606631
0.0553159
0.0502663
0.0455251
0.0410982
0.0369873
0.0331899
0.0297
0.0265085
0.0236039
0.0209724
0.0185989
0.0164671
0.0145602
0.0128608
0.0113521
0.0100173
0.00884074
0.00780735
0.00690343
0.00611657
0.00543591
0.00485221
0.0043581
0.00394813
0.00361899
0.00336964
0.00320152
0.00311871
0.00312814
0.00323975
0.00346666
0.00382528
0.00433534
0.00501981
0.00590471
0.00701869
0.00839244
0.0100579
0.0120469
0.0143901
0.0171153
0.0202451
0.0237953
0.0277724
0.0321715
0.0369744
0.0421474
0.0476403
0.0533855
0.0592983
0.0652775
0.0712075
0.076961
0.0824033
0.0873965
0.0918051
0.0955017
0.0983728
0.100324
0.101287
0.101219
0.100109
0.0979802
0.0948847
0.0909054
0.0861507
0.0807499
0.0748473
0.0685957
0.0621495
0.0556583
0.049261
0.0430809
0.037222
0.0317666
0.0267744
0.0222825
0.018307
0.0148454
0.0118796
0.00937878
0.00730355
0.0056087
0.00424647
0.003169
0.00233043
0.00168831
0.00120462
0.000846273
0.000585196
0.000398192
0.000266531
0.000175441
0.000113528
7.21979e-05
4.51089e-05
2.76818e-05
1.66809e-05
9.86914e-06
5.733e-06
3.27081e-06
1.83413e-06
1.01246e-06
5.51733e-07
2.98278e-07
1.61271e-07
8.82834e-08
4.97599e-08
2.94326e-08
1.85568e-08
1.25394e-08
9.0187e-09
6.80223e-09
5.29471e-09
4.19883e-09
3.36304e-09
2.70623e-09
2.18142e-09
1.75864e-09
1.41685e-09
1.14029e-09
9.16586e-10
7.35799e-10
5.89875e-10
4.72248e-10
3.77564e-10
3.01457e-10
2.40371e-10
1.91415e-10
1.52241e-10
1.20947e-10
9.59945e-11
7.61412e-11
6.03888e-11
4.79382e-11
3.81547e-11
3.05417e-11
2.4722e-11
2.04294e-11
1.75139e-11
1.59727e-11
1.60313e-11
2.07433e-11
