0.0982878
0.0986905
0.099177
0.0997571
0.100441
0.101241
0.102168
0.103232
0.104444
0.105809
0.107334
0.109019
0.110865
0.112866
0.115017
0.117306
0.119725
0.122259
0.124896
0.127623
0.130427
0.133294
0.136213
0.139173
0.142162
0.145169
0.148182
0.15119
0.154178
0.157132
0.160036
0.162871
0.165619
0.168258
0.170767
0.173124
0.175308
0.177298
0.179073
0.180617
0.181914
0.182951
0.183721
0.184217
0.184437
0.184383
0.184061
0.183477
0.182644
0.181573
0.180281
0.178784
0.1771
0.175247
0.173244
0.171111
0.168867
0.166529
0.164118
0.161652
0.159149
0.156626
0.154101
0.15159
0.149109
0.146672
0.144293
0.141985
0.139759
0.137626
0.135594
0.133669
0.131858
0.130165
0.128592
0.127142
0.125815
0.12461
0.123526
0.122562
0.121715
0.120982
0.120359
0.119842
0.119428
0.119111
0.118886
0.118748
0.118691
0.118708
0.118792
0.118935
0.11913
0.119368
0.11964
0.119937
0.12025
0.12057
0.120887
0.121194
0.121481
0.121741
0.121966
0.12215
0.122288
0.122374
0.122406
0.122382
0.122298
0.122156
0.121955
0.121698
0.121387
0.121024
0.120614
0.120161
0.119671
0.119148
0.118599
0.118029
0.117444
0.116851
0.116257
0.115666
0.115085
0.11452
0.113977
0.113461
0.112978
0.112533
0.112129
0.111772
0.111465
0.111212
0.111016
0.110878
0.1108
0.110784
0.11083
0.110937
0.111104
0.111331
0.111614
0.111951
0.112338
0.112772
0.113249
0.113765
0.114315
0.114895
0.115503
0.116133
0.116784
0.117452
0.118135
0.118834
0.119546
0.120271
0.121011
0.121766
0.122537
0.123327
0.124135
0.124965
0.125817
0.126691
0.127588
0.128508
0.129448
0.130407
0.131382
0.132368
0.133361
0.134355
0.135344
0.136321
0.137278
0.138209
0.139105
0.139958
0.140761
0.141507
0.142188
0.142798
0.14333
0.143779
0.144138
0.144403
0.144569
0.144632
0.144589
0.144435
0.144169
0.143788
0.143291
0.142675
0.141943
0.141093
0.140127
0.139048
0.137859
0.136565
0.135169
0.13368
0.132102
0.130444
0.128713
0.126919
0.125069
0.123173
0.12124
0.119277
0.117294
0.115299
0.113299
0.111303
0.109317
0.107349
0.105405
0.103493
0.101618
0.099788
0.098009
0.0962875
0.0946298
0.093042
0.0915298
0.0900986
0.088753
0.087497
0.0863334
0.0852643
0.0842903
0.083411
0.0826243
0.0819273
0.0813156
0.0807836
0.0803249
0.0799322
0.0795977
0.0793131
0.0790702
0.0788607
0.0786768
0.0785112
0.0783572
0.0782091
0.0780622
0.0779126
0.0777577
0.0775956
0.0774256
0.0772479
0.0770633
0.0768733
0.0766801
0.0764863
0.0762946
0.0761081
0.0759302
0.0757642
0.0756134
0.0754813
0.0753715
0.0752873
0.0752325
0.0752107
0.0752255
0.0752807
0.07538
0.075527
0.0757252
0.0759777
0.0762873
0.0766563
0.0770864
0.0775783
0.0781323
0.0787475
0.0794222
0.0801537
0.0809386
0.0817721
0.0826488
0.0835619
0.084504
0.085466
0.086438
0.0874088
0.0883662
0.0892969
0.0901873
0.0910237
0.0917932
0.0924841
0.0930874
0.0935971
0.0940111
0.104787
