8.47813e-40
7.88734e-40
1.17128e-39
2.04788e-39
3.72889e-39
6.84577e-39
1.25718e-38
2.3049e-38
4.2167e-38
7.69669e-38
1.40162e-37
2.54655e-37
4.61599e-37
8.34777e-37
1.50616e-36
2.71122e-36
4.86916e-36
8.7245e-36
1.55964e-35
2.78166e-35
4.94975e-35
8.78743e-35
1.55647e-34
2.75055e-34
4.84955e-34
8.53071e-34
1.49717e-33
2.62158e-33
4.57994e-33
7.98291e-33
1.38826e-32
2.40871e-32
4.16973e-32
7.20178e-32
1.24103e-31
2.1337e-31
3.66013e-31
6.26429e-31
1.06969e-30
1.82247e-30
3.09797e-30
5.25421e-30
8.89107e-30
1.50113e-29
2.5287e-29
4.25007e-29
7.12713e-29
1.19248e-28
1.99072e-28
3.31581e-28
5.5105e-28
9.13725e-28
1.51169e-27
2.49538e-27
4.10993e-27
6.75396e-27
1.10741e-26
1.81171e-26
2.95729e-26
4.81649e-26
7.82702e-26
1.26909e-25
2.05315e-25
3.31422e-25
5.33796e-25
8.57832e-25
1.37551e-24
2.2007e-24
3.51314e-24
5.59585e-24
8.89354e-24
1.41033e-23
2.23156e-23
3.52317e-23
5.55011e-23
8.72389e-23
1.36824e-22
2.1412e-22
3.34345e-22
5.20929e-22
8.09855e-22
1.25627e-21
1.94449e-21
3.00314e-21
4.62802e-21
7.11645e-21
1.0919e-20
1.67168e-20
2.55372e-20
3.89268e-20
5.92074e-20
8.98582e-20
1.3608e-19
2.0563e-19
3.10053e-19
4.6649e-19
7.00337e-19
1.04913e-18
1.56824e-18
2.33914e-18
3.48146e-18
5.17044e-18
7.66225e-18
1.13305e-17
1.67188e-17
2.46166e-17
3.61673e-17
5.30238e-17
7.75699e-17
1.13236e-16
1.64947e-16
2.39758e-16
3.47754e-16
5.03319e-16
7.2692e-16
1.04762e-15
1.50658e-15
2.16201e-15
3.09597e-15
4.42397e-15
6.30819e-15
8.97583e-15
1.27445e-14
1.80572e-14
2.55305e-14
3.60203e-14
5.07127e-14
7.12475e-14
9.98861e-14
1.39741e-13
1.95087e-13
2.7178e-13
3.77828e-13
5.24151e-13
7.25617e-13
1.00241e-12
1.3819e-12
1.90105e-12
2.60978e-12
3.57525e-12
4.88766e-12
6.66789e-12
9.07759e-12
1.23324e-11
1.67194e-11
2.26199e-11
3.05392e-11
4.11455e-11
5.53206e-11
7.42251e-11
9.93839e-11
1.32795e-10
1.77072e-10
2.35626e-10
3.12895e-10
4.14648e-10
5.4836e-10
7.23701e-10
9.53146e-10
1.25276e-09
1.64319e-09
2.15087e-09
2.80966e-09
3.66273e-09
4.76507e-09
6.18652e-09
8.01566e-09
1.03645e-08
1.33744e-08
1.72233e-08
2.2135e-08
2.83898e-08
3.63384e-08
4.64187e-08
5.91758e-08
7.52872e-08
9.55928e-08
1.21132e-07
1.53188e-07
1.9334e-07
2.43531e-07
3.06145e-07
3.84096e-07
4.80948e-07
6.01041e-07
7.49659e-07
9.33214e-07
1.15948e-06
1.43784e-06
1.77966e-06
2.19861e-06
2.71113e-06
3.33701e-06
4.09993e-06
5.0283e-06
6.15608e-06
7.52385e-06
9.18004e-06
1.11824e-05
1.35996e-05
1.65134e-05
2.00213e-05
2.42386e-05
2.93027e-05
3.53764e-05
4.26527e-05
5.13604e-05
6.17706e-05
7.42042e-05
8.90403e-05
0.000106728
0.000127795
0.000152868
0.000182681
0.000218101
0.000260145
0.000310007
0.000369086
0.000439018
0.000521711
0.000619389
0.000734636
0.000870451
0.0010303
0.00121818
0.00143871
0.00169717
0.00199961
0.00235294
0.00276505
0.00324485
0.00380247
0.00444931
0.00519822
0.00606358
0.0070615
0.0082099
0.00952869
0.0110399
0.0127679
0.0147393
0.0169835
0.0195323
0.0224204
0.0256854
0.0293678
0.0335109
0.0381612
0.0433681
0.0491838
0.0556635
0.0628646
0.0708475
0.0796741
0.0894085
0.100116
0.111863
0.124717
0.138744
0.154009
0.170578
0.188512
0.207871
0.228711
0.251082
0.275031
0.300598
0.327815
0.356709
0.387297
0.419588
0.453582
0.48927
0.52663
0.565631
0.606233
0.64838
0.692008
0.737042
0.783396
0.830976
0.879685
0.929424
0.980098
1.03163
1.08395
1.13701
1.19081
1.24533
1.30055
1.35639
1.41267
1.46899
1.52468
1.57868
1.62947
1.67508
1.71316
1.74115
1.96803
