0.124738
0.126042
0.127279
0.12845
0.129549
0.130569
0.131496
0.132315
0.133008
0.133556
0.133939
0.134136
0.13413
0.133904
0.133446
0.132745
0.131797
0.130601
0.129164
0.127494
0.125608
0.123525
0.12127
0.11887
0.116353
0.113749
0.111086
0.108389
0.105679
0.102971
0.100277
0.0975991
0.0949339
0.092273
0.089603
0.0869077
0.0841702
0.0813746
0.0785081
0.0755637
0.072541
0.0694479
0.0663014
0.0631272
0.0599595
0.0568397
0.0538146
0.0509347
0.0482514
0.0458149
0.0436713
0.0418609
0.0404156
0.0393582
0.0387008
0.0384446
0.0385804
0.039089
0.0399423
0.0411055
0.0425383
0.0441971
0.046037
0.048013
0.0500822
0.052204
0.0543414
0.0564608
0.0585322
0.0605288
0.0624261
0.0642019
0.065835
0.0673054
0.0685935
0.0696807
0.0705492
0.071183
0.071568
0.0716935
0.0715526
0.0711431
0.0704682
0.0695368
0.0683636
0.0669692
0.0653793
0.0636243
0.0617382
0.0597575
0.0577204
0.0556651
0.0536292
0.0516483
0.0497555
0.0479805
0.0463491
0.0448834
0.043601
0.0425155
0.0416366
0.0409706
0.0405201
0.0402853
0.0402637
0.0404506
0.04084
0.041424
0.042194
0.0431404
0.0442528
0.0455206
0.0469328
0.0484781
0.0501454
0.0519236
0.0538021
0.0557706
0.0578196
0.0599403
0.0621252
0.064368
0.066664
0.0690103
0.0714057
0.0738513
0.07635
0.0789073
0.0815303
0.0842284
0.0870125
0.0898949
0.0928888
0.0960076
0.0992645
0.102672
0.106239
0.109975
0.113882
0.117962
0.122208
0.126609
0.131149
0.135803
0.14054
0.145325
0.150114
0.154858
0.159504
0.163995
0.168272
0.172276
0.175948
0.179232
0.182078
0.184439
0.18628
0.18757
0.188292
0.188439
0.188012
0.187028
0.185511
0.183497
0.181029
0.178161
0.174951
0.17146
0.167754
0.163898
0.159959
0.155998
0.152074
0.14824
0.144543
0.141023
0.137713
0.134638
0.131818
0.129263
0.126979
0.124964
0.123214
0.121718
0.120464
0.119435
0.118614
0.117983
0.117523
0.117215
0.117042
0.116984
0.117027
0.117156
0.117356
0.117617
0.117927
0.118278
0.118662
0.119073
0.119506
0.119958
0.120426
0.120909
0.121405
0.121915
0.12244
0.12298
0.123538
0.124116
0.124716
0.125341
0.125994
0.126677
0.127394
0.128147
0.12894
0.129773
0.130649
0.131571
0.13254
0.133556
0.13462
0.135734
0.136895
0.138105
0.139361
0.140662
0.142007
0.143392
0.144815
0.146272
0.147759
0.149271
0.150805
0.152353
0.153911
0.155471
0.157028
0.158573
0.1601
0.1616
0.163065
0.164487
0.165858
0.167171
0.168417
0.16959
0.170685
0.171694
0.172616
0.173447
0.174188
0.174839
0.175404
0.175888
0.176301
0.176653
0.176955
0.177225
0.177477
0.177729
0.177999
0.178304
0.17866
0.179078
0.179568
0.180133
0.18077
0.181471
0.182221
0.182998
0.183777
0.184529
0.185225
0.185837
0.186344
0.186729
0.186986
0.187118
0.187138
0.187065
0.186924
0.186739
0.186529
0.186303
0.186058
0.185775
0.185419
0.184943
0.184292
0.18341
0.18225
0.180785
0.17901
0.176951
0.174669
0.172252
0.169812
0.188248
