0.176009
0.176432
0.176684
0.176764
0.17667
0.176402
0.175962
0.175352
0.174576
0.173638
0.172544
0.171301
0.169917
0.168402
0.166767
0.165022
0.163181
0.161258
0.159265
0.157217
0.15513
0.153017
0.150893
0.148773
0.146668
0.144593
0.142557
0.140571
0.138644
0.136784
0.134996
0.133286
0.131656
0.130109
0.128647
0.127269
0.125976
0.124766
0.123638
0.122589
0.121618
0.120723
0.1199
0.119147
0.118462
0.11784
0.117279
0.116775
0.116322
0.115918
0.115556
0.11523
0.114935
0.114664
0.114412
0.11417
0.113933
0.113695
0.11345
0.113193
0.11292
0.112627
0.112313
0.111975
0.111613
0.111227
0.110817
0.110387
0.109936
0.109469
0.108987
0.108494
0.107993
0.107486
0.106977
0.106468
0.105963
0.105463
0.104972
0.104492
0.104025
0.103574
0.103142
0.102731
0.102344
0.101982
0.101648
0.101344
0.101072
0.100833
0.10063
0.100463
0.100333
0.10024
0.100185
0.100168
0.100188
0.100245
0.100338
0.100465
0.100627
0.100822
0.101049
0.101307
0.101595
0.101913
0.10226
0.102634
0.103035
0.103463
0.103915
0.104393
0.104894
0.105417
0.105962
0.106526
0.107108
0.107707
0.108321
0.108946
0.109582
0.110224
0.110872
0.111521
0.112169
0.112812
0.113447
0.114071
0.114679
0.115269
0.115836
0.116376
0.116887
0.117364
0.117804
0.118204
0.118562
0.118873
0.119138
0.119353
0.119517
0.11963
0.119692
0.119701
0.119661
0.11957
0.119431
0.119246
0.119017
0.118747
0.118438
0.118092
0.117715
0.117307
0.116874
0.116417
0.11594
0.115447
0.114941
0.114425
0.113902
0.113376
0.112849
0.112326
0.111808
0.1113
0.110805
0.110326
0.109865
0.109427
0.109013
0.108628
0.108274
0.107953
0.107667
0.107421
0.107214
0.107051
0.106931
0.106857
0.10683
0.106852
0.106922
0.107043
0.107214
0.107435
0.107707
0.108029
0.1084
0.10882
0.109288
0.109801
0.110359
0.110959
0.111599
0.112276
0.112986
0.113728
0.114497
0.11529
0.116103
0.116932
0.117773
0.118621
0.119472
0.120322
0.121166
0.122001
0.122821
0.123623
0.124401
0.125152
0.125871
0.126555
0.127198
0.127796
0.128346
0.128843
0.129284
0.129665
0.129982
0.130233
0.130414
0.130523
0.130559
0.13052
0.130406
0.130216
0.12995
0.129612
0.129201
0.128722
0.128177
0.127571
0.126909
0.126195
0.125435
0.124636
0.123803
0.122943
0.122062
0.121167
0.120264
0.119358
0.118455
0.11756
0.116677
0.11581
0.114962
0.114137
0.113337
0.112564
0.111819
0.111105
0.110424
0.109778
0.109169
0.108599
0.108072
0.107591
0.107159
0.10678
0.106457
0.106194
0.105994
0.105859
0.10579
0.105787
0.105849
0.105974
0.10616
0.106402
0.106696
0.107037
0.10742
0.107839
0.108289
0.108765
0.109263
0.10978
0.110311
0.110853
0.111403
0.111958
0.112513
0.113064
0.113607
0.114136
0.114645
0.115127
0.115574
0.115978
0.116332
0.116628
0.11686
0.11702
0.117104
0.117109
0.117035
0.130332
