0.0852077
0.0848445
0.0845548
0.0843385
0.0841947
0.0841216
0.0841164
0.0841759
0.0842959
0.0844715
0.0846978
0.0849696
0.0852815
0.0856286
0.0860062
0.0864099
0.0868359
0.0872807
0.0877411
0.0882144
0.0886979
0.0891891
0.0896856
0.0901849
0.0906846
0.0911821
0.091675
0.092161
0.0926378
0.0931036
0.0935566
0.0939957
0.0944201
0.0948294
0.0952239
0.0956041
0.0959712
0.0963269
0.096673
0.0970118
0.097346
0.0976783
0.0980115
0.0983487
0.0986928
0.0990466
0.0994128
0.099794
0.100192
0.10061
0.101048
0.101508
0.101991
0.102496
0.103024
0.103574
0.104146
0.104737
0.105346
0.105972
0.106611
0.107262
0.107922
0.108589
0.10926
0.109932
0.110603
0.111271
0.111934
0.112589
0.113236
0.113872
0.114495
0.115106
0.115703
0.116284
0.116851
0.117401
0.117936
0.118456
0.11896
0.119449
0.119924
0.120386
0.120836
0.121275
0.121705
0.122127
0.122543
0.122954
0.123362
0.123768
0.124175
0.124582
0.124991
0.125402
0.125815
0.126231
0.126649
0.127067
0.127483
0.127897
0.128306
0.128707
0.129097
0.129473
0.129831
0.130169
0.130483
0.130769
0.131024
0.131245
0.131431
0.131577
0.131682
0.131745
0.131763
0.131737
0.131666
0.13155
0.131389
0.131185
0.130939
0.130652
0.130327
0.129967
0.129574
0.129152
0.128703
0.128233
0.127744
0.12724
0.126726
0.126206
0.125684
0.125162
0.124646
0.124139
0.123643
0.123162
0.122697
0.122251
0.121825
0.121421
0.121038
0.120677
0.120338
0.120019
0.119721
0.119441
0.119178
0.118931
0.118697
0.118474
0.118262
0.118057
0.117858
0.117664
0.117473
0.117286
0.117099
0.116915
0.116732
0.11655
0.11637
0.116194
0.116021
0.115853
0.115692
0.115539
0.115395
0.115262
0.115141
0.115034
0.114941
0.114865
0.114805
0.114763
0.114738
0.114731
0.114741
0.114768
0.114812
0.11487
0.114942
0.115026
0.115121
0.115223
0.115333
0.115446
0.115561
0.115675
0.115787
0.115894
0.115993
0.116083
0.116163
0.116229
0.116281
0.116318
0.11634
0.116345
0.116335
0.116309
0.116269
0.116217
0.116154
0.116083
0.116007
0.115929
0.115854
0.115785
0.115726
0.115681
0.115655
0.115652
0.115676
0.115731
0.11582
0.115945
0.116111
0.116317
0.116566
0.116859
0.117195
0.117575
0.117998
0.118462
0.118966
0.119507
0.120084
0.120693
0.121331
0.121996
0.122684
0.123392
0.124116
0.124853
0.125598
0.126349
0.127103
0.127855
0.128603
0.129344
0.130076
0.130796
0.131503
0.132196
0.132873
0.133534
0.134181
0.134811
0.135428
0.136031
0.136622
0.137201
0.13777
0.13833
0.13888
0.139421
0.139951
0.140471
0.140978
0.141471
0.141947
0.142403
0.142836
0.143243
0.143621
0.143967
0.144278
0.14455
0.144781
0.144969
0.145112
0.145207
0.145253
0.145249
0.145192
0.145081
0.144916
0.144695
0.144417
0.144082
0.14369
0.143241
0.142735
0.142174
0.14156
0.140895
0.140183
0.139427
0.138633
0.137806
0.136951
0.136075
0.135185
0.134287
0.133387
0.146268
