0
3.48603e-13
1.04051e-11
1.5272e-10
1.46974e-09
1.04346e-08
5.83063e-08
2.67182e-07
1.03316e-06
3.44347e-06
1.0057e-05
2.60866e-05
6.0783e-05
0.000128499
0.000248731
0.000444628
0.000740164
0.00115697
0.00171236
0.00241968
0.00329121
0.00434255
0.00559687
0.00708776
0.00886003
0.010969
0.013479
0.0164621
0.0199972
0.0241696
0.0290711
0.0348
0.0414603
0.0491618
0.0580185
0.0681473
0.0796664
0.0926928
0.10734
0.123715
0.141914
0.162022
0.184107
0.208214
0.234367
0.262559
0.292755
0.324884
0.358837
0.39447
0.431595
0.469987
0.50938
0.549471
0.589923
0.630367
0.670407
0.709629
0.747606
0.783901
0.818085
0.849736
0.878452
0.903858
0.925618
0.943435
0.957065
0.966318
0.971065
0.971238
0.966837
0.957922
0.94462
0.927117
0.905654
0.880522
0.852057
0.820631
0.786643
0.750514
0.712674
0.673557
0.633591
0.593192
0.552756
0.512653
0.473222
0.434769
0.397562
0.361829
0.327758
0.295499
0.265163
0.236822
0.210515
0.18625
0.164008
0.143743
0.125389
0.108865
0.0940742
0.0809107
0.069262
0.0590117
0.0500421
0.0422364
0.0354807
0.0296656
0.0246869
0.0204473
0.0168562
0.0138305
0.0112947
0.0091804
0.00742687
0.00598005
0.00479247
0.00382269
0.00303483
0.00239803
0.00188596
0.00147626
0.00115014
0.000891858
0.000688329
0.000528752
0.000404263
0.000307633
0.000233001
0.000175647
0.000131789
9.84175e-05
7.31515e-05
5.41167e-05
3.98471e-05
2.92024e-05
2.13008e-05
1.54644e-05
1.11744e-05
8.03665e-06
5.75284e-06
4.0987e-06
2.90649e-06
2.05139e-06
1.44107e-06
1.00758e-06
7.01181e-07
4.85668e-07
3.34817e-07
2.29738e-07
1.56897e-07
1.06649e-07
7.21529e-08
4.85859e-08
3.2563e-08
2.17219e-08
1.44221e-08
9.53052e-09
6.2685e-09
4.10364e-09
2.67382e-09
1.73402e-09
1.11927e-09
7.19072e-10
4.598e-10
2.92634e-10
1.8537e-10
1.16872e-10
7.33401e-11
4.58069e-11
2.8476e-11
1.76191e-11
1.08505e-11
6.6508e-12
4.05748e-12
2.46375e-12
1.48901e-12
8.95686e-13
5.36257e-13
3.19557e-13
1.89532e-13
1.11886e-13
6.574e-14
3.84451e-14
2.23774e-14
1.2964e-14
7.47527e-15
4.29015e-15
2.45063e-15
1.39329e-15
7.88433e-16
4.44065e-16
2.48935e-16
1.38895e-16
7.71336e-17
4.26344e-17
2.3455e-17
1.28431e-17
6.99943e-18
3.79677e-18
2.04986e-18
1.10152e-18
5.89144e-19
3.13623e-19
1.6617e-19
8.76308e-20
4.59959e-20
2.40292e-20
1.24945e-20
6.46632e-21
3.33084e-21
1.70769e-21
8.71409e-22
4.42582e-22
2.2373e-22
1.12567e-22
5.63714e-23
2.80972e-23
1.39388e-23
6.88253e-24
3.38242e-24
1.65449e-24
8.05491e-25
3.90314e-25
1.88246e-25
9.0364e-26
4.3174e-26
2.05309e-26
9.71742e-27
4.57774e-27
2.14639e-27
1.00167e-27
4.65263e-28
2.15095e-28
9.89732e-29
4.53276e-29
2.06617e-29
9.37402e-30
4.23295e-30
1.90247e-30
8.51037e-31
3.78911e-31
1.67912e-31
7.406e-32
3.25119e-32
1.42055e-32
6.17774e-33
2.67398e-33
1.15197e-33
4.93951e-34
2.10805e-34
8.95437e-35
3.78569e-35
1.59298e-35
6.67163e-36
2.78105e-36
1.15383e-36
4.76466e-37
1.95829e-37
8.0108e-38
3.2616e-38
1.32173e-38
5.33099e-39
2.14007e-39
8.55076e-40
3.40044e-40
1.34593e-40
5.30226e-41
2.07901e-41
8.11345e-42
3.15144e-42
1.21834e-42
4.68791e-43
1.79534e-43
6.84331e-44
2.59621e-44
9.8032e-45
3.68425e-45
1.37811e-45
5.13065e-46
1.90114e-46
7.01146e-47
2.57369e-47
9.4028e-48
3.41909e-48
1.23742e-48
4.45733e-49
1.59803e-49
5.70229e-50
2.02519e-50
7.15867e-51
2.51856e-51
8.81907e-52
3.07359e-52
1.06617e-52
3.68138e-53
1.26646e-53
4.3776e-54
1.64832e-54
1.31651e-54
