0.16528
0.167282
0.169217
0.171066
0.172811
0.174435
0.175923
0.17726
0.178432
0.179428
0.180237
0.180851
0.181262
0.181466
0.181458
0.181238
0.180805
0.180161
0.17931
0.178257
0.177012
0.175583
0.173981
0.172221
0.170318
0.168287
0.166149
0.163922
0.161626
0.159282
0.156911
0.154533
0.152167
0.149833
0.147546
0.14532
0.14317
0.141103
0.139128
0.137249
0.135469
0.133789
0.132206
0.130717
0.129319
0.128005
0.126772
0.125611
0.124518
0.123488
0.122514
0.121593
0.120719
0.11989
0.119101
0.11835
0.117633
0.116948
0.116292
0.115662
0.115056
0.114472
0.113906
0.113356
0.112821
0.112298
0.111785
0.111281
0.110785
0.110295
0.109813
0.109336
0.108864
0.108398
0.107937
0.107481
0.107029
0.106579
0.106131
0.105684
0.105234
0.104781
0.104321
0.103854
0.103375
0.102884
0.102379
0.101858
0.10132
0.100766
0.100196
0.0996102
0.0990119
0.0984032
0.0977876
0.0971689
0.0965518
0.0959413
0.095343
0.0947628
0.0942068
0.0936813
0.0931927
0.0927475
0.092352
0.0920123
0.0917344
0.0915237
0.0913853
0.0913236
0.0913425
0.0914451
0.0916335
0.0919091
0.0922723
0.0927223
0.0932575
0.093875
0.094571
0.0953406
0.096178
0.0970764
0.0980282
0.0990253
0.100059
0.10112
0.102199
0.103286
0.104372
0.105448
0.106504
0.107533
0.108527
0.109479
0.110383
0.111233
0.112025
0.112756
0.113424
0.114028
0.114567
0.115042
0.115455
0.115808
0.116106
0.116352
0.116552
0.11671
0.116834
0.11693
0.117004
0.117064
0.117118
0.117171
0.117232
0.117307
0.117402
0.117523
0.117675
0.117862
0.118086
0.11835
0.118654
0.118999
0.119383
0.119802
0.120254
0.120733
0.121233
0.121749
0.122272
0.122796
0.123312
0.123814
0.124294
0.124745
0.125161
0.125537
0.125868
0.126152
0.126385
0.126567
0.126699
0.126781
0.126818
0.126811
0.126766
0.126689
0.126585
0.126461
0.126325
0.126183
0.126042
0.125911
0.125794
0.1257
0.125633
0.125598
0.1256
0.125641
0.125722
0.125846
0.12601
0.126213
0.126452
0.126722
0.127017
0.127331
0.127656
0.127982
0.128302
0.128604
0.128879
0.129117
0.129308
0.129442
0.129513
0.12951
0.129429
0.129263
0.129009
0.128664
0.128227
0.127699
0.12708
0.126375
0.125588
0.124725
0.123792
0.122797
0.121748
0.120655
0.119525
0.118369
0.117195
0.116014
0.114833
0.113662
0.112508
0.111379
0.110283
0.109226
0.108214
0.107252
0.106345
0.105496
0.10471
0.103988
0.103332
0.102743
0.102221
0.101767
0.101378
0.101052
0.100787
0.100578
0.100421
0.100312
0.100243
0.100208
0.1002
0.10021
0.100232
0.100255
0.100272
0.100275
0.100256
0.100209
0.100127
0.100006
0.0998431
0.0996382
0.0993916
0.0991059
0.0987853
0.0984354
0.0980627
0.0976744
0.0972776
0.0968793
0.0964856
0.0961015
0.0957309
0.0953763
0.095039
0.0947195
0.0944174
0.0941324
0.0938642
0.093613
0.09338
0.093167
0.0929769
0.0928132
0.0926799
0.0925811
0.0925205
0.0925011
0.0925247
0.103684
