0.111589
0.112372
0.113176
0.113985
0.11478
0.115547
0.116278
0.116967
0.117614
0.11822
0.118794
0.119344
0.119883
0.120421
0.120972
0.121547
0.122157
0.122812
0.12352
0.124287
0.125118
0.126018
0.126989
0.128036
0.12916
0.130365
0.131654
0.133032
0.134504
0.136073
0.137746
0.139527
0.14142
0.143428
0.14555
0.147784
0.150126
0.152566
0.155092
0.157687
0.160332
0.163005
0.165681
0.168332
0.170931
0.173449
0.175857
0.178129
0.180237
0.18216
0.183873
0.18536
0.186602
0.187588
0.188306
0.188748
0.188912
0.188796
0.188401
0.187734
0.186803
0.18562
0.184199
0.182558
0.180718
0.1787
0.176531
0.174235
0.17184
0.169372
0.166859
0.164327
0.161801
0.159303
0.156855
0.154474
0.152175
0.14997
0.147866
0.145869
0.143981
0.142201
0.140525
0.138946
0.137458
0.136051
0.134713
0.133434
0.132203
0.131009
0.129842
0.128692
0.127551
0.126412
0.125271
0.124124
0.122969
0.121807
0.120638
0.119465
0.118293
0.117127
0.115972
0.114836
0.113725
0.112648
0.11161
0.11062
0.109684
0.108809
0.108002
0.107266
0.106607
0.10603
0.105536
0.105128
0.104807
0.104575
0.104429
0.104369
0.104393
0.104497
0.104676
0.104927
0.105243
0.105617
0.106043
0.106512
0.107017
0.107549
0.1081
0.108662
0.109226
0.109786
0.110335
0.110868
0.11138
0.111868
0.112331
0.112768
0.11318
0.113572
0.113947
0.11431
0.114669
0.115032
0.115407
0.115804
0.116231
0.116697
0.117212
0.117782
0.118416
0.119117
0.119891
0.120739
0.121663
0.12266
0.123728
0.124861
0.126052
0.127293
0.128573
0.12988
0.131201
0.132521
0.133827
0.135103
0.136333
0.137501
0.138593
0.139594
0.14049
0.141269
0.141918
0.142428
0.142791
0.142999
0.143047
0.142932
0.142652
0.142209
0.141603
0.140839
0.139922
0.138859
0.13766
0.136334
0.134893
0.133348
0.131714
0.130006
0.128237
0.126423
0.124581
0.122726
0.120873
0.119036
0.117231
0.11547
0.113765
0.112126
0.110561
0.109077
0.107677
0.106365
0.10514
0.104002
0.102947
0.101969
0.101062
0.10022
0.0994341
0.0986959
0.0979967
0.0973283
0.0966826
0.0960521
0.0954302
0.094811
0.0941894
0.0935613
0.0929233
0.0922728
0.0916081
0.0909278
0.0902315
0.0895191
0.0887912
0.0880488
0.0872939
0.0865289
0.0857571
0.0849828
0.084211
0.0834476
0.0826997
0.0819748
0.0812815
0.0806286
0.0800252
0.0794805
0.0790033
0.0786015
0.0782822
0.0780511
0.0779123
0.0778681
0.0779187
0.0780624
0.0782954
0.0786122
0.0790054
0.0794659
0.0799835
0.0805474
0.0811456
0.0817665
0.0823981
0.0830291
0.0836487
0.0842472
0.0848159
0.0853471
0.0858347
0.0862734
0.0866596
0.0869905
0.0872644
0.0874806
0.0876391
0.0877403
0.0877854
0.0877757
0.0877129
0.087599
0.087436
0.0872264
0.0869729
0.0866784
0.0863465
0.0859812
0.0855874
0.0851703
0.0847362
0.0842918
0.0838445
0.083402
0.0829725
0.0825639
0.0821842
0.0818408
0.0815407
0.0812898
0.0810939
0.0809573
0.0808843
0.080878
0.0809413
0.0894647
