0.215569
0.205476
0.196585
0.188959
0.182577
0.177363
0.173207
0.169986
0.167577
0.165862
0.164736
0.164107
0.163895
0.164031
0.164457
0.16512
0.165977
0.166987
0.168117
0.169335
0.170612
0.171924
0.173247
0.174561
0.175847
0.17709
0.178277
0.179394
0.180432
0.181384
0.182244
0.183006
0.183669
0.184232
0.184695
0.185062
0.185335
0.18552
0.185623
0.185651
0.185612
0.185517
0.185374
0.185193
0.184987
0.184765
0.184539
0.184319
0.184117
0.183943
0.183807
0.183717
0.183682
0.18371
0.183807
0.183977
0.184225
0.184553
0.184961
0.185449
0.186015
0.186654
0.187363
0.188133
0.188958
0.189826
0.190727
0.19165
0.19258
0.193504
0.194407
0.195274
0.196088
0.196834
0.197495
0.198057
0.198503
0.19882
0.198993
0.19901
0.198859
0.198532
0.198018
0.197314
0.196413
0.195314
0.194017
0.192524
0.19084
0.188973
0.18693
0.184725
0.182372
0.179886
0.177286
0.174593
0.171828
0.169015
0.166179
0.163346
0.160542
0.157795
0.155133
0.152581
0.150166
0.147915
0.145851
0.143997
0.142373
0.140998
0.139887
0.139053
0.138505
0.138249
0.138286
0.138616
0.139233
0.140127
0.141283
0.142685
0.14431
0.146134
0.148128
0.15026
0.152496
0.154798
0.157128
0.159445
0.161709
0.163878
0.165912
0.167769
0.169411
0.170802
0.171907
0.172696
0.173141
0.173218
0.17291
0.1722
0.171082
0.169549
0.167604
0.165253
0.162507
0.159384
0.155905
0.152098
0.147992
0.143624
0.139031
0.134257
0.129346
0.124347
0.119307
0.114279
0.109315
0.104466
0.0997852
0.0953246
0.0911346
0.0872643
0.0837605
0.0806673
0.0780252
0.0758709
0.0742363
0.073148
0.0726267
0.0726865
0.0733342
0.074569
0.0763815
0.0787538
0.0816588
0.0850602
0.0889125
0.0931609
0.0977422
0.102585
0.10761
0.112734
0.117866
0.122913
0.127782
0.132377
0.136607
0.140384
0.143626
0.146261
0.148225
0.149467
0.149946
0.14964
0.148536
0.146638
0.143967
0.140554
0.136446
0.1317
0.126384
0.120575
0.114355
0.107812
0.101035
0.0941125
0.0871316
0.0801756
0.0733222
0.0666423
0.0601994
0.0540485
0.0482363
0.0428014
0.0377743
0.033179
0.0290334
0.0253512
0.0221429
0.0194182
0.0171869
0.0154606
0.0142545
0.0135877
0.0134841
0.0139722
0.0150843
0.0168549
0.0193178
0.022503
0.0264325
0.031115
0.0365406
0.042676
0.0494587
0.0567939
0.0645513
0.0725654
0.080637
0.0885388
0.0960227
0.102831
0.108707
0.113415
0.116746
0.118541
0.118696
0.117173
0.114006
0.109298
0.103218
0.0959907
0.0878806
0.0791781
0.0701803
0.061174
0.0524198
0.0441395
0.0365076
0.0296462
0.0236257
0.0184679
0.0141527
0.0106271
0.0078142
0.00562318
0.00395746
0.00272196
0.00182829
0.00119827
0.000765641
0.000476484
0.000288521
0.000169797
9.70018e-05
5.37222e-05
2.88021e-05
1.49245e-05
7.46141e-06
3.59207e-06
1.66163e-06
7.36784e-07
3.12311e-07
1.26167e-07
4.8406e-08
1.75677e-08
6.00316e-09
1.9211e-09
5.72069e-10
1.57306e-10
3.95715e-11
9.00123e-12
1.8241e-12
3.22925e-13
4.86111e-14
5.98147e-15
5.64931e-16
3.64754e-17
1.21046e-18
2.93313e-25
