0
2.93917e-09
5.41373e-08
4.86559e-07
2.84715e-06
1.22178e-05
4.10852e-05
0.000113066
0.000262855
0.000529527
0.000944993
0.00152462
0.00226726
0.00316567
0.00422095
0.00545262
0.0069003
0.00861909
0.0106736
0.0131338
0.0160744
0.0195751
0.0237222
0.0286089
0.0343356
0.0410099
0.0487452
0.0576602
0.0678765
0.0795177
0.092706
0.107561
0.124193
0.142707
0.163189
0.185712
0.210324
0.237049
0.265883
0.296785
0.329683
0.364462
0.400969
0.439005
0.478334
0.518674
0.559706
0.601073
0.642388
0.683235
0.723178
0.761768
0.798552
0.83308
0.864914
0.89364
0.918872
0.940266
0.957525
0.970405
0.978721
0.982356
0.981257
0.975439
0.964988
0.950052
0.930844
0.907634
0.880743
0.850534
0.817408
0.781791
0.744127
0.704869
0.664468
0.623369
0.581998
0.540757
0.500022
0.46013
0.421384
0.384043
0.348328
0.314414
0.282437
0.252491
0.224635
0.198891
0.17525
0.153676
0.13411
0.116472
0.100668
0.0865895
0.0741218
0.0631442
0.0535337
0.0451677
0.0379258
0.031692
0.0263555
0.0218122
0.0179653
0.0147257
0.0120123
0.00975173
0.00787853
0.00633456
0.00506868
0.00403628
0.00319871
0.00252276
0.00198009
0.00154668
0.00120234
0.000930161
0.00071614
0.000548714
0.00041841
0.000317516
0.000239794
0.000180226
0.000134805
0.000100347
7.43376e-05
5.48052e-05
4.02109e-05
2.93612e-05
2.1336e-05
1.54298e-05
1.11049e-05
7.9539e-06
5.66961e-06
4.02193e-06
2.83939e-06
1.99492e-06
1.39487e-06
9.70621e-07
6.72165e-07
4.63245e-07
3.17727e-07
2.16874e-07
1.47322e-07
9.95954e-08
6.70068e-08
4.48651e-08
2.98955e-08
1.9825e-08
1.30837e-08
8.59322e-09
5.61683e-09
3.65372e-09
2.36532e-09
1.52388e-09
9.77067e-10
6.23456e-10
3.95911e-10
2.50206e-10
1.57365e-10
9.84979e-11
6.13559e-11
3.8036e-11
2.34662e-11
1.44079e-11
8.80373e-12
5.35357e-12
3.23988e-12
1.9513e-12
1.16958e-12
6.97662e-13
4.14161e-13
2.44683e-13
1.43862e-13
8.41783e-14
4.90188e-14
2.84076e-14
1.63839e-14
9.40392e-15
5.37168e-15
3.05366e-15
1.72759e-15
9.72685e-16
5.45019e-16
3.03921e-16
1.68663e-16
9.31513e-17
5.11997e-17
2.80063e-17
1.52459e-17
8.25961e-18
4.45324e-18
2.38947e-18
1.27596e-18
6.78084e-19
3.58623e-19
1.88757e-19
9.88726e-20
5.15417e-20
2.67394e-20
1.38056e-20
7.09358e-21
3.62732e-21
1.84594e-21
9.3488e-22
4.712e-22
2.36354e-22
1.17986e-22
5.86148e-23
2.89797e-23
1.4259e-23
6.98222e-24
3.40257e-24
1.65017e-24
7.96455e-25
3.82562e-25
1.82874e-25
8.69983e-26
4.11887e-26
1.94069e-26
9.09999e-27
4.24654e-27
1.97214e-27
9.11487e-28
4.19248e-28
1.91911e-28
8.74257e-29
3.96356e-29
1.7883e-29
8.0298e-30
3.5882e-30
1.59572e-30
7.06231e-31
3.1106e-31
1.36348e-31
5.9479e-32
2.58218e-32
1.11562e-32
4.79683e-33
2.05258e-33
8.74088e-34
3.7044e-34
1.56238e-34
6.55792e-35
2.73938e-35
1.13879e-35
4.71136e-36
1.93979e-36
7.94824e-37
3.24112e-37
1.3153e-37
5.31208e-38
2.13506e-38
8.5401e-39
3.39956e-39
1.34676e-39
5.30964e-40
2.08327e-40
8.13456e-41
3.16103e-41
1.22245e-41
4.70477e-42
1.802e-42
6.86871e-43
2.60557e-43
9.83642e-44
3.69554e-44
1.38173e-44
5.14136e-45
1.90387e-45
7.0162e-46
2.5732e-46
9.39182e-47
3.4114e-47
1.23316e-47
4.43624e-48
1.58823e-48
5.65873e-49
2.00646e-49
7.08019e-50
2.48637e-50
8.68944e-51
3.0222e-51
1.04606e-51
3.60329e-52
1.23522e-52
4.214e-53
1.4307e-53
4.83402e-54
1.62545e-54
5.43927e-55
1.81139e-55
6.00328e-56
1.98002e-56
6.49911e-57
2.12298e-57
6.90198e-58
2.23472e-58
7.25589e-59
2.54606e-59
1.93821e-59
