2.8326e-44
2.68671e-44
4.21631e-44
7.76321e-44
1.48098e-43
2.84241e-43
5.45278e-43
1.044e-42
1.99429e-42
3.80054e-42
7.22543e-42
1.37038e-41
2.59287e-41
4.89418e-41
9.21598e-41
1.73127e-40
3.24454e-40
6.06604e-40
1.13142e-39
2.10526e-39
3.90801e-39
7.23724e-39
1.33708e-38
2.46442e-38
4.53147e-38
8.31258e-38
1.52126e-37
2.77744e-37
5.05893e-37
9.19279e-37
1.66652e-36
3.01405e-36
5.43834e-36
9.78948e-36
1.75805e-35
3.1498e-35
5.63007e-35
1.00398e-34
1.78616e-34
3.17026e-34
5.61377e-34
9.91741e-34
1.74794e-33
3.07355e-33
5.3919e-33
9.43691e-33
1.64781e-32
2.87059e-32
4.98916e-32
8.65114e-32
1.49662e-31
2.5831e-31
4.44799e-31
7.64153e-31
1.30976e-30
2.23975e-30
3.82123e-30
6.50436e-30
1.1046e-29
1.87155e-29
3.16373e-29
5.33577e-29
8.97835e-29
1.50729e-28
2.52466e-28
4.21901e-28
7.03435e-28
1.17015e-27
1.94208e-27
3.21587e-27
5.31298e-27
8.75762e-27
1.44027e-26
2.36326e-26
3.86893e-26
6.31949e-26
1.02988e-25
1.67457e-25
2.71666e-25
4.39726e-25
7.10142e-25
1.14426e-24
1.8396e-24
2.95079e-24
4.72252e-24
7.541e-24
1.20145e-23
1.90987e-23
3.02917e-23
4.79367e-23
7.56896e-23
1.19242e-22
1.87434e-22
2.93964e-22
4.6001e-22
7.18238e-22
1.11892e-21
1.73924e-21
2.69743e-21
4.17419e-21
6.44507e-21
9.92922e-21
1.52629e-20
2.34096e-20
3.5825e-20
5.47035e-20
8.33453e-20
1.26703e-19
1.92189e-19
2.90878e-19
4.39272e-19
6.61909e-19
9.95187e-19
1.49298e-18
2.23484e-18
3.33799e-18
4.97472e-18
7.39772e-18
1.09768e-17
1.62517e-17
2.40088e-17
3.53911e-17
5.20555e-17
7.63994e-17
1.11883e-16
1.63491e-16
2.38384e-16
3.46827e-16
5.03505e-16
7.29377e-16
1.05428e-15
1.52061e-15
2.18846e-15
3.14282e-15
4.50359e-15
6.43962e-15
9.18804e-15
1.30812e-14
1.85839e-14
2.63446e-14
3.72658e-14
5.26013e-14
7.40882e-14
1.04129e-13
1.46037e-13
2.04374e-13
2.85405e-13
3.97717e-13
5.53049e-13
7.67422e-13
1.06265e-12
1.46837e-12
2.02479e-12
2.78629e-12
3.82639e-12
5.24421e-12
7.17326e-12
9.79306e-12
1.33448e-11
1.81523e-11
2.46501e-11
3.34209e-11
4.52476e-11
6.11816e-11
8.26385e-11
1.11527e-10
1.50431e-10
2.02856e-10
2.73579e-10
3.69143e-10
4.98547e-10
6.74233e-10
9.13492e-10
1.24046e-09
1.68899e-09
2.30673e-09
3.16096e-09
4.34687e-09
5.9994e-09
8.30984e-09
1.15494e-08
1.61018e-08
2.25098e-08
3.15378e-08
4.42599e-08
6.21798e-08
8.73928e-08
1.22806e-07
1.72434e-07
2.41787e-07
3.38396e-07
4.72487e-07
6.57871e-07
9.13088e-07
1.26288e-06
1.74007e-06
2.38794e-06
3.26319e-06
4.43969e-06
6.01306e-06
8.10637e-06
1.0877e-05
1.4525e-05
1.93034e-05
2.55299e-05
3.36015e-05
4.40114e-05
5.73687e-05
7.44214e-05
9.60835e-05
0.000123465
0.000157909
0.000201028
0.000254754
0.000321383
0.000403638
0.000504727
0.000628413
0.000779092
0.000961873
0.00118267
0.00144829
0.00176654
0.00214635
0.00259785
0.00313253
0.00376333
0.00450475
0.00537303
0.0063862
0.00756425
0.00892918
0.0105052
0.0123186
0.0143981
0.0167746
0.0194815
0.0225543
0.0260309
0.0299514
0.0343577
0.0392936
0.0448045
0.0509371
0.0577389
0.0652579
0.073542
0.0826386
0.092594
0.103453
0.115256
0.128044
0.141851
0.156706
0.172635
0.189656
0.20778
0.227011
0.247345
0.268768
0.291259
0.314785
0.339306
0.36477
0.391118
0.41828
0.446178
0.474727
0.503834
0.533402
0.563327
0.593505
0.623829
0.654195
0.684497
0.71464
0.74453
0.774087
0.803238
0.831925
0.860107
0.887759
0.914878
0.941487
0.967635
0.993408
1.01893
1.04438
1.06998
1.09603
1.12286
1.15087
1.18046
1.21199
1.24573
1.28167
1.31949
1.35833
1.39674
1.6051
