0.0364115
0.0355382
0.0349693
0.0346899
0.0346815
0.0349221
0.0353867
0.036048
0.0368762
0.0378405
0.0389092
0.0400508
0.0412349
0.0424329
0.0436191
0.044771
0.04587
0.046902
0.047857
0.0487297
0.0495186
0.050226
0.0508573
0.0514204
0.051925
0.0523818
0.0528021
0.0531967
0.053576
0.053949
0.0543238
0.0547067
0.0551024
0.0555145
0.0559451
0.0563956
0.0568664
0.0573578
0.0578701
0.0584039
0.0589603
0.0595413
0.06015
0.0607902
0.0614666
0.0621848
0.0629506
0.0637697
0.0646474
0.0655879
0.0665936
0.0676649
0.0687994
0.0699919
0.0712336
0.0725129
0.0738146
0.0751212
0.0764128
0.0776685
0.0788668
0.079987
0.0810101
0.0819201
0.0827045
0.0833558
0.0838715
0.0842547
0.084514
0.0846635
0.0847221
0.0847128
0.0846613
0.0845956
0.0845441
0.0845345
0.0845927
0.0847418
0.0850007
0.0853842
0.0859018
0.0865582
0.0873529
0.0882809
0.0893332
0.0904973
0.0917583
0.0930996
0.0945037
0.0959531
0.0974312
0.0989226
0.100413
0.101892
0.103349
0.104778
0.106174
0.107534
0.108859
0.110149
0.11141
0.112646
0.113866
0.115078
0.116293
0.117524
0.118784
0.120086
0.121446
0.122878
0.124396
0.126013
0.12774
0.129586
0.131554
0.133646
0.135858
0.138179
0.140595
0.143086
0.145625
0.148181
0.150719
0.153197
0.155574
0.157805
0.159845
0.16165
0.163178
0.16439
0.165253
0.16574
0.165829
0.165508
0.164769
0.163618
0.162064
0.160127
0.157832
0.155215
0.152312
0.149169
0.145831
0.142348
0.138771
0.13515
0.131534
0.127969
0.1245
0.121165
0.118
0.115034
0.112294
0.109798
0.107562
0.105595
0.103903
0.102487
0.101343
0.100467
0.0998495
0.0994796
0.0993447
0.0994312
0.0997241
0.100208
0.100868
0.101688
0.102653
0.103749
0.10496
0.106275
0.107679
0.109161
0.11071
0.112315
0.113966
0.115654
0.117371
0.119109
0.120861
0.12262
0.12438
0.126135
0.12788
0.129608
0.131315
0.132995
0.134644
0.136257
0.137827
0.139351
0.140821
0.142233
0.143581
0.144859
0.146061
0.147182
0.148216
0.149157
0.15
0.150741
0.151375
0.151899
0.152311
0.152608
0.152791
0.152858
0.152813
0.152656
0.152391
0.152023
0.151558
0.151002
0.150362
0.149645
0.148862
0.148019
0.147128
0.146197
0.145236
0.144254
0.143262
0.142268
0.141283
0.140315
0.139374
0.13847
0.137612
0.136808
0.13607
0.135405
0.134825
0.134337
0.133952
0.133678
0.133524
0.133496
0.1336
0.133842
0.134223
0.134744
0.135404
0.136199
0.137124
0.138171
0.139332
0.140599
0.14196
0.143408
0.144934
0.14653
0.148191
0.14991
0.151682
0.153505
0.15537
0.157272
0.159199
0.161138
0.163071
0.164977
0.166831
0.168605
0.170272
0.171805
0.17318
0.17438
0.175394
0.176219
0.176863
0.177342
0.177679
0.177907
0.178057
0.178165
0.178262
0.178377
0.178529
0.17873
0.178982
0.179277
0.179601
0.179933
0.180246
0.180512
0.180705
0.180798
0.180772
0.180611
0.180308
0.179862
0.179282
0.178582
0.177787
0.176923
0.176024
0.175122
0.174251
0.193384
