0.0996782
0.100113
0.100631
0.101243
0.101956
0.102782
0.103732
0.104817
0.106046
0.107429
0.10897
0.110674
0.112542
0.114569
0.116752
0.11908
0.121543
0.124127
0.126818
0.129601
0.13246
0.135379
0.138343
0.141337
0.144347
0.147359
0.150359
0.153333
0.156267
0.159146
0.161952
0.164668
0.167277
0.169758
0.172093
0.17426
0.176239
0.178013
0.179562
0.180872
0.181928
0.182721
0.183242
0.183489
0.18346
0.18316
0.182595
0.181776
0.180715
0.179428
0.177932
0.176246
0.174391
0.172385
0.170251
0.168008
0.165676
0.163276
0.160825
0.158341
0.155843
0.153345
0.150864
0.148415
0.14601
0.143663
0.141385
0.139187
0.137079
0.135067
0.13316
0.131363
0.129679
0.128113
0.126665
0.125336
0.124127
0.123036
0.122061
0.1212
0.12045
0.119806
0.119267
0.118827
0.118482
0.118228
0.11806
0.117973
0.11796
0.118017
0.118136
0.11831
0.118534
0.118798
0.119095
0.119416
0.119754
0.120099
0.120443
0.120778
0.121094
0.121386
0.121645
0.121866
0.122042
0.122169
0.122242
0.12226
0.12222
0.122121
0.121964
0.121748
0.121477
0.121153
0.12078
0.12036
0.1199
0.119404
0.118877
0.118325
0.117753
0.117169
0.116577
0.115984
0.115396
0.114818
0.114257
0.113719
0.113208
0.11273
0.11229
0.111893
0.111543
0.111244
0.111
0.110815
0.110689
0.110626
0.110627
0.110692
0.110822
0.111014
0.111269
0.111583
0.111954
0.112378
0.112852
0.11337
0.11393
0.114526
0.115153
0.115807
0.116485
0.117182
0.117895
0.118622
0.119361
0.120111
0.120871
0.12164
0.12242
0.123211
0.124014
0.12483
0.125661
0.126507
0.127369
0.128247
0.12914
0.130049
0.13097
0.131902
0.13284
0.133781
0.134721
0.135654
0.136574
0.137475
0.138351
0.139195
0.140001
0.14076
0.141467
0.142115
0.142697
0.143207
0.143637
0.143983
0.144238
0.144396
0.144452
0.1444
0.144238
0.14396
0.143563
0.143045
0.142404
0.14164
0.140753
0.139745
0.138618
0.137376
0.136025
0.134571
0.133019
0.131379
0.129659
0.127867
0.126013
0.124107
0.122159
0.120177
0.118172
0.116152
0.114127
0.112105
0.110096
0.108106
0.106144
0.104219
0.102337
0.100505
0.0987324
0.0970246
0.0953886
0.0938305
0.0923559
0.0909697
0.0896758
0.0884772
0.0873757
0.0863719
0.0854651
0.0846534
0.0839333
0.0833003
0.0827487
0.0822717
0.0818619
0.0815111
0.0812109
0.0809526
0.0807277
0.0805281
0.0803461
0.0801748
0.0800081
0.0798409
0.079669
0.0794894
0.0792999
0.0790995
0.0788879
0.0786658
0.0784344
0.0781956
0.0779517
0.0777053
0.0774595
0.0772174
0.0769822
0.0767573
0.0765461
0.0763521
0.076179
0.0760302
0.0759097
0.0758211
0.0757684
0.0757554
0.075786
0.0758638
0.0759924
0.0761747
0.0764135
0.0767109
0.0770684
0.0774864
0.077965
0.0785031
0.0790988
0.0797493
0.0804509
0.0811989
0.0819875
0.0828101
0.0836588
0.0845245
0.0853972
0.0862657
0.0871179
0.0879412
0.088723
0.0894513
0.0901154
0.0907068
0.09122
0.0916532
0.0920085
0.102578
