0.394191
0.400719
0.406486
0.411044
0.414093
0.415501
0.415287
0.413593
0.410648
0.406724
0.402103
0.397043
0.391764
0.386432
0.381167
0.376039
0.371081
0.366299
0.361681
0.357203
0.35284
0.348567
0.34436
0.340203
0.33608
0.331983
0.327902
0.323832
0.319767
0.315701
0.311626
0.307537
0.303424
0.299278
0.29509
0.290849
0.286545
0.28217
0.277713
0.273167
0.268525
0.263782
0.258934
0.253979
0.248916
0.243747
0.238475
0.233106
0.227646
0.222105
0.216492
0.210821
0.205106
0.199361
0.193603
0.187851
0.182124
0.176442
0.170826
0.165297
0.159879
0.154594
0.149464
0.144513
0.139763
0.135235
0.130952
0.126934
0.123201
0.11977
0.116658
0.113882
0.111452
0.109381
0.107677
0.106347
0.105393
0.104818
0.104618
0.104788
0.105321
0.106204
0.107425
0.108964
0.110801
0.112912
0.115272
0.117851
0.120617
0.123536
0.126573
0.129691
0.13285
0.136011
0.139134
0.142179
0.145107
0.147879
0.150457
0.152805
0.154891
0.156683
0.158153
0.159276
0.160031
0.160401
0.160372
0.159936
0.159087
0.157825
0.156154
0.154082
0.15162
0.148786
0.145598
0.14208
0.138258
0.13416
0.129818
0.125265
0.120536
0.115666
0.110694
0.105655
0.100588
0.0955309
0.0905195
0.0855908
0.0807803
0.0761226
0.0716511
0.0673977
0.0633933
0.0596671
0.0562469
0.0531589
0.0504276
0.0480759
0.0461247
0.0445933
0.0434986
0.0428552
0.0426753
0.0429681
0.0437396
0.0449926
0.0467254
0.0489326
0.0516035
0.0547226
0.0582688
0.0622155
0.0665297
0.0711725
0.0760992
0.0812587
0.0865945
0.0920449
0.0975437
0.103021
0.108404
0.113618
0.118589
0.123242
0.127507
0.131315
0.134604
0.137318
0.139409
0.140839
0.141578
0.141609
0.140923
0.139526
0.137432
0.134669
0.131273
0.127291
0.122777
0.117793
0.112405
0.106686
0.100708
0.0945456
0.0882725
0.0819597
0.0756747
0.0694801
0.0634329
0.0575835
0.0519752
0.046644
0.0416184
0.0369196
0.0325621
0.0285535
0.024896
0.0215866
0.0186183
0.0159807
0.0136614
0.0116468
0.00992313
0.00847754
0.00729908
0.00637966
0.0057149
0.00530492
0.00515504
0.00527617
0.00568514
0.00640461
0.00746274
0.00889238
0.0107298
0.013013
0.0157792
0.0190624
0.0228898
0.0272781
0.03223
0.03773
0.0437412
0.0502024
0.057026
0.0640976
0.0712767
0.0783999
0.085285
0.0917377
0.0975596
0.102558
0.106553
0.109394
0.110961
0.111178
0.110015
0.107496
0.103694
0.0987274
0.0927591
0.0859829
0.0786148
0.0708808
0.0630052
0.0551996
0.047653
0.0405244
0.0339383
0.0279818
0.0227058
0.0181272
0.0142332
0.0109874
0.00833579
0.00621268
0.00454685
0.00326624
0.00230192
0.00159082
0.0010775
0.000714888
0.000464334
0.00029507
0.000183332
0.000111292
6.59593e-05
3.81357e-05
2.1491e-05
1.17939e-05
6.29654e-06
3.26687e-06
1.64532e-06
8.03377e-07
3.79801e-07
1.7359e-07
7.65837e-08
3.25559e-08
1.33099e-08
5.22218e-09
1.96176e-09
7.03755e-10
2.40389e-10
7.7929e-11
2.38868e-11
6.89356e-12
1.86392e-12
4.69497e-13
1.0943e-13
2.34127e-14
4.55337e-15
7.95281e-16
1.22834e-16
1.64413e-17
1.85487e-18
1.69401e-19
1.17474e-20
5.50319e-22
1.32321e-23
2.27108e-25
