0.0975642
0.0974963
0.097407
0.0972947
0.0971585
0.0969984
0.0968154
0.0966113
0.0963888
0.096151
0.095902
0.0956459
0.0953871
0.0951302
0.0948793
0.0946385
0.0944115
0.0942013
0.0940104
0.0938408
0.093694
0.0935708
0.0934718
0.0933973
0.0933472
0.0933214
0.09332
0.0933427
0.0933898
0.0934614
0.0935576
0.093679
0.0938258
0.0939985
0.0941973
0.0944224
0.0946739
0.0949516
0.0952552
0.0955844
0.0959383
0.0963164
0.0967177
0.0971413
0.0975863
0.0980518
0.0985369
0.0990407
0.0995624
0.100101
0.100656
0.101227
0.101812
0.102412
0.103025
0.103649
0.104285
0.104932
0.105586
0.106248
0.106915
0.107586
0.108258
0.108929
0.109596
0.110258
0.110912
0.111554
0.112182
0.112793
0.113385
0.113955
0.1145
0.115018
0.115507
0.115966
0.116393
0.116788
0.117148
0.117476
0.117769
0.118029
0.118257
0.118454
0.11862
0.118757
0.118868
0.118953
0.119015
0.119056
0.119077
0.11908
0.119068
0.119042
0.119003
0.118954
0.118895
0.118829
0.118755
0.118676
0.118593
0.118506
0.118416
0.118324
0.11823
0.118135
0.11804
0.117944
0.117848
0.117753
0.117658
0.117564
0.11747
0.117378
0.117287
0.117197
0.11711
0.117025
0.116943
0.116865
0.116792
0.116725
0.116664
0.116612
0.116569
0.116537
0.116517
0.11651
0.116518
0.116542
0.116581
0.116637
0.116711
0.116802
0.116909
0.117032
0.117171
0.117323
0.117487
0.117661
0.117843
0.11803
0.11822
0.118409
0.118595
0.118775
0.118946
0.119105
0.119248
0.119374
0.11948
0.119563
0.119622
0.119655
0.11966
0.119637
0.119584
0.119502
0.119391
0.11925
0.119081
0.118885
0.118665
0.11842
0.118155
0.117872
0.117573
0.117263
0.116944
0.11662
0.116295
0.115972
0.115656
0.11535
0.115057
0.114782
0.114526
0.114294
0.114086
0.113907
0.113756
0.113635
0.113546
0.113487
0.113459
0.11346
0.11349
0.113547
0.113628
0.113732
0.113855
0.113995
0.114148
0.114313
0.114485
0.114662
0.114841
0.115019
0.115195
0.115366
0.11553
0.115686
0.115834
0.115972
0.1161
0.116218
0.116328
0.116428
0.116521
0.116608
0.116691
0.116771
0.116851
0.116932
0.117019
0.117112
0.117215
0.11733
0.117461
0.11761
0.117779
0.117971
0.118187
0.118431
0.118702
0.119003
0.119333
0.119693
0.120084
0.120504
0.120952
0.121428
0.12193
0.122456
0.123004
0.123572
0.124159
0.124762
0.125379
0.126007
0.126646
0.127294
0.127948
0.128607
0.12927
0.129935
0.130601
0.131268
0.131933
0.132597
0.133258
0.133917
0.134573
0.135227
0.135878
0.136528
0.137177
0.137827
0.138478
0.139133
0.139793
0.140459
0.141133
0.141816
0.142509
0.143212
0.143925
0.144647
0.145377
0.146113
0.146852
0.147592
0.148328
0.149056
0.149772
0.150472
0.15115
0.151802
0.152422
0.153007
0.153552
0.154052
0.154504
0.154904
0.15525
0.155538
0.155767
0.155934
0.156038
0.156077
0.156051
0.155959
0.155801
0.155576
0.155286
0.154931
0.154512
0.154032
0.153491
0.16793
