0.10177
0.102946
0.105417
0.109188
0.114211
0.120391
0.127587
0.135619
0.144282
0.153364
0.162662
0.172002
0.181249
0.190318
0.199172
0.207821
0.216303
0.224676
0.232995
0.241297
0.249588
0.257838
0.265972
0.273881
0.281426
0.288457
0.294822
0.300385
0.305037
0.308708
0.311366
0.313026
0.313738
0.313588
0.312685
0.311152
0.309117
0.306704
0.304028
0.301187
0.29826
0.295307
0.292366
0.289461
0.286598
0.283769
0.28096
0.278148
0.275307
0.272411
0.269431
0.266345
0.26313
0.25977
0.256254
0.252575
0.248731
0.244728
0.240574
0.236285
0.231879
0.227379
0.222811
0.218203
0.213585
0.208988
0.204444
0.199984
0.195637
0.191431
0.187391
0.183541
0.1799
0.176485
0.173309
0.170383
0.167713
0.165304
0.163159
0.161276
0.159656
0.158294
0.157187
0.156332
0.155723
0.155358
0.155232
0.155344
0.15569
0.156271
0.157086
0.158134
0.159415
0.160931
0.16268
0.164662
0.166874
0.169313
0.171972
0.174842
0.177913
0.181168
0.18459
0.188157
0.191842
0.195615
0.199443
0.203289
0.207111
0.210868
0.214512
0.217999
0.221279
0.224305
0.22703
0.229409
0.231398
0.232958
0.234055
0.234658
0.234741
0.234288
0.233285
0.231727
0.229618
0.226965
0.223786
0.220101
0.21594
0.211337
0.206331
0.200964
0.195284
0.189339
0.183178
0.176853
0.170413
0.163908
0.157384
0.150886
0.144455
0.138128
0.131939
0.125916
0.120083
0.11446
0.109062
0.103901
0.0989834
0.0943116
0.0898856
0.0857019
0.0817544
0.0780349
0.0745334
0.0712384
0.0681375
0.0652179
0.0624663
0.0598695
0.0574147
0.0550894
0.0528819
0.0507813
0.0487778
0.0468622
0.0450268
0.043265
0.0415712
0.0399411
0.0383717
0.0368613
0.0354097
0.034018
0.032689
0.0314273
0.0302391
0.0291328
0.028119
0.0272106
0.0264229
0.025774
0.0252844
0.0249772
0.024878
0.0250142
0.0254148
0.0261097
0.0271285
0.0284995
0.0302482
0.0323959
0.0349575
0.0379402
0.0413412
0.0451462
0.0493276
0.0538435
0.058637
0.063636
0.0687535
0.0738897
0.0789335
0.083766
0.0882639
0.0923039
0.0957677
0.0985467
0.100547
0.101693
0.101932
0.101238
0.0996116
0.0970807
0.0937006
0.089551
0.084733
0.0793645
0.073575
0.0675001
0.061276
0.055034
0.0488955
0.0429686
0.0373442
0.0320948
0.0272734
0.0229136
0.019031
0.0156248
0.0126805
0.0101724
0.00806669
0.00632405
0.00490239
0.00375893
0.00285207
0.0021428
0.0015956
0.00117904
0.000866001
0.000633626
0.000463077
0.000339161
0.000249875
0.000185927
0.000140258
0.000107611
8.41403e-05
6.70812e-05
5.44806e-05
4.49792e-05
3.76438e-05
3.18407e-05
2.71427e-05
2.32623e-05
2.00049e-05
1.72369e-05
1.48648e-05
1.28203e-05
1.10525e-05
9.52129e-06
8.19419e-06
7.0442e-06
6.04834e-06
5.18678e-06
4.44224e-06
3.79965e-06
3.24576e-06
2.76898e-06
2.35913e-06
2.00729e-06
1.70568e-06
1.44747e-06
1.22673e-06
1.03829e-06
8.77636e-07
7.40865e-07
6.24589e-07
5.25875e-07
4.42189e-07
3.71345e-07
3.1146e-07
2.60913e-07
2.18317e-07
1.82479e-07
1.52384e-07
1.27163e-07
1.0608e-07
8.85125e-08
7.39374e-08
6.19201e-08
5.21067e-08
4.42188e-08
3.80549e-08
3.34993e-08
3.05455e-08
2.93459e-08
3.03124e-08
3.88225e-08
