0.165411
0.163757
0.161987
0.160119
0.158171
0.156158
0.1541
0.152011
0.149908
0.147806
0.145719
0.14366
0.14164
0.139669
0.137757
0.135911
0.134138
0.13244
0.130822
0.129284
0.127827
0.126449
0.125147
0.123918
0.122757
0.12166
0.12062
0.119632
0.118691
0.11779
0.116925
0.116092
0.115285
0.114502
0.113739
0.112996
0.112269
0.11156
0.110868
0.110192
0.109535
0.108896
0.108278
0.107682
0.10711
0.106564
0.106045
0.105556
0.105098
0.104673
0.104282
0.103928
0.103612
0.103336
0.103101
0.102909
0.10276
0.102656
0.102598
0.102585
0.102618
0.102697
0.102819
0.102984
0.103189
0.103432
0.103709
0.104017
0.104351
0.104709
0.105084
0.105474
0.105874
0.10628
0.106688
0.107097
0.107503
0.107905
0.108302
0.108692
0.109076
0.109455
0.109828
0.110198
0.110566
0.110932
0.111299
0.111668
0.112041
0.112419
0.112803
0.113194
0.113591
0.113997
0.11441
0.114831
0.115258
0.11569
0.116128
0.116568
0.117009
0.11745
0.117887
0.118317
0.118739
0.119149
0.119543
0.119919
0.120272
0.120599
0.120897
0.121163
0.121394
0.121586
0.121739
0.121851
0.12192
0.121946
0.121929
0.121871
0.121773
0.121638
0.121468
0.121268
0.121041
0.120792
0.120526
0.120249
0.119964
0.119679
0.119397
0.119125
0.118866
0.118625
0.118406
0.11821
0.118042
0.117901
0.117789
0.117706
0.11765
0.117621
0.117615
0.117628
0.117659
0.1177
0.117749
0.117799
0.117845
0.117882
0.117903
0.117904
0.117879
0.117824
0.117734
0.117606
0.117436
0.117224
0.116967
0.116666
0.11632
0.115932
0.115504
0.11504
0.114543
0.11402
0.113476
0.112917
0.112351
0.111785
0.111226
0.110683
0.110162
0.109672
0.10922
0.108811
0.108453
0.10815
0.107908
0.107728
0.107616
0.107571
0.107595
0.107688
0.107848
0.108074
0.108362
0.10871
0.109113
0.109565
0.110064
0.110602
0.111174
0.111775
0.112399
0.11304
0.113694
0.114354
0.115017
0.115678
0.116334
0.116981
0.117616
0.118238
0.118846
0.119438
0.120015
0.120576
0.121124
0.12166
0.122186
0.122704
0.123218
0.12373
0.124245
0.124765
0.125295
0.125837
0.126394
0.126969
0.127564
0.12818
0.128818
0.129478
0.130159
0.130858
0.131572
0.132297
0.133029
0.13376
0.134485
0.135195
0.135883
0.136538
0.137153
0.137718
0.138224
0.138662
0.139025
0.139304
0.139495
0.139591
0.139588
0.139484
0.139279
0.138972
0.138564
0.13806
0.137462
0.136776
0.136007
0.135162
0.134249
0.133273
0.132243
0.131166
0.130048
0.128899
0.127725
0.126532
0.12533
0.124124
0.122923
0.121733
0.12056
0.119413
0.118296
0.117216
0.116178
0.115186
0.114243
0.113352
0.112514
0.11173
0.110998
0.110316
0.109683
0.109093
0.108543
0.108029
0.107547
0.107093
0.106663
0.106254
0.105866
0.105495
0.105143
0.10481
0.104497
0.104205
0.103936
0.103692
0.103473
0.10328
0.103112
0.102968
0.102845
0.102742
0.102654
0.114296
