0.1086
0.109257
0.110014
0.110875
0.111845
0.112928
0.114128
0.115453
0.116906
0.118495
0.120224
0.122096
0.124114
0.126278
0.128585
0.131029
0.133601
0.136287
0.139072
0.141935
0.144854
0.147803
0.150757
0.153687
0.156567
0.15937
0.162069
0.164641
0.167064
0.169316
0.171381
0.173243
0.174889
0.176306
0.177486
0.178421
0.179106
0.179537
0.179711
0.179629
0.179291
0.178703
0.177869
0.1768
0.175504
0.173996
0.172291
0.170407
0.168363
0.166181
0.163883
0.161493
0.159034
0.15653
0.154005
0.151479
0.148973
0.146505
0.144092
0.141747
0.139483
0.137308
0.13523
0.133255
0.131385
0.129622
0.127968
0.126422
0.124982
0.123647
0.122415
0.121283
0.120248
0.119308
0.118459
0.117698
0.117022
0.116427
0.11591
0.115467
0.115095
0.114791
0.11455
0.114371
0.114249
0.114182
0.114167
0.114201
0.114281
0.114405
0.11457
0.114772
0.115008
0.115276
0.115571
0.115889
0.116225
0.116575
0.116933
0.117293
0.11765
0.117997
0.118328
0.118638
0.118919
0.119167
0.119375
0.11954
0.119656
0.119721
0.11973
0.119684
0.119579
0.119417
0.119197
0.118921
0.118592
0.118213
0.117787
0.117319
0.116814
0.116278
0.115715
0.115134
0.11454
0.11394
0.113341
0.11275
0.112175
0.111622
0.111099
0.110611
0.110167
0.109773
0.109434
0.109156
0.108945
0.108805
0.108741
0.108754
0.108848
0.109024
0.109282
0.109622
0.110041
0.110537
0.111107
0.111745
0.112446
0.113202
0.114007
0.114854
0.115733
0.116637
0.117558
0.118487
0.119417
0.120341
0.121253
0.122147
0.123019
0.123865
0.124684
0.125473
0.126232
0.126962
0.127665
0.128344
0.129001
0.129639
0.130265
0.13088
0.13149
0.132099
0.132711
0.133328
0.133954
0.13459
0.135237
0.135894
0.136559
0.137231
0.137904
0.138573
0.139231
0.139871
0.140483
0.141058
0.141585
0.142054
0.142454
0.142773
0.143001
0.143128
0.143144
0.143043
0.142816
0.142459
0.141967
0.141339
0.140574
0.139673
0.138638
0.137475
0.136188
0.134784
0.133273
0.131662
0.129963
0.128187
0.126345
0.124451
0.122515
0.120553
0.118577
0.1166
0.114636
0.112698
0.110799
0.108951
0.107165
0.105452
0.10382
0.102279
0.100834
0.0994903
0.0982517
0.0971194
0.0960934
0.0951716
0.0943506
0.0936251
0.0929888
0.0924341
0.0919523
0.0915344
0.0911707
0.0908514
0.0905669
0.0903077
0.0900651
0.0898311
0.0895983
0.0893605
0.0891123
0.0888497
0.0885692
0.0882686
0.0879467
0.0876028
0.0872371
0.0868505
0.0864441
0.0860198
0.0855795
0.0851256
0.0846606
0.0841872
0.0837083
0.0832269
0.0827461
0.0822693
0.0817998
0.0813412
0.0808971
0.0804713
0.0800674
0.0796891
0.0793398
0.0790229
0.0787412
0.0784974
0.0782936
0.0781315
0.0780121
0.0779361
0.0779034
0.0779132
0.0779643
0.0780546
0.0781813
0.0783409
0.0785289
0.0787403
0.078969
0.0792085
0.0794519
0.0796922
0.0799229
0.0801384
0.0803348
0.0805101
0.0806651
0.0808036
0.0809321
0.0810605
0.0812006
0.0813658
0.08157
0.0912405
