0.0461842
0.0452626
0.0446255
0.0442555
0.0441314
0.0442286
0.0445199
0.0449756
0.0455647
0.0462557
0.0470175
0.0478204
0.0486368
0.0494424
0.0502167
0.0509431
0.0516095
0.0522085
0.0527367
0.0531945
0.0535859
0.0539175
0.0541978
0.0544366
0.0546444
0.0548316
0.0550081
0.0551827
0.0553628
0.0555548
0.0557631
0.0559911
0.0562407
0.0565129
0.0568082
0.0571264
0.0574677
0.0578324
0.0582216
0.0586371
0.0590818
0.0595597
0.0600756
0.0606353
0.061245
0.0619109
0.062639
0.0634339
0.0642992
0.0652357
0.066242
0.0673133
0.0684416
0.0696151
0.0708191
0.0720355
0.073244
0.0744226
0.0755488
0.0766003
0.0775565
0.0783995
0.0791152
0.0796942
0.0801324
0.0804314
0.0805989
0.0806482
0.0805979
0.0804708
0.0802934
0.0800943
0.0799029
0.0797485
0.0796584
0.0796572
0.0797654
0.0799992
0.0803694
0.0808815
0.0815358
0.0823276
0.0832478
0.0842837
0.0854194
0.0866373
0.0879186
0.0892442
0.0905955
0.0919549
0.0933066
0.0946363
0.0959321
0.0971843
0.0983853
0.0995298
0.100615
0.101639
0.102603
0.103511
0.104367
0.10518
0.105959
0.106715
0.107463
0.108219
0.109001
0.10983
0.110724
0.111706
0.112797
0.114015
0.115379
0.116904
0.1186
0.120474
0.122526
0.124752
0.127141
0.129674
0.132327
0.135069
0.137865
0.140673
0.143449
0.146143
0.148707
0.15109
0.153245
0.155125
0.156689
0.1579
0.158727
0.159149
0.15915
0.158724
0.157874
0.156611
0.154955
0.152934
0.150584
0.147944
0.145063
0.141989
0.138776
0.135478
0.132148
0.128838
0.125599
0.122476
0.119512
0.116743
0.1142
0.111909
0.109888
0.108151
0.106705
0.105553
0.104691
0.104112
0.103806
0.103756
0.103948
0.104361
0.104976
0.105772
0.106727
0.107822
0.109035
0.110347
0.11174
0.113197
0.114703
0.116244
0.117808
0.119384
0.120964
0.12254
0.124105
0.125656
0.127189
0.1287
0.130189
0.131652
0.13309
0.134502
0.135886
0.137241
0.138567
0.139862
0.141122
0.142345
0.143527
0.144664
0.145749
0.146778
0.147744
0.148639
0.149456
0.150188
0.150827
0.151366
0.151799
0.152118
0.15232
0.152399
0.152355
0.152184
0.151889
0.151471
0.150934
0.150284
0.149529
0.148677
0.147738
0.146726
0.145652
0.144531
0.143377
0.142205
0.141029
0.139865
0.138727
0.137629
0.136583
0.135603
0.134699
0.133881
0.133159
0.132542
0.132036
0.131647
0.131382
0.131245
0.13124
0.13137
0.131639
0.132048
0.132597
0.133286
0.134113
0.135076
0.136169
0.137386
0.138718
0.140156
0.141687
0.143301
0.144984
0.146723
0.148507
0.150324
0.152166
0.154026
0.155898
0.157779
0.159667
0.161561
0.163458
0.165353
0.167241
0.16911
0.170946
0.172729
0.174437
0.176044
0.177525
0.178854
0.180012
0.180983
0.18176
0.182345
0.182751
0.182999
0.183119
0.183145
0.183117
0.183073
0.183048
0.18307
0.18316
0.183327
0.183571
0.183883
0.184242
0.184624
0.184999
0.185334
0.1856
0.185767
0.185813
0.18572
0.185481
0.185092
0.184562
0.183906
0.183146
0.182313
0.181439
0.201438
