0.142295
0.142372
0.142356
0.142264
0.14211
0.141909
0.141671
0.141405
0.141115
0.140804
0.140472
0.14012
0.139743
0.139341
0.13891
0.138448
0.137957
0.137437
0.136893
0.136331
0.13576
0.135191
0.134634
0.134104
0.133612
0.133172
0.132793
0.132485
0.132255
0.132107
0.132044
0.132067
0.132175
0.132368
0.132646
0.133008
0.133456
0.133991
0.134619
0.135345
0.136175
0.137115
0.138174
0.139356
0.140666
0.142108
0.143682
0.145386
0.147216
0.149163
0.151217
0.153365
0.155591
0.157876
0.160202
0.162546
0.164886
0.167198
0.169459
0.171642
0.173724
0.17568
0.177487
0.179122
0.180562
0.181788
0.182782
0.183528
0.184012
0.184223
0.184154
0.183801
0.183161
0.182239
0.181038
0.179569
0.177845
0.175879
0.173692
0.171303
0.168735
0.166012
0.163161
0.160208
0.157178
0.154099
0.150996
0.147893
0.144814
0.141779
0.138809
0.135921
0.133128
0.130444
0.127879
0.12544
0.123133
0.120962
0.118929
0.117033
0.115275
0.113651
0.112159
0.110795
0.109556
0.108438
0.107436
0.106547
0.105765
0.105088
0.10451
0.104029
0.103641
0.10334
0.103123
0.102985
0.102921
0.102927
0.102996
0.103123
0.103301
0.103525
0.103788
0.104084
0.104408
0.104753
0.105116
0.105491
0.105878
0.106272
0.106674
0.107084
0.107502
0.107932
0.108376
0.108838
0.109323
0.109835
0.110379
0.110958
0.111577
0.112238
0.112943
0.113692
0.114486
0.115321
0.116195
0.117102
0.118036
0.118988
0.11995
0.120912
0.121863
0.122792
0.123688
0.124539
0.125333
0.126061
0.126711
0.127274
0.127743
0.12811
0.128369
0.128516
0.128548
0.128463
0.128263
0.127947
0.127519
0.126983
0.126345
0.125611
0.124788
0.123884
0.122908
0.12187
0.120778
0.119642
0.118473
0.117278
0.116068
0.11485
0.113633
0.112425
0.111231
0.110057
0.108909
0.10779
0.106704
0.105652
0.104637
0.103658
0.102716
0.10181
0.100938
0.100099
0.0992907
0.0985118
0.0977606
0.0970358
0.0963369
0.0956638
0.0950173
0.0943993
0.0938124
0.0932599
0.0927461
0.0922756
0.0918535
0.0914849
0.0911748
0.0909276
0.090747
0.0906355
0.0905947
0.0906244
0.0907234
0.0908885
0.0911157
0.0913993
0.0917327
0.0921086
0.0925191
0.092956
0.0934113
0.0938774
0.0943469
0.0948133
0.0952709
0.0957146
0.0961403
0.0965443
0.0969237
0.0972759
0.0975988
0.0978901
0.0981481
0.0983708
0.0985565
0.0987035
0.0988104
0.0988764
0.0989011
0.0988851
0.0988297
0.0987375
0.0986121
0.0984583
0.098282
0.0980899
0.0978892
0.0976875
0.0974925
0.0973112
0.0971498
0.0970135
0.0969057
0.0968283
0.0967813
0.0967626
0.0967686
0.0967937
0.0968308
0.096872
0.0969084
0.0969306
0.0969295
0.0968963
0.0968229
0.0967027
0.0965299
0.0963009
0.0960133
0.0956668
0.0952626
0.0948037
0.0942944
0.0937404
0.0931483
0.0925256
0.0918801
0.09122
0.0905534
0.089888
0.0892312
0.0885899
0.08797
0.0873774
0.0868169
0.086293
0.0858101
0.0853723
0.0849835
0.0846481
0.0843704
0.0841552
0.0840071
0.0839311
0.0839315
0.0925098
