0.0980972
0.0980691
0.0980295
0.0979776
0.0979123
0.0978325
0.097737
0.0976251
0.0974961
0.09735
0.0971872
0.0970089
0.0968169
0.0966137
0.0964022
0.096186
0.0959693
0.0957562
0.0955514
0.0953593
0.0951844
0.0950308
0.0949023
0.0948024
0.0947339
0.0946991
0.0946999
0.0947375
0.0948129
0.0949265
0.0950783
0.0952684
0.0954962
0.0957613
0.0960632
0.096401
0.0967741
0.0971814
0.0976219
0.0980943
0.0985973
0.0991292
0.0996881
0.100272
0.100878
0.101504
0.102146
0.102802
0.103469
0.104144
0.104822
0.105502
0.106179
0.106852
0.107516
0.108169
0.10881
0.109435
0.110044
0.110634
0.111203
0.111752
0.112278
0.112781
0.113261
0.113717
0.114149
0.114556
0.114939
0.115298
0.115632
0.115942
0.116228
0.116489
0.116726
0.116939
0.117127
0.117292
0.117431
0.117547
0.117637
0.117703
0.117744
0.11776
0.117752
0.117718
0.117661
0.117578
0.117472
0.117343
0.11719
0.117016
0.11682
0.116603
0.116367
0.116113
0.115843
0.115557
0.115259
0.114949
0.114629
0.114303
0.113972
0.11364
0.113309
0.112981
0.11266
0.112349
0.112052
0.11177
0.111508
0.111267
0.111052
0.110864
0.110706
0.11058
0.110487
0.11043
0.110409
0.110425
0.110478
0.110568
0.110694
0.110855
0.111051
0.111278
0.111535
0.111819
0.112129
0.11246
0.112809
0.113174
0.113551
0.113937
0.114328
0.11472
0.11511
0.115495
0.115871
0.116236
0.116587
0.11692
0.117235
0.117528
0.117797
0.118041
0.11826
0.118451
0.118614
0.118749
0.118855
0.118933
0.118984
0.119007
0.119004
0.118976
0.118924
0.118849
0.118753
0.118638
0.118505
0.118356
0.118193
0.118017
0.117831
0.117637
0.117435
0.117229
0.117019
0.116808
0.116597
0.116387
0.11618
0.115978
0.115782
0.115592
0.115409
0.115236
0.115072
0.114919
0.114776
0.114645
0.114527
0.114421
0.114328
0.114249
0.114184
0.114134
0.114099
0.11408
0.114076
0.11409
0.11412
0.114167
0.114232
0.114314
0.114413
0.114529
0.114663
0.114812
0.114977
0.115156
0.115349
0.115554
0.11577
0.115994
0.116227
0.116466
0.116709
0.116955
0.117202
0.11745
0.117696
0.11794
0.11818
0.118417
0.118649
0.118876
0.119098
0.119315
0.119526
0.119733
0.119935
0.120135
0.120331
0.120527
0.120722
0.120919
0.12112
0.121326
0.121539
0.121762
0.121997
0.122247
0.122513
0.1228
0.123107
0.123439
0.123796
0.124181
0.124595
0.125038
0.125512
0.126016
0.126551
0.127116
0.127711
0.128335
0.128986
0.129663
0.130366
0.131092
0.13184
0.132608
0.133395
0.1342
0.13502
0.135854
0.136701
0.137558
0.138424
0.139297
0.140176
0.141058
0.141941
0.142824
0.143705
0.144581
0.145453
0.146316
0.147171
0.148017
0.148851
0.149673
0.150481
0.151276
0.152055
0.152819
0.153565
0.154293
0.155001
0.155687
0.156348
0.156982
0.157587
0.158159
0.158694
0.159189
0.15964
0.160042
0.160391
0.160684
0.160917
0.161085
0.161187
0.161219
0.161179
0.161065
0.160877
0.176198
