0.20331
0.209378
0.215472
0.221319
0.226697
0.231455
0.235529
0.238943
0.241792
0.244229
0.246434
0.248581
0.250817
0.253241
0.255886
0.258725
0.261675
0.264615
0.267402
0.269899
0.27199
0.273599
0.274695
0.275301
0.275484
0.27535
0.275032
0.274673
0.274416
0.274387
0.274694
0.275411
0.276583
0.278223
0.280313
0.282811
0.285654
0.288768
0.292067
0.295463
0.298868
0.302199
0.305379
0.30834
0.311024
0.313382
0.315376
0.316976
0.318163
0.318923
0.319251
0.319148
0.31862
0.317675
0.316325
0.314586
0.312474
0.310007
0.307202
0.304077
0.300652
0.296944
0.292972
0.288753
0.284307
0.279651
0.274803
0.269781
0.264605
0.259294
0.253866
0.248342
0.242741
0.237085
0.231392
0.225685
0.219981
0.214303
0.208668
0.203095
0.197602
0.192206
0.186922
0.181766
0.176749
0.171884
0.167182
0.162653
0.158304
0.154143
0.150176
0.14641
0.142849
0.139497
0.136359
0.13344
0.130743
0.128272
0.126033
0.12403
0.122268
0.120753
0.11949
0.118485
0.117745
0.117274
0.117078
0.117161
0.117526
0.118175
0.119108
0.120324
0.121815
0.123576
0.125594
0.127855
0.130339
0.133024
0.135883
0.138884
0.141992
0.145168
0.148369
0.151548
0.154658
0.157649
0.160468
0.163065
0.165387
0.167387
0.169017
0.170233
0.170996
0.171274
0.171038
0.170268
0.168949
0.167077
0.164652
0.161684
0.158191
0.154197
0.149734
0.14484
0.139559
0.133939
0.12803
0.121889
0.11557
0.109131
0.102626
0.0961108
0.0896372
0.0832538
0.0770054
0.0709325
0.0650704
0.0594495
0.0540947
0.0490254
0.0442562
0.039796
0.0356496
0.0318169
0.0282942
0.0250743
0.0221469
0.0194995
0.0171175
0.0149851
0.0130855
0.0114014
0.00991525
0.00861008
0.00746932
0.00647731
0.0056195
0.00488266
0.00425509
0.00372678
0.00328957
0.00293732
0.00266608
0.00247429
0.0023629
0.00233565
0.0023992
0.00256333
0.00284112
0.00324902
0.00380694
0.00453812
0.00546894
0.0066285
0.00804804
0.00976002
0.011797
0.0141903
0.0169679
0.0201532
0.0237622
0.0278014
0.0322658
0.0371365
0.0423792
0.0479423
0.0537566
0.0597354
0.0657753
0.0717582
0.0775543
0.0830264
0.0880343
0.0924407
0.0961168
0.0989486
0.100842
0.101729
0.101569
0.100354
0.0981105
0.0948945
0.090793
0.085919
0.0804061
0.0744023
0.0680638
0.0615474
0.0550044
0.0485742
0.0423801
0.0365248
0.0310889
0.0261296
0.0216812
0.0177571
0.0143519
0.0114445
0.00900213
0.00698311
0.0053408
0.00402632
0.0029912
0.00218927
0.00157816
0.00112015
0.000782603
0.000538041
0.000363879
0.000242002
0.000158217
0.000101649
6.41513e-05
3.97557e-05
2.41836e-05
1.44347e-05
8.45099e-06
4.85166e-06
2.73064e-06
1.50668e-06
8.15237e-07
4.32937e-07
2.26074e-07
1.16497e-07
5.96228e-08
3.06396e-08
1.6078e-08
8.81044e-09
5.15962e-09
3.27554e-09
2.24953e-09
1.64466e-09
1.25403e-09
9.80032e-10
7.75834e-10
6.17845e-10
4.93109e-10
3.93667e-10
3.14079e-10
2.50316e-10
1.99248e-10
1.58389e-10
1.25738e-10
9.96829e-11
7.89205e-11
6.24004e-11
4.9276e-11
3.88663e-11
3.06246e-11
2.41131e-11
1.8982e-11
1.49532e-11
1.18072e-11
9.37289e-12
7.5204e-12
6.15735e-12
5.22957e-12
4.72998e-12
4.72358e-12
6.11842e-12
