5.55792e-107
5.82236e-78
1.27171e-75
1.38527e-73
1.00339e-71
5.4368e-70
2.35063e-68
8.44728e-67
2.59522e-65
6.95837e-64
1.65407e-62
3.52946e-61
6.82857e-60
1.20787e-58
1.96701e-57
2.9666e-56
4.16486e-55
5.46715e-54
6.73657e-53
7.81873e-52
8.57418e-51
8.90863e-50
8.79176e-49
8.25981e-48
7.4027e-47
6.34096e-46
5.20016e-45
4.08948e-44
3.08851e-43
2.24313e-42
1.56869e-41
1.05757e-40
6.88096e-40
4.32525e-39
2.62915e-38
1.54689e-37
8.81686e-37
4.87229e-36
2.61247e-35
1.36013e-34
6.88053e-34
3.38421e-33
1.61941e-32
7.54356e-32
3.42263e-31
1.51336e-30
6.52442e-30
2.74394e-29
1.12627e-28
4.51377e-28
1.76707e-27
6.76027e-27
2.52838e-26
9.2481e-26
3.30945e-25
1.15905e-24
3.97415e-24
1.3345e-23
4.39002e-23
1.4152e-22
4.472e-22
1.38561e-21
4.21073e-21
1.25535e-20
3.67262e-20
1.05463e-19
2.97333e-19
8.23204e-19
2.23868e-18
5.98128e-18
1.57039e-17
4.05252e-17
1.0281e-16
2.56463e-16
6.29186e-16
1.51838e-15
3.60504e-15
8.42263e-15
1.93673e-14
4.38382e-14
9.76946e-14
2.14386e-13
4.63341e-13
9.86406e-13
2.06885e-12
4.27553e-12
8.70772e-12
1.74799e-11
3.45907e-11
6.74886e-11
1.29842e-10
2.46366e-10
4.61091e-10
8.51327e-10
1.55087e-09
2.78793e-09
4.9463e-09
8.66234e-09
1.49764e-08
2.55659e-08
4.30981e-08
7.1757e-08
1.18017e-07
1.91762e-07
3.07884e-07
4.88522e-07
7.66167e-07
1.18789e-06
1.821e-06
2.76059e-06
4.13929e-06
6.13987e-06
9.01115e-06
1.30879e-05
1.88153e-05
2.67788e-05
3.77396e-05
5.26768e-05
7.28369e-05
9.97902e-05
0.000135496
0.000182377
0.000243398
0.000322161
0.000423004
0.000551111
0.000712631
0.000914806
0.00116612
0.00147643
0.00185714
0.00232138
0.00288418
0.00356262
0.00437608
0.00534643
0.00649817
0.0078587
0.00945844
0.011331
0.0135134
0.016046
0.0189727
0.0223409
0.0262013
0.0306078
0.0356173
0.0412894
0.0476857
0.0548694
0.0629043
0.0718544
0.0817826
0.0927497
0.104813
0.118026
0.132434
0.148078
0.164987
0.183182
0.202671
0.223447
0.245492
0.268768
0.293223
0.318787
0.345369
0.372863
0.401142
0.430062
0.459459
0.489157
0.51896
0.548663
0.578048
0.606888
0.63495
0.662001
0.687806
0.712134
0.734761
0.755475
0.774077
0.790384
0.804235
0.815491
0.824038
0.829788
0.832683
0.832694
0.829821
0.824095
0.815576
0.804352
0.790539
0.774277
0.755727
0.735072
0.712512
0.688258
0.662534
0.63557
0.607599
0.578854
0.549567
0.519963
0.490257
0.460655
0.431349
0.402516
0.374316
0.346894
0.320373
0.294862
0.270449
0.247204
0.22518
0.204412
0.184922
0.166716
0.149786
0.134112
0.119667
0.10641
0.094298
0.0832775
0.0732926
0.0642836
0.0561887
0.0489447
0.0424885
0.0367576
0.0316906
0.0272286
0.0233147
0.019895
0.0169188
0.0143386
0.0121103
0.0101933
0.0085504
0.00714777
0.00595481
0.00494399
0.00409072
0.00337316
0.00277196
0.00227013
0.00185281
0.00150703
0.00122161
0.000986859
0.0007945
0.000637454
0.000509706
0.000406169
0.00032256
0.000255288
0.000201358
0.000158279
0.000123993
9.68026e-05
7.53174e-05
5.84013e-05
4.51303e-05
3.47562e-05
2.66757e-05
2.04042e-05
1.5554e-05
1.18163e-05
8.94633e-06
6.75037e-06
5.0761e-06
3.80411e-06
2.84117e-06
2.11477e-06
1.56874e-06
1.15973e-06
8.54453e-07
6.27394e-07
4.59108e-07
3.3482e-07
2.4335e-07
1.76268e-07
1.27245e-07
9.1545e-08
6.56382e-08
4.69046e-08
3.34058e-08
2.37141e-08
1.67814e-08
1.18416e-08
8.33743e-09
5.86525e-09
4.13516e-09
2.94158e-09
2.14307e-09
1.65059e-09
1.4264e-09
1.68243e-09
