0.161883
0.16355
0.165082
0.166364
0.167291
0.167779
0.167768
0.167229
0.166163
0.164602
0.162604
0.16025
0.157637
0.154874
0.152071
0.149337
0.146772
0.144463
0.142479
0.140868
0.139653
0.138834
0.138386
0.138263
0.138402
0.138727
0.139158
0.139616
0.140029
0.140341
0.140512
0.140525
0.140381
0.140102
0.13972
0.139278
0.138823
0.138394
0.138026
0.137738
0.137537
0.137416
0.137355
0.137328
0.137301
0.137243
0.137129
0.136941
0.136674
0.136336
0.135948
0.135543
0.135165
0.134861
0.134686
0.134692
0.134929
0.13544
0.136262
0.137421
0.138934
0.140809
0.143044
0.145631
0.148552
0.151787
0.155308
0.159086
0.163088
0.167281
0.171628
0.176094
0.180641
0.18523
0.189823
0.194378
0.198855
0.203211
0.207404
0.211391
0.215128
0.218572
0.221683
0.22442
0.226747
0.228629
0.230037
0.230946
0.231337
0.231196
0.230518
0.229303
0.227559
0.2253
0.222549
0.219335
0.215692
0.211662
0.207288
0.202622
0.197716
0.192625
0.187405
0.182111
0.176799
0.171524
0.166335
0.16128
0.156402
0.151742
0.147331
0.1432
0.139371
0.135862
0.132685
0.129847
0.127351
0.125192
0.123365
0.121857
0.120654
0.119739
0.119092
0.11869
0.11851
0.118528
0.118716
0.119051
0.119507
0.120057
0.120679
0.121349
0.122044
0.122744
0.12343
0.124085
0.124692
0.125239
0.125713
0.126104
0.126405
0.126609
0.126713
0.126713
0.12661
0.126404
0.126098
0.125697
0.125206
0.124632
0.123983
0.12327
0.122503
0.121694
0.120856
0.120004
0.119153
0.11832
0.117523
0.116781
0.116115
0.115545
0.115095
0.114788
0.11465
0.114704
0.114978
0.115496
0.116282
0.117359
0.118747
0.120464
0.122521
0.124924
0.127674
0.130761
0.134169
0.137869
0.141824
0.145986
0.150294
0.15468
0.159066
0.163365
0.167486
0.171335
0.174816
0.177839
0.180316
0.182171
0.18334
0.183771
0.183433
0.18231
0.180408
0.177751
0.174381
0.170359
0.165761
0.160672
0.155189
0.149414
0.143449
0.137397
0.131352
0.125404
0.119631
0.114099
0.108861
0.103956
0.0994125
0.0952437
0.0914526
0.0880325
0.0849681
0.0822381
0.0798164
0.0776739
0.0757802
0.0741046
0.0726172
0.0712899
0.0700965
0.0690138
0.0680207
0.0670993
0.0662341
0.0654118
0.0646215
0.063854
0.0631018
0.0623586
0.0616194
0.0608798
0.0601365
0.0593865
0.0586273
0.057857
0.0570737
0.056276
0.0554628
0.0546329
0.0537856
0.0529203
0.0520366
0.0511342
0.0502132
0.0492737
0.0483159
0.0473404
0.0463479
0.0453391
0.0443151
0.0432769
0.0422258
0.0411632
0.0400907
0.0390096
0.0379219
0.0368291
0.0357332
0.034636
0.0335394
0.0324453
0.0313558
0.0302728
0.0291981
0.0281339
0.0270819
0.0260442
0.0250225
0.0240188
0.0230347
0.0220721
0.0211326
0.0202179
0.0193298
0.0184697
0.0176394
0.0168404
0.0160743
0.0153429
0.0146478
0.0139909
0.0133742
0.0127997
0.0122701
0.0117881
0.0113571
0.0109811
0.0106652
0.0104156
0.0102401
0.0101489
0.0101545
0.0102731
0.0105243
0.0109325
0.0115262
0.0139615
