0.0943601
0.09704
0.101094
0.106437
0.112935
0.120407
0.128641
0.13741
0.146495
0.155702
0.164882
0.173937
0.182826
0.191561
0.200192
0.208792
0.217436
0.226182
0.235058
0.244046
0.253084
0.262065
0.270851
0.279281
0.287193
0.294435
0.300884
0.306451
0.311095
0.314814
0.317649
0.319676
0.320992
0.321713
0.321954
0.321826
0.32143
0.320844
0.32013
0.319325
0.318446
0.317495
0.316454
0.315297
0.31399
0.312495
0.310771
0.308783
0.306498
0.303888
0.300934
0.297624
0.293954
0.289928
0.285558
0.280863
0.27587
0.270609
0.265117
0.259436
0.253607
0.247676
0.241688
0.235689
0.229722
0.223828
0.218046
0.212411
0.206954
0.201701
0.196674
0.191891
0.187364
0.183103
0.179111
0.175392
0.171942
0.168759
0.165837
0.163168
0.160746
0.158562
0.156608
0.154877
0.153365
0.152065
0.150976
0.150095
0.149423
0.148961
0.148713
0.148683
0.148877
0.1493
0.149961
0.150864
0.152016
0.153422
0.155085
0.157007
0.159187
0.161621
0.164302
0.167219
0.170357
0.173698
0.177218
0.180891
0.184683
0.18856
0.192481
0.196403
0.20028
0.204063
0.207701
0.211144
0.214339
0.217235
0.219784
0.221938
0.223655
0.224894
0.225622
0.225811
0.225439
0.224492
0.22296
0.220845
0.218153
0.214899
0.211104
0.206798
0.202014
0.196791
0.191176
0.185215
0.17896
0.172463
0.16578
0.158962
0.152064
0.145136
0.138227
0.131382
0.124642
0.118045
0.111624
0.105406
0.0994142
0.0936676
0.0881796
0.0829595
0.0780122
0.0733391
0.0689381
0.0648039
0.0609291
0.0573039
0.053917
0.0507559
0.0478071
0.045057
0.0424917
0.0400973
0.0378605
0.0357686
0.0338097
0.0319727
0.0302477
0.0286256
0.027099
0.0256612
0.0243073
0.0230335
0.0218375
0.0207187
0.019678
0.0187184
0.0178445
0.0170634
0.0163842
0.0158186
0.015381
0.0150885
0.0149609
0.0150207
0.015293
0.0158049
0.0165855
0.0176642
0.0190709
0.0208338
0.0229783
0.0255255
0.02849
0.0318782
0.0356861
0.0398979
0.0444839
0.0493996
0.0545846
0.0599631
0.065444
0.0709229
0.0762841
0.081404
0.0861552
0.0904109
0.0940499
0.0969619
0.0990526
0.100248
0.100498
0.0997808
0.0981016
0.0954954
0.0920248
0.0877772
0.0828616
0.077403
0.0715378
0.0654071
0.0591512
0.0529041
0.0467884
0.0409116
0.0353629
0.0302119
0.0255077
0.0212793
0.0175377
0.0142775
0.0114796
0.00911456
0.00714533
0.0055301
0.00422498
0.00318615
0.00237163
0.00174255
0.00126396
0.000905318
0.00064059
0.000448093
0.000310182
0.000212806
0.000145013
9.84417e-05
6.68358e-05
4.56097e-05
3.14675e-05
2.20865e-05
1.5861e-05
1.17019e-05
8.88375e-06
6.93188e-06
5.54035e-06
4.51472e-06
3.73257e-06
3.11722e-06
2.6204e-06
2.21136e-06
1.86994e-06
1.58243e-06
1.33902e-06
1.13239e-06
9.5677e-07
8.07505e-07
6.80706e-07
5.73093e-07
4.81866e-07
4.04628e-07
3.3932e-07
2.84174e-07
2.37674e-07
1.98518e-07
1.65591e-07
1.37942e-07
1.14757e-07
9.53418e-08
7.9107e-08
6.55508e-08
5.42474e-08
4.48363e-08
3.70126e-08
3.05189e-08
2.51384e-08
2.06888e-08
1.70174e-08
1.39965e-08
1.15202e-08
9.50134e-09
7.86894e-09
6.56708e-09
5.55409e-09
4.80336e-09
4.30651e-09
4.08091e-09
4.18558e-09
5.37907e-09
