0.330793
0.334698
0.337204
0.338333
0.338215
0.337069
0.335162
0.332776
0.330167
0.327537
0.325007
0.322619
0.320334
0.318054
0.315641
0.312951
0.309855
0.306264
0.302139
0.297502
0.292429
0.287042
0.281497
0.275964
0.270614
0.265606
0.261071
0.257109
0.253788
0.251139
0.249163
0.247836
0.247115
0.246942
0.247253
0.247984
0.249069
0.250451
0.252076
0.253899
0.255884
0.258
0.260223
0.262533
0.264914
0.267353
0.269836
0.27235
0.27488
0.27741
0.279922
0.282395
0.284804
0.287125
0.289328
0.291384
0.293261
0.294928
0.296353
0.297505
0.298355
0.298873
0.299035
0.29882
0.298206
0.297181
0.295732
0.293852
0.291538
0.288793
0.28562
0.282031
0.278038
0.273658
0.268911
0.263819
0.258408
0.252706
0.24674
0.240541
0.234141
0.227572
0.220864
0.214051
0.207162
0.200229
0.193282
0.186348
0.179456
0.17263
0.165894
0.159273
0.152785
0.146451
0.140289
0.134315
0.128543
0.122988
0.117662
0.112577
0.107743
0.103171
0.098871
0.0948512
0.0911209
0.0876891
0.0845643
0.0817554
0.0792707
0.0771188
0.0753078
0.0738457
0.0727398
0.0719965
0.0716213
0.0716185
0.0719902
0.0727369
0.0738562
0.0753431
0.0771892
0.0793823
0.0819066
0.0847417
0.0878628
0.0912406
0.0948413
0.0986262
0.102553
0.106573
0.110639
0.114694
0.118685
0.122553
0.126241
0.12969
0.132846
0.135653
0.138061
0.140024
0.141503
0.142461
0.142873
0.142719
0.141987
0.140674
0.138786
0.136338
0.133351
0.129856
0.125888
0.121492
0.116716
0.111612
0.106236
0.100646
0.0949007
0.0890581
0.083175
0.0773062
0.0715028
0.065812
0.0602764
0.0549334
0.049815
0.0449476
0.0403517
0.0360426
0.0320301
0.028319
0.0249095
0.0217978
0.0189764
0.0164349
0.0141603
0.0121379
0.0103515
0.00878415
0.0074185
0.00623738
0.0052241
0.00436288
0.00363915
0.00303987
0.00255381
0.00217184
0.00188713
0.00169546
0.00159541
0.00158868
0.00168023
0.00187858
0.00219596
0.00264843
0.00325594
0.00404226
0.00503472
0.00626379
0.0077624
0.00956496
0.0117061
0.0142192
0.0171343
0.020476
0.0242612
0.0284963
0.0331751
0.0382763
0.0437611
0.0495724
0.055634
0.0618501
0.0681076
0.0742775
0.0802191
0.0857845
0.0908238
0.0951918
0.0987542
0.101395
0.10302
0.103566
0.103003
0.101333
0.0985978
0.0948704
0.0902564
0.0848872
0.078914
0.0725008
0.0658167
0.0590279
0.0522914
0.0457481
0.0395188
0.0337005
0.0283649
0.0235586
0.0193038
0.0156015
0.0124341
0.00976979
0.007566
0.00577357
0.00434011
0.00321301
0.00234181
0.0016799
0.00118568
0.000823118
0.000561838
0.000376927
0.000248447
0.00016083
0.000102205
6.37324e-05
3.89787e-05
2.33703e-05
1.37292e-05
7.89836e-06
4.44725e-06
2.44934e-06
1.31866e-06
6.93507e-07
3.56041e-07
1.78304e-07
8.70353e-08
4.13778e-08
1.91443e-08
8.61415e-09
3.76769e-09
1.60192e-09
6.62867e-10
2.67948e-10
1.06781e-10
4.27994e-11
1.79205e-11
8.2892e-12
4.44832e-12
2.77712e-12
1.93226e-12
1.42592e-12
1.08023e-12
8.26501e-13
6.3419e-13
4.86689e-13
3.73175e-13
2.85808e-13
2.18643e-13
1.67094e-13
1.27616e-13
9.74687e-14
7.45436e-14
5.72323e-14
4.43283e-14
3.49624e-14
2.85764e-14
2.49547e-14
2.43707e-14
3.16673e-14
