0.177534
0.177285
0.176847
0.176225
0.175428
0.174465
0.173345
0.17208
0.170682
0.169162
0.167534
0.16581
0.164004
0.162126
0.16019
0.158209
0.156192
0.154153
0.152102
0.15005
0.148006
0.14598
0.143981
0.142018
0.140097
0.138227
0.136414
0.134661
0.132975
0.131358
0.129813
0.128342
0.126945
0.125623
0.124374
0.123198
0.122091
0.121053
0.120079
0.119168
0.118316
0.117519
0.116777
0.116085
0.115441
0.114844
0.114292
0.113782
0.113313
0.112883
0.112491
0.112134
0.11181
0.111515
0.111248
0.111004
0.11078
0.110571
0.110374
0.110184
0.109997
0.10981
0.109618
0.109418
0.109209
0.108989
0.108755
0.10851
0.108251
0.107981
0.1077
0.107411
0.107116
0.106816
0.106515
0.106216
0.105919
0.105629
0.105347
0.105075
0.104816
0.104571
0.104342
0.10413
0.103939
0.103768
0.10362
0.103497
0.103399
0.103329
0.103288
0.103276
0.103296
0.103347
0.103431
0.103547
0.103696
0.103878
0.104091
0.104334
0.104608
0.104909
0.105236
0.105588
0.105963
0.106358
0.106771
0.107201
0.107645
0.108102
0.108568
0.109044
0.109525
0.110012
0.110502
0.110993
0.111483
0.111972
0.112458
0.112938
0.113412
0.113877
0.114334
0.114779
0.115213
0.115634
0.116039
0.11643
0.116804
0.11716
0.117497
0.117815
0.118113
0.118388
0.118642
0.118872
0.119077
0.119257
0.119411
0.119537
0.119634
0.119701
0.119736
0.119739
0.119708
0.119642
0.11954
0.1194
0.119221
0.119003
0.118746
0.118448
0.118109
0.117731
0.117313
0.116857
0.116363
0.115835
0.115273
0.114682
0.114064
0.113423
0.112763
0.112089
0.111406
0.110718
0.110032
0.109352
0.108686
0.108038
0.107416
0.106824
0.10627
0.105759
0.105296
0.104888
0.104539
0.104255
0.104038
0.103894
0.103825
0.103834
0.103922
0.104091
0.104339
0.104667
0.105072
0.105552
0.106103
0.106721
0.1074
0.108135
0.108919
0.109744
0.110605
0.111493
0.112402
0.113322
0.114249
0.115174
0.116091
0.116996
0.117883
0.118748
0.119587
0.120399
0.12118
0.121929
0.122646
0.123331
0.123983
0.124603
0.125192
0.125751
0.126279
0.126778
0.127247
0.127688
0.1281
0.128482
0.128834
0.129155
0.129443
0.129697
0.129916
0.130097
0.130238
0.130338
0.130394
0.130406
0.130371
0.130288
0.130156
0.129975
0.129743
0.129461
0.129128
0.128745
0.128313
0.127833
0.127306
0.126733
0.126115
0.125457
0.124758
0.124022
0.123252
0.12245
0.121622
0.12077
0.119899
0.119015
0.118123
0.11723
0.116343
0.115469
0.114616
0.113792
0.113004
0.11226
0.111567
0.110931
0.110357
0.10985
0.109411
0.109043
0.108745
0.108518
0.108358
0.108264
0.108232
0.108258
0.108338
0.108469
0.108646
0.108866
0.109126
0.109421
0.109748
0.110104
0.110485
0.110885
0.111301
0.111727
0.112156
0.112582
0.112997
0.113393
0.113763
0.1141
0.114395
0.114642
0.114837
0.114974
0.115052
0.115069
0.115028
0.11493
0.11478
0.127685
