0.118828
0.120573
0.122523
0.12457
0.126598
0.128492
0.130152
0.131493
0.132455
0.133007
0.133146
0.132895
0.132305
0.131443
0.130395
0.129253
0.128113
0.127067
0.126201
0.125585
0.125274
0.1253
0.125676
0.126391
0.127412
0.128689
0.130157
0.131741
0.133365
0.134954
0.136444
0.137787
0.138949
0.139919
0.140704
0.141328
0.141826
0.142241
0.14262
0.143002
0.143423
0.143903
0.144454
0.145073
0.145747
0.146457
0.147178
0.147889
0.148571
0.149215
0.149821
0.150399
0.150971
0.151567
0.152224
0.152985
0.15389
0.154979
0.156287
0.15784
0.159655
0.16174
0.164092
0.166698
0.169537
0.172579
0.17579
0.179129
0.182555
0.186024
0.189493
0.192919
0.196262
0.199484
0.20255
0.205429
0.208092
0.210513
0.212669
0.214541
0.216112
0.217367
0.218293
0.21888
0.21912
0.219007
0.218536
0.217708
0.216522
0.214982
0.213094
0.210867
0.208314
0.205448
0.202288
0.198855
0.195171
0.191262
0.187158
0.182889
0.178486
0.173985
0.169419
0.164823
0.160233
0.155683
0.151207
0.146837
0.142605
0.138537
0.13466
0.130997
0.127567
0.124388
0.121472
0.11883
0.116469
0.114391
0.112598
0.111086
0.10985
0.108882
0.108171
0.107704
0.107468
0.107445
0.107619
0.107971
0.108482
0.109132
0.1099
0.110767
0.111713
0.112717
0.113761
0.114825
0.115893
0.116947
0.117971
0.118952
0.119876
0.120731
0.121508
0.122197
0.122792
0.123289
0.123682
0.123971
0.124157
0.12424
0.124227
0.124122
0.123934
0.123673
0.123352
0.122985
0.122588
0.122181
0.121783
0.121419
0.121112
0.12089
0.12078
0.120811
0.121014
0.121417
0.12205
0.122942
0.124117
0.125599
0.127403
0.129544
0.132024
0.134843
0.137987
0.141434
0.145152
0.149098
0.153216
0.157443
0.161704
0.165917
0.169993
0.173842
0.177369
0.180484
0.1831
0.185139
0.186534
0.187232
0.187194
0.186401
0.18485
0.18256
0.179566
0.17592
0.17169
0.166955
0.161804
0.156334
0.150643
0.144827
0.13898
0.13319
0.127535
0.12208
0.116881
0.111982
0.10741
0.103185
0.0993139
0.095793
0.0926117
0.0897525
0.0871931
0.0849079
0.0828695
0.0810502
0.0794225
0.0779605
0.0766402
0.0754399
0.0743403
0.0733248
0.0723791
0.0714911
0.0706509
0.0698502
0.0690822
0.0683414
0.0676231
0.0669235
0.0662393
0.0655675
0.0649056
0.0642512
0.063602
0.0629559
0.0623107
0.0616645
0.0610151
0.0603608
0.0596996
0.0590296
0.0583492
0.0576567
0.0569507
0.0562298
0.0554927
0.0547385
0.0539661
0.0531749
0.0523644
0.0515343
0.0506843
0.0498147
0.0489255
0.0480173
0.0470907
0.0461465
0.0451858
0.0442098
0.0432197
0.0422172
0.0412038
0.0401815
0.0391521
0.0381177
0.0370806
0.036043
0.0350073
0.033976
0.0329517
0.0319371
0.0309348
0.0299479
0.0289791
0.0280315
0.0271082
0.0262125
0.0253477
0.0245174
0.0237254
0.0229756
0.0222723
0.0216204
0.021025
0.0204921
0.0200288
0.019643
0.0193444
0.0191447
0.0190581
0.0191015
0.0192955
0.0196644
0.0202361
0.0210422
0.0221163
0.0265822
