0
2.70157e-60
4.51138e-58
3.75422e-56
2.07578e-54
8.57918e-53
2.82706e-51
7.73705e-50
1.80882e-48
3.68764e-47
6.65991e-46
1.07881e-44
1.58322e-43
2.12254e-42
2.61766e-41
2.98734e-40
3.17094e-39
3.14452e-38
2.92468e-37
2.56014e-36
2.11567e-35
1.65513e-34
1.22885e-33
8.67824e-33
5.84149e-32
3.75486e-31
2.30883e-30
1.36023e-29
7.6894e-29
4.17663e-28
2.18254e-27
1.09854e-26
5.33175e-26
2.49786e-25
1.13067e-24
4.94954e-24
2.09716e-23
8.60772e-23
3.42505e-22
1.32215e-21
4.95487e-21
1.80386e-20
6.38355e-20
2.19719e-19
7.35978e-19
2.40041e-18
7.62704e-18
2.36205e-17
7.13327e-17
2.10161e-16
6.04325e-16
1.69677e-15
4.65356e-15
1.24717e-14
3.26746e-14
8.37127e-14
2.09809e-13
5.14584e-13
1.23546e-12
2.90457e-12
6.68886e-12
1.50928e-11
3.33781e-11
7.23694e-11
1.53877e-10
3.20949e-10
6.56843e-10
1.31937e-09
2.60175e-09
5.03817e-09
9.58298e-09
1.79085e-08
3.28898e-08
5.93769e-08
1.05399e-07
1.84007e-07
3.16023e-07
5.34077e-07
8.88389e-07
1.4549e-06
2.34645e-06
3.72784e-06
5.83572e-06
9.00425e-06
1.36976e-05
2.05504e-05
3.04165e-05
4.44276e-05
6.40611e-05
9.1219e-05
0.000128315
0.000178375
0.000245139
0.000333184
0.000448044
0.000596344
0.000785942
0.00102608
0.00132755
0.00170287
0.00216647
0.00273488
0.00342699
0.00426426
0.00527096
0.00647445
0.00790541
0.00959814
0.0115907
0.0139252
0.0166479
0.0198094
0.0234642
0.0276715
0.0324939
0.037998
0.0442533
0.0513318
0.0593073
0.0682544
0.0782471
0.089358
0.101656
0.115207
0.130069
0.146292
0.163917
0.182972
0.203472
0.225417
0.248789
0.273552
0.299648
0.327
0.355509
0.385051
0.415483
0.446637
0.478326
0.510341
0.542458
0.574434
0.606016
0.636939
0.666931
0.695722
0.723038
0.748614
0.772195
0.79354
0.812425
0.82865
0.84204
0.852449
0.859764
0.863902
0.86482
0.862506
0.856989
0.848331
0.836628
0.82201
0.804636
0.784694
0.762395
0.73797
0.711667
0.683747
0.654476
0.624127
0.592971
0.561275
0.529297
0.497285
0.465473
0.434076
0.403293
0.373301
0.344257
0.316293
0.289522
0.264034
0.239895
0.217155
0.195842
0.175965
0.15752
0.140485
0.124829
0.110506
0.0974642
0.0856433
0.0749774
0.0653968
0.0568293
0.0492015
0.0424399
0.0364721
0.0312276
0.0266383
0.0226395
0.0191698
0.0161719
0.0135924
0.0113822
0.00949616
0.00789337
0.00653689
0.00539353
0.00443373
0.00363128
0.00296309
0.00240894
0.00195119
0.0015746
0.00126601
0.00101415
0.000809392
0.000643597
0.000509878
0.000402453
0.000316491
0.000247973
0.000193574
0.000150552
0.00011666
9.00656e-05
6.92777e-05
5.30917e-05
4.05377e-05
3.08384e-05
2.33735e-05
1.76504e-05
1.32796e-05
9.95446e-06
7.43447e-06
5.532e-06
4.10125e-06
3.02936e-06
2.22939e-06
1.63465e-06
1.19416e-06
8.69167e-07
6.30298e-07
4.55398e-07
3.27822e-07
2.35119e-07
1.68012e-07
1.19618e-07
8.48506e-08
5.99676e-08
4.22262e-08
2.96245e-08
2.07073e-08
1.44211e-08
1.00064e-08
6.91774e-09
4.76489e-09
3.26999e-09
2.23586e-09
1.52317e-09
1.03384e-09
6.99146e-10
4.7107e-10
3.16234e-10
2.11513e-10
1.40952e-10
9.35861e-11
6.19095e-11
4.08045e-11
2.67958e-11
1.75319e-11
1.14288e-11
7.42293e-12
4.8035e-12
3.09704e-12
1.98949e-12
1.27334e-12
8.11996e-13
5.15905e-13
3.26583e-13
2.05979e-13
1.29437e-13
8.10409e-14
5.0554e-14
3.14206e-14
1.94573e-14
1.20048e-14
7.37972e-15
4.51997e-15
2.75836e-15
1.67729e-15
1.01641e-15
6.1406e-16
3.70304e-16
2.23705e-16
1.3687e-16
8.76574e-17
6.43532e-17
7.24276e-17
