0.0982065
0.0981699
0.0981183
0.0980498
0.0979626
0.0978553
0.097727
0.0975774
0.0974069
0.0972167
0.0970086
0.0967853
0.0965499
0.0963062
0.0960583
0.0958106
0.0955675
0.0953334
0.0951126
0.094909
0.0947259
0.0945665
0.0944332
0.0943279
0.094252
0.0942067
0.0941926
0.0942101
0.0942593
0.0943403
0.0944532
0.0945979
0.0947743
0.0949826
0.0952226
0.0954944
0.0957979
0.0961326
0.0964983
0.0968943
0.0973197
0.0977734
0.0982539
0.0987598
0.099289
0.0998397
0.10041
0.100997
0.101598
0.102212
0.102836
0.103467
0.104104
0.104745
0.105387
0.106028
0.106667
0.107302
0.107931
0.108553
0.109166
0.109769
0.11036
0.110938
0.111502
0.112051
0.112582
0.113096
0.11359
0.114064
0.114515
0.114944
0.115349
0.115728
0.116082
0.116409
0.116708
0.116979
0.117221
0.117434
0.117618
0.117773
0.117898
0.117996
0.118065
0.118107
0.118122
0.118111
0.118076
0.118017
0.117935
0.117832
0.117709
0.117566
0.117407
0.117231
0.117041
0.116837
0.116622
0.116397
0.116164
0.115925
0.115681
0.115434
0.115187
0.114941
0.114699
0.114462
0.114233
0.114013
0.113806
0.113612
0.113433
0.113272
0.11313
0.113008
0.112908
0.112831
0.112777
0.112748
0.112743
0.112764
0.112811
0.112883
0.11298
0.113101
0.113247
0.113416
0.113607
0.113819
0.11405
0.114299
0.114564
0.114842
0.115132
0.115431
0.115736
0.116046
0.116356
0.116665
0.11697
0.117267
0.117554
0.117829
0.118089
0.118331
0.118554
0.118754
0.118932
0.119084
0.11921
0.11931
0.119381
0.119423
0.119437
0.119423
0.11938
0.11931
0.119214
0.119091
0.118945
0.118776
0.118586
0.118377
0.118151
0.117911
0.117659
0.117397
0.117129
0.116856
0.116582
0.11631
0.116041
0.115779
0.115526
0.115285
0.115057
0.114844
0.114649
0.114472
0.114315
0.114179
0.114064
0.113971
0.1139
0.113851
0.113823
0.113816
0.11383
0.113862
0.113913
0.113982
0.114066
0.114166
0.114279
0.114404
0.114541
0.114688
0.114843
0.115006
0.115174
0.115348
0.115525
0.115705
0.115887
0.116069
0.116251
0.116432
0.116612
0.11679
0.116966
0.11714
0.117313
0.117484
0.117655
0.117826
0.117999
0.118174
0.118352
0.118536
0.118726
0.118924
0.119131
0.119349
0.119578
0.119819
0.120075
0.120345
0.120631
0.120934
0.121254
0.121592
0.121949
0.122325
0.12272
0.123137
0.123574
0.124032
0.124512
0.125013
0.125536
0.12608
0.126645
0.12723
0.127834
0.128456
0.129095
0.12975
0.13042
0.131102
0.131796
0.132501
0.133215
0.133938
0.134669
0.135407
0.136152
0.136904
0.137663
0.138429
0.139201
0.13998
0.140766
0.141558
0.142356
0.143158
0.143965
0.144774
0.145584
0.146394
0.147201
0.148003
0.148798
0.149583
0.150357
0.151116
0.151858
0.152581
0.153281
0.153956
0.154604
0.155221
0.155805
0.156352
0.156861
0.157326
0.157746
0.158117
0.158436
0.158699
0.158903
0.159046
0.159124
0.159135
0.159077
0.158948
0.158749
0.158478
0.158135
0.173095
