0.107888
0.108659
0.109482
0.110338
0.111208
0.112077
0.112932
0.113764
0.114569
0.115344
0.116095
0.116827
0.11755
0.118274
0.119012
0.119775
0.120574
0.12142
0.122321
0.123286
0.12432
0.125427
0.126611
0.127875
0.129221
0.13065
0.132165
0.133767
0.135458
0.137243
0.139122
0.141099
0.143175
0.145351
0.147625
0.149996
0.152456
0.154996
0.157604
0.160264
0.162957
0.16566
0.168347
0.170993
0.173568
0.176044
0.178391
0.180582
0.182591
0.184394
0.185969
0.187297
0.188364
0.189157
0.189669
0.189893
0.189829
0.189479
0.188847
0.187942
0.186776
0.185363
0.18372
0.181868
0.179828
0.177625
0.175285
0.172835
0.170301
0.167713
0.165096
0.162479
0.159884
0.157335
0.154852
0.152453
0.150151
0.147959
0.145884
0.143931
0.1421
0.14039
0.138797
0.137313
0.13593
0.134637
0.133422
0.132274
0.13118
0.130127
0.129104
0.1281
0.127106
0.126113
0.125115
0.124107
0.123087
0.122053
0.121004
0.119944
0.118875
0.117802
0.116731
0.115667
0.114618
0.11359
0.112591
0.111629
0.110711
0.109843
0.109032
0.108284
0.107604
0.106997
0.106467
0.106016
0.105646
0.105359
0.105156
0.105035
0.104996
0.105036
0.105153
0.105341
0.105597
0.105914
0.106287
0.106709
0.107172
0.107668
0.108191
0.108731
0.109282
0.109835
0.110384
0.110923
0.111447
0.111952
0.112435
0.112895
0.113332
0.113748
0.114146
0.11453
0.114906
0.115282
0.115664
0.116062
0.116484
0.11694
0.117437
0.117985
0.11859
0.11926
0.119998
0.120808
0.121693
0.122652
0.123682
0.124781
0.125943
0.127158
0.12842
0.129715
0.131033
0.132359
0.13368
0.13498
0.136243
0.137455
0.1386
0.139663
0.140629
0.141486
0.142221
0.142823
0.143282
0.143591
0.143743
0.143734
0.143561
0.143223
0.14272
0.142056
0.141235
0.140264
0.139149
0.137901
0.13653
0.135049
0.133471
0.13181
0.130082
0.128302
0.126486
0.12465
0.122809
0.12098
0.119176
0.11741
0.115694
0.114038
0.11245
0.110936
0.109499
0.108143
0.106867
0.105669
0.104545
0.103491
0.1025
0.101565
0.100679
0.0998337
0.099021
0.0982336
0.0974642
0.0967065
0.0959545
0.0952035
0.0944491
0.0936881
0.0929178
0.0921362
0.0913423
0.0905352
0.0897149
0.088882
0.0880374
0.087183
0.0863212
0.0854552
0.0845892
0.083728
0.0828775
0.0820446
0.0812367
0.0804622
0.0797297
0.0790483
0.078427
0.0778746
0.077399
0.0770073
0.0767054
0.0764975
0.0763862
0.0763721
0.0764539
0.0766283
0.0768903
0.0772328
0.0776476
0.0781251
0.0786547
0.0792254
0.0798258
0.0804447
0.081071
0.0816945
0.0823058
0.0828962
0.0834586
0.0839867
0.0844756
0.0849214
0.0853214
0.0856736
0.0859772
0.0862317
0.0864373
0.0865947
0.0867046
0.0867681
0.0867865
0.086761
0.0866933
0.0865851
0.0864383
0.0862555
0.0860395
0.0857939
0.085523
0.0852314
0.0849248
0.0846092
0.0842913
0.0839778
0.0836758
0.0833921
0.0831333
0.0829057
0.0827148
0.0825656
0.0824624
0.082409
0.0824088
0.0824643
0.082578
0.0913295
