0.09161
0.091678
0.091778
0.091909
0.0920696
0.0922583
0.0924738
0.0927146
0.0929795
0.0932675
0.0935779
0.0939101
0.0942638
0.0946385
0.095034
0.09545
0.0958859
0.0963411
0.0968147
0.0973055
0.0978122
0.0983334
0.0988674
0.0994125
0.0999671
0.10053
0.101099
0.101673
0.102252
0.102834
0.103419
0.104007
0.104597
0.105189
0.105784
0.10638
0.106977
0.107576
0.108175
0.108774
0.109371
0.109964
0.110553
0.111134
0.111707
0.112269
0.112818
0.113351
0.113867
0.114363
0.114838
0.11529
0.115718
0.116121
0.116498
0.116848
0.117171
0.117467
0.117735
0.117976
0.118191
0.118378
0.118539
0.118674
0.118784
0.118868
0.118928
0.118964
0.118977
0.118967
0.118935
0.118882
0.118809
0.118716
0.118604
0.118475
0.118329
0.118168
0.117991
0.1178
0.117597
0.117381
0.117155
0.116918
0.116672
0.116418
0.116156
0.115888
0.115615
0.115337
0.115056
0.114772
0.114488
0.114203
0.113919
0.113638
0.113362
0.11309
0.112826
0.112571
0.112326
0.112093
0.111874
0.111671
0.111485
0.111318
0.111171
0.111046
0.110943
0.110864
0.110809
0.11078
0.110775
0.110795
0.11084
0.110909
0.111001
0.111116
0.111251
0.111406
0.111579
0.111769
0.111972
0.112188
0.112415
0.11265
0.112891
0.113136
0.113385
0.113633
0.11388
0.114125
0.114364
0.114597
0.114823
0.11504
0.115246
0.115442
0.115626
0.115798
0.115957
0.116104
0.116237
0.116358
0.116466
0.116562
0.116647
0.116722
0.116786
0.116842
0.11689
0.116931
0.116966
0.116997
0.117023
0.117046
0.117067
0.117086
0.117103
0.117119
0.117134
0.117148
0.117161
0.117173
0.117183
0.117191
0.117198
0.117201
0.117201
0.117198
0.117192
0.117181
0.117167
0.117148
0.117126
0.1171
0.117071
0.11704
0.117007
0.116973
0.116938
0.116905
0.116874
0.116846
0.116822
0.116803
0.116792
0.116788
0.116793
0.116809
0.116836
0.116876
0.116929
0.116997
0.117079
0.117178
0.117292
0.117423
0.117571
0.117735
0.117915
0.118111
0.118321
0.118546
0.118784
0.119032
0.119291
0.119557
0.119829
0.120105
0.120383
0.12066
0.120935
0.121205
0.121469
0.121723
0.121966
0.122197
0.122414
0.122616
0.122801
0.122968
0.123117
0.123248
0.123359
0.123451
0.123524
0.12358
0.123617
0.123639
0.123646
0.123639
0.123622
0.123595
0.123562
0.123526
0.123488
0.123453
0.123424
0.123403
0.123394
0.123401
0.123425
0.123471
0.12354
0.123636
0.12376
0.123914
0.1241
0.124319
0.124573
0.124861
0.125184
0.125544
0.125939
0.12637
0.126836
0.127338
0.127873
0.128443
0.129046
0.12968
0.130346
0.13104
0.131763
0.132513
0.133286
0.134083
0.134899
0.135734
0.136584
0.137447
0.138321
0.139202
0.140088
0.140977
0.141865
0.142751
0.143633
0.144507
0.145373
0.146227
0.147069
0.147896
0.148707
0.1495
0.150273
0.151025
0.151753
0.152455
0.153129
0.153773
0.154384
0.154961
0.1555
0.155999
0.156456
0.156868
0.157232
0.172813
