0.0981429
0.0981014
0.0980433
0.0979664
0.0978689
0.0977496
0.097608
0.0974441
0.097259
0.0970543
0.0968324
0.0965964
0.0963501
0.0960974
0.0958427
0.0955905
0.0953452
0.095111
0.0948918
0.0946912
0.0945121
0.094357
0.094228
0.0941263
0.0940532
0.0940091
0.0939946
0.0940097
0.0940546
0.0941292
0.0942337
0.0943681
0.0945326
0.0947272
0.0949521
0.0952075
0.0954933
0.0958094
0.0961554
0.0965308
0.0969348
0.0973664
0.0978243
0.0983071
0.098813
0.0993405
0.0998874
0.100452
0.101032
0.101626
0.102231
0.102847
0.10347
0.104099
0.104733
0.105369
0.106007
0.106644
0.10728
0.107911
0.108538
0.109158
0.10977
0.110372
0.110963
0.111541
0.112105
0.112652
0.113182
0.113692
0.114182
0.114648
0.115091
0.115508
0.115899
0.116261
0.116595
0.1169
0.117175
0.117419
0.117633
0.117816
0.117969
0.118093
0.118188
0.118255
0.118294
0.118308
0.118297
0.118263
0.118206
0.118129
0.118033
0.117918
0.117787
0.117641
0.117482
0.11731
0.117128
0.116937
0.116738
0.116533
0.116324
0.116112
0.1159
0.115688
0.115479
0.115273
0.115074
0.114882
0.114699
0.114526
0.114366
0.114219
0.114087
0.113971
0.113872
0.113791
0.113728
0.113685
0.113663
0.113661
0.11368
0.113721
0.113783
0.113867
0.113972
0.114098
0.114245
0.114411
0.114597
0.1148
0.11502
0.115255
0.115504
0.115763
0.116032
0.116307
0.116586
0.116867
0.117147
0.117423
0.117692
0.117952
0.1182
0.118433
0.118649
0.118845
0.11902
0.119171
0.119298
0.119398
0.11947
0.119515
0.119531
0.119517
0.119475
0.119404
0.119306
0.11918
0.119029
0.118853
0.118655
0.118436
0.118199
0.117946
0.11768
0.117403
0.117119
0.11683
0.116539
0.11625
0.115965
0.115687
0.11542
0.115165
0.114926
0.114705
0.114503
0.114322
0.114163
0.114028
0.113918
0.113831
0.11377
0.113732
0.113718
0.113727
0.113757
0.113808
0.113878
0.113965
0.114068
0.114185
0.114315
0.114455
0.114604
0.11476
0.114922
0.115088
0.115257
0.115428
0.115599
0.11577
0.115939
0.116106
0.11627
0.116432
0.11659
0.116745
0.116897
0.117047
0.117195
0.117343
0.117491
0.117641
0.117795
0.117954
0.118119
0.118293
0.118476
0.118672
0.118881
0.119105
0.119345
0.119602
0.119877
0.120171
0.120485
0.120819
0.121174
0.121549
0.121945
0.122361
0.122798
0.123256
0.123734
0.124231
0.124749
0.125286
0.125841
0.126414
0.127005
0.127612
0.128234
0.12887
0.129519
0.130179
0.13085
0.131529
0.132217
0.132911
0.133611
0.134316
0.135026
0.13574
0.13646
0.137184
0.137913
0.138648
0.13939
0.140138
0.140893
0.141655
0.142425
0.143201
0.143983
0.14477
0.14556
0.146351
0.147142
0.147929
0.148711
0.149484
0.150246
0.150992
0.151721
0.152429
0.153112
0.153768
0.154393
0.154984
0.155539
0.156053
0.156525
0.15695
0.157326
0.15765
0.157919
0.15813
0.15828
0.158367
0.158388
0.158343
0.158228
0.158044
0.15779
0.157465
0.157072
0.171904
