0.0122754
0.0127315
0.0133754
0.0142095
0.0152389
0.0164714
0.0179177
0.0195918
0.0215105
0.023693
0.0261603
0.0289337
0.032033
0.035475
0.0392711
0.043425
0.0479308
0.0527717
0.0579187
0.0633304
0.068954
0.0747267
0.0805783
0.0864343
0.0922195
0.0978616
0.103295
0.108465
0.113327
0.117853
0.122029
0.125855
0.129346
0.132527
0.135433
0.138105
0.140585
0.142914
0.145131
0.147267
0.149341
0.151365
0.153338
0.155249
0.157076
0.158788
0.160349
0.161721
0.162863
0.163738
0.164315
0.164568
0.164481
0.164048
0.163269
0.162154
0.160721
0.15899
0.156986
0.154734
0.152257
0.149578
0.146718
0.143691
0.140513
0.137195
0.13375
0.130191
0.126533
0.122793
0.118995
0.115165
0.111334
0.107537
0.103813
0.100202
0.0967443
0.0934788
0.0904427
0.0876689
0.0851854
0.083014
0.0811703
0.0796631
0.0784942
0.0776594
0.0771482
0.0769451
0.0770298
0.0773787
0.0779653
0.0787613
0.0797369
0.0808623
0.0821078
0.0834445
0.0848448
0.0862828
0.0877347
0.0891788
0.0905963
0.0919706
0.0932881
0.0945381
0.0957126
0.0968062
0.0978163
0.0987431
0.0995887
0.100358
0.101056
0.101692
0.102274
0.102812
0.103317
0.103799
0.104268
0.104734
0.105206
0.105691
0.106194
0.106721
0.107273
0.107852
0.108458
0.109086
0.109734
0.110396
0.111066
0.111737
0.112403
0.113056
0.113691
0.114302
0.114887
0.115443
0.115971
0.116474
0.116959
0.117433
0.117909
0.118401
0.118924
0.119499
0.120145
0.120884
0.121738
0.122728
0.123875
0.125195
0.126704
0.12841
0.13032
0.132431
0.134735
0.137216
0.139852
0.142611
0.145455
0.148338
0.151209
0.154011
0.156683
0.159165
0.161394
0.16331
0.164858
0.165988
0.166658
0.166838
0.166505
0.16565
0.164279
0.162407
0.160063
0.157287
0.15413
0.150651
0.146916
0.142994
0.138959
0.134883
0.130835
0.126883
0.123086
0.119496
0.116158
0.113107
0.110368
0.107957
0.105881
0.104139
0.102721
0.101612
0.100791
0.100234
0.0999127
0.0997971
0.0998571
0.100062
0.100384
0.100793
0.101264
0.101774
0.102301
0.102828
0.103338
0.103819
0.104259
0.104652
0.104991
0.105272
0.105494
0.105657
0.105761
0.10581
0.105807
0.105758
0.105668
0.105544
0.105392
0.105221
0.105038
0.104852
0.10467
0.104502
0.104355
0.104238
0.104159
0.104124
0.104142
0.104218
0.10436
0.104571
0.104859
0.105226
0.105676
0.106213
0.106837
0.107551
0.108356
0.109251
0.110235
0.111308
0.112467
0.11371
0.115033
0.116432
0.117905
0.119445
0.121048
0.122709
0.124421
0.12618
0.127977
0.129808
0.131665
0.13354
0.135428
0.137319
0.139207
0.141084
0.142942
0.144773
0.146568
0.148322
0.150027
0.151677
0.153266
0.154791
0.156251
0.157644
0.158973
0.160242
0.16146
0.162633
0.163773
0.164892
0.165999
0.167104
0.168214
0.169328
0.170442
0.171544
0.172616
0.173635
0.174571
0.175398
0.176093
0.176642
0.177045
0.17732
0.177505
0.177659
0.177854
0.178173
0.178696
0.179489
0.180591
0.205122
