0.34829
0.349276
0.351545
0.355042
0.35956
0.364776
0.370307
0.375759
0.380778
0.385082
0.388487
0.390908
0.392352
0.392898
0.392674
0.391831
0.390517
0.388864
0.386974
0.384915
0.38272
0.380394
0.377918
0.375258
0.372373
0.369223
0.36577
0.361987
0.357854
0.353366
0.348525
0.343343
0.337839
0.332041
0.325978
0.319684
0.313193
0.30654
0.299762
0.292892
0.285965
0.279012
0.272066
0.265156
0.258311
0.251559
0.244927
0.238441
0.232126
0.226005
0.220102
0.214438
0.209033
0.203907
0.199077
0.19456
0.190367
0.186513
0.183005
0.179851
0.177055
0.174618
0.17254
0.170816
0.169439
0.168399
0.167682
0.167273
0.167152
0.167297
0.167685
0.168288
0.169077
0.170022
0.171089
0.172245
0.173454
0.174682
0.175891
0.177047
0.178114
0.179057
0.179842
0.18044
0.18082
0.180955
0.180821
0.180396
0.179662
0.178606
0.177215
0.175483
0.173406
0.170984
0.168222
0.165127
0.161712
0.157989
0.153978
0.149699
0.145175
0.140432
0.135498
0.1304
0.12517
0.119838
0.114435
0.108995
0.103547
0.0981241
0.0927556
0.0874714
0.0823002
0.0772692
0.0724046
0.0677311
0.0632721
0.0590494
0.0550838
0.0513945
0.0479995
0.0449157
0.042159
0.0397439
0.0376843
0.0359929
0.0346815
0.0337607
0.0332402
0.0331282
0.0334316
0.0341553
0.0353027
0.0368743
0.0388682
0.0412795
0.0440996
0.0473162
0.0509124
0.0548671
0.059154
0.0637419
0.0685943
0.0736695
0.0789207
0.0842962
0.0897401
0.0951923
0.10059
0.105868
0.110959
0.115797
0.120315
0.124451
0.128143
0.131337
0.133983
0.136038
0.137467
0.138245
0.138356
0.137793
0.136559
0.134669
0.132146
0.129022
0.12534
0.121147
0.116499
0.111457
0.106085
0.100449
0.0946176
0.0886583
0.0826369
0.0766165
0.0706563
0.0648104
0.0591276
0.0536504
0.0484148
0.0434502
0.0387794
0.0344185
0.0303775
0.026661
0.023268
0.0201934
0.0174281
0.0149599
0.0127746
0.0108561
0.00918795
0.00775331
0.0065362
0.005522
0.00469807
0.00405446
0.0035844
0.00328491
0.00315722
0.00320725
0.00344585
0.00388904
0.00455797
0.00547877
0.00668201
0.00820194
0.0100753
0.0123399
0.0150322
0.0181854
0.0218263
0.0259725
0.030629
0.0357851
0.0414112
0.0474569
0.0538488
0.0604899
0.0672606
0.0740201
0.0806104
0.0868613
0.0925966
0.097642
0.101833
0.105023
0.107093
0.107957
0.107568
0.105921
0.103057
0.0990589
0.0940476
0.088178
0.0816293
0.0745964
0.0672799
0.0598763
0.0525691
0.0455208
0.0388678
0.0327161
0.0271402
0.0221834
0.0178601
0.0141596
0.011051
0.00848786
0.00641346
0.0047658
0.00348154
0.00249938
0.00176257
0.00122048
0.000829463
0.00055302
0.000361536
0.000231636
0.000145367
8.93068e-05
5.36779e-05
3.15441e-05
1.81115e-05
1.01529e-05
5.55241e-06
2.95987e-06
1.53666e-06
7.76215e-07
3.81104e-07
1.81672e-07
8.39841e-08
3.76027e-08
1.62837e-08
6.80998e-09
2.74591e-09
1.06561e-09
3.97214e-10
1.41916e-10
4.84818e-11
1.57947e-11
4.89259e-12
1.43618e-12
3.97998e-13
1.03676e-13
2.5261e-14
5.72391e-15
1.1981e-15
2.2988e-16
4.01057e-17
6.34106e-18
9.38002e-19
1.59965e-19
5.17514e-20
3.0921e-20
2.25148e-20
1.79503e-20
1.64504e-20
2.13892e-20
