0.104618
0.105176
0.105827
0.106574
0.107426
0.108388
0.109469
0.110677
0.112021
0.113508
0.115146
0.116939
0.118892
0.121003
0.12327
0.125686
0.128241
0.130922
0.133711
0.13659
0.139537
0.142531
0.145546
0.14856
0.15155
0.154494
0.157369
0.160156
0.162834
0.165388
0.167798
0.17005
0.172128
0.174018
0.175705
0.177177
0.178421
0.179428
0.180187
0.180692
0.180936
0.180917
0.180635
0.180093
0.179296
0.178255
0.17698
0.175487
0.173795
0.171922
0.169891
0.167724
0.165445
0.163078
0.160645
0.15817
0.155674
0.153176
0.150694
0.148245
0.145842
0.143498
0.141223
0.139026
0.136915
0.134896
0.132973
0.131151
0.129432
0.127819
0.126314
0.124916
0.123626
0.122443
0.121366
0.120393
0.119522
0.11875
0.118073
0.117488
0.116993
0.116581
0.116251
0.115998
0.115817
0.115706
0.11566
0.115675
0.115748
0.115874
0.116049
0.116268
0.116526
0.116819
0.11714
0.117485
0.117846
0.118218
0.118594
0.118966
0.119328
0.119673
0.119995
0.120287
0.120543
0.120758
0.120927
0.121046
0.121112
0.121122
0.121075
0.12097
0.120807
0.120587
0.120312
0.119985
0.119609
0.119187
0.118724
0.118224
0.117694
0.117139
0.116563
0.115974
0.115378
0.11478
0.114188
0.113606
0.113043
0.112503
0.111994
0.111521
0.11109
0.110707
0.110377
0.110105
0.109896
0.109754
0.109682
0.109682
0.109756
0.109906
0.110131
0.11043
0.110802
0.111243
0.111751
0.11232
0.112945
0.11362
0.11434
0.115096
0.115884
0.116695
0.117524
0.118364
0.11921
0.120057
0.120901
0.121738
0.122565
0.123382
0.124186
0.124978
0.125758
0.126528
0.127288
0.128041
0.128788
0.129532
0.130274
0.131017
0.131762
0.132509
0.13326
0.134015
0.134772
0.135531
0.136288
0.137043
0.137789
0.138524
0.139241
0.139935
0.140598
0.141222
0.141799
0.142321
0.142777
0.143159
0.143457
0.143662
0.143766
0.143759
0.143634
0.143386
0.143009
0.1425
0.141855
0.141075
0.14016
0.139113
0.137937
0.136638
0.135222
0.133697
0.132073
0.130358
0.128563
0.126699
0.124778
0.122811
0.120809
0.118786
0.116752
0.11472
0.112702
0.110708
0.10875
0.106839
0.104985
0.103198
0.101486
0.0998584
0.098321
0.0968798
0.0955394
0.0943027
0.0931712
0.092145
0.0912225
0.0904005
0.0896745
0.0890387
0.088486
0.0880085
0.0875975
0.0872438
0.0869379
0.0866705
0.0864322
0.0862144
0.0860089
0.0858084
0.0856065
0.0853977
0.0851777
0.0849431
0.0846916
0.0844216
0.0841328
0.0838252
0.0834998
0.083158
0.0828017
0.0824332
0.0820548
0.0816695
0.08128
0.0808894
0.0805009
0.0801178
0.0797435
0.0793815
0.0790357
0.0787096
0.0784073
0.0781326
0.0778893
0.0776813
0.0775121
0.077385
0.0773027
0.0772677
0.0772819
0.0773465
0.077462
0.0776284
0.0778449
0.0781098
0.0784209
0.0787749
0.079168
0.079595
0.0800502
0.0805266
0.0810167
0.0815118
0.0820032
0.0824818
0.0829391
0.0833677
0.0837619
0.0841183
0.0844366
0.0847198
0.0849743
0.0852096
0.085438
0.0953975
