0
2.09149e-54
3.13406e-52
2.33945e-50
1.15987e-48
4.29679e-47
1.26864e-45
3.10972e-44
6.50904e-43
1.18762e-41
1.91884e-40
2.77964e-39
3.6466e-38
4.36855e-37
4.81235e-36
4.90366e-35
4.64563e-34
4.11016e-33
3.40924e-32
2.66038e-31
1.95909e-30
1.36518e-29
9.02472e-29
5.6724e-28
3.3969e-27
1.94178e-26
1.06138e-25
5.55627e-25
2.78984e-24
1.3454e-23
6.23949e-23
2.78604e-22
1.19907e-21
4.97936e-21
1.99706e-20
7.74279e-20
2.90445e-19
1.05498e-18
3.71342e-18
1.26756e-17
4.19879e-17
1.35061e-16
4.22139e-16
1.2828e-15
3.7922e-15
1.09115e-14
3.0575e-14
8.34747e-14
2.22155e-13
5.76599e-13
1.46015e-12
3.60926e-12
8.71189e-12
2.05426e-11
4.73389e-11
1.06651e-10
2.34992e-10
5.06571e-10
1.06876e-09
2.20762e-09
4.46597e-09
8.85119e-09
1.71919e-08
3.27359e-08
6.11283e-08
1.11975e-07
2.01276e-07
3.55144e-07
6.15308e-07
1.04713e-06
1.75093e-06
2.8777e-06
4.65025e-06
7.39115e-06
1.15587e-05
1.77919e-05
2.6966e-05
4.02586e-05
5.92273e-05
8.58983e-05
0.000122866
0.000173401
0.000241569
0.000332357
0.0004518
0.000607128
0.000806905
0.00106119
0.00138169
0.00178196
0.0022776
0.00288644
0.00362882
0.00452782
0.00560957
0.00690348
0.0084426
0.0102639
0.0124083
0.0149214
0.0178531
0.0212579
0.0251948
0.0297275
0.0349234
0.0408539
0.0475936
0.0552192
0.063809
0.0734415
0.0841945
0.0961432
0.109359
0.123907
0.139844
0.157221
0.176071
0.19642
0.218274
0.241622
0.266436
0.292665
0.320235
0.349052
0.378996
0.409923
0.441666
0.474034
0.506816
0.539779
0.572674
0.605237
0.637192
0.668254
0.698137
0.726553
0.753221
0.777869
0.800239
0.820092
0.837212
0.85141
0.862528
0.87044
0.875056
0.876325
0.874233
0.868805
0.860103
0.848227
0.833313
0.815528
0.795068
0.772157
0.747037
0.71997
0.691232
0.661104
0.629873
0.597824
0.565239
0.532389
0.499534
0.466917
0.434764
0.403281
0.372651
0.343034
0.314566
0.287362
0.261509
0.237076
0.214106
0.192626
0.17264
0.154139
0.137097
0.121475
0.107223
0.0942835
0.0825901
0.0720717
0.0626538
0.0542595
0.0468113
0.040232
0.034446
0.0293801
0.0249641
0.0211312
0.017819
0.0149688
0.0125269
0.0104435
0.00867354
0.00717625
0.00591491
0.00485678
0.00397283
0.00323743
0.00262816
0.00212547
0.00171241
0.0013744
0.00109893
0.000875346
0.00069461
0.000549104
0.000432435
0.000339266
0.000265163
0.000206461
0.000160146
0.000123751
9.5266e-05
7.30599e-05
5.58181e-05
4.24841e-05
3.22131e-05
2.43329e-05
1.83109e-05
1.37272e-05
1.0252e-05
7.62769e-06
5.6537e-06
4.17474e-06
3.07102e-06
2.25057e-06
1.64308e-06
1.19504e-06
8.65891e-07
6.25032e-07
4.49467e-07
3.21997e-07
2.29808e-07
1.63394e-07
1.15735e-07
8.16678e-08
5.74113e-08
4.0207e-08
2.80521e-08
1.94979e-08
1.35012e-08
9.31349e-09
6.4005e-09
4.38203e-09
2.98879e-09
2.03084e-09
1.37473e-09
9.27083e-10
6.22846e-10
4.16872e-10
2.77962e-10
1.84641e-10
1.22189e-10
8.05561e-11
5.29084e-11
3.46188e-11
2.25663e-11
1.46545e-11
9.48075e-12
6.11049e-12
3.92348e-12
2.50973e-12
1.59936e-12
1.01537e-12
6.42198e-13
4.04644e-13
2.54004e-13
1.58843e-13
9.89601e-14
6.14205e-14
3.79778e-14
2.33942e-14
1.43565e-14
8.77712e-15
5.34587e-15
3.24375e-15
1.96082e-15
1.18085e-15
7.08452e-16
4.23439e-16
2.52135e-16
1.49568e-16
8.8391e-17
5.20403e-17
3.05235e-17
1.78358e-17
1.03828e-17
6.02145e-18
3.47901e-18
2.00257e-18
1.14851e-18
6.5645e-19
3.74232e-19
2.13362e-19
1.22767e-19
7.35385e-20
5.05729e-20
5.55865e-20
