0.0368344
0.0358982
0.0350545
0.0343238
0.0337238
0.0332687
0.0329689
0.0328304
0.0328553
0.0330421
0.0333856
0.0338774
0.0345062
0.0352581
0.036117
0.0370646
0.0380816
0.0391474
0.0402414
0.041343
0.0424327
0.0434926
0.0445067
0.0454621
0.0463486
0.0471596
0.0478916
0.0485448
0.0491225
0.0496309
0.0500785
0.0504759
0.0508348
0.051168
0.0514883
0.0518083
0.0521396
0.052493
0.0528777
0.0533016
0.0537709
0.0542902
0.0548628
0.0554907
0.0561752
0.0569166
0.0577151
0.0585705
0.059483
0.0604529
0.061481
0.0625688
0.0637179
0.0649303
0.0662081
0.0675532
0.0689667
0.0704488
0.0719983
0.073612
0.0752848
0.0770091
0.0787749
0.0805695
0.0823781
0.0841841
0.0859694
0.087715
0.0894022
0.0910132
0.0925318
0.0939447
0.095242
0.0964176
0.0974704
0.0984041
0.0992273
0.0999535
0.100601
0.10119
0.101748
0.1023
0.102875
0.103502
0.104208
0.10502
0.105961
0.107052
0.10831
0.109749
0.111378
0.113202
0.115225
0.117445
0.119857
0.122456
0.125234
0.128179
0.13128
0.134523
0.137895
0.141379
0.144958
0.148613
0.152322
0.156063
0.159811
0.163537
0.167213
0.170806
0.174284
0.177612
0.180753
0.183672
0.186335
0.188706
0.190756
0.192455
0.193779
0.194707
0.195224
0.19532
0.194992
0.194241
0.193075
0.191508
0.189561
0.187257
0.184625
0.1817
0.178517
0.175115
0.171536
0.167819
0.164007
0.160138
0.156253
0.152387
0.148573
0.144842
0.141219
0.137727
0.134384
0.131203
0.128196
0.125368
0.122723
0.120261
0.117978
0.115871
0.113932
0.112155
0.11053
0.10905
0.107705
0.106487
0.105389
0.104403
0.103524
0.102748
0.102069
0.101485
0.100995
0.100597
0.100292
0.100079
0.0999588
0.0999326
0.100001
0.100165
0.100425
0.10078
0.101231
0.101777
0.102415
0.103143
0.103958
0.104857
0.105835
0.106887
0.108008
0.109192
0.110433
0.111725
0.113062
0.114438
0.115846
0.117282
0.11874
0.120216
0.121706
0.123205
0.12471
0.12622
0.127732
0.129244
0.130756
0.132266
0.133773
0.135276
0.136775
0.138268
0.139753
0.141229
0.142693
0.144141
0.14557
0.146975
0.14835
0.149691
0.150991
0.152242
0.153439
0.154573
0.155637
0.156626
0.157532
0.158351
0.159077
0.159708
0.16024
0.160674
0.161009
0.161247
0.161392
0.161448
0.16142
0.161314
0.161138
0.160896
0.160598
0.160247
0.159851
0.159414
0.15894
0.158432
0.157892
0.157321
0.156721
0.156092
0.155437
0.154757
0.154056
0.153336
0.152603
0.151863
0.151121
0.150382
0.149653
0.148936
0.148234
0.147545
0.146866
0.146193
0.145516
0.144829
0.144121
0.143385
0.142617
0.141814
0.140979
0.140121
0.139255
0.138399
0.137577
0.136815
0.136141
0.135582
0.135161
0.134896
0.134801
0.134881
0.135133
0.135546
0.136103
0.136781
0.137552
0.138385
0.139249
0.140115
0.140954
0.141744
0.142465
0.143105
0.143656
0.144118
0.144495
0.144793
0.145024
0.145198
0.145326
0.145413
0.145461
0.145466
0.145416
0.145294
0.145077
0.144738
0.144249
0.159802
