0
2.48064e-58
4.00068e-56
3.21494e-54
1.71638e-52
6.84864e-51
2.17856e-49
5.75487e-48
1.29846e-46
2.55449e-45
4.45137e-44
6.95647e-43
9.84805e-42
1.27344e-40
1.51459e-39
1.66676e-38
1.7058e-37
1.63078e-36
1.46206e-35
1.23351e-34
9.82351e-34
7.40516e-33
5.29701e-32
3.60361e-31
2.33642e-30
1.44639e-29
8.56436e-29
4.85814e-28
2.64393e-27
1.38238e-26
6.95272e-26
3.36778e-25
1.5728e-24
7.08919e-24
3.08696e-23
1.29979e-22
5.29662e-22
2.09054e-21
7.99804e-21
2.96819e-20
1.06926e-19
3.74143e-19
1.27241e-18
4.20835e-18
1.35436e-17
4.24354e-17
1.29515e-16
3.85232e-16
1.11723e-15
3.16066e-15
8.72607e-15
2.35205e-14
6.19212e-14
1.59282e-13
4.0049e-13
9.84631e-13
2.36792e-12
5.57215e-12
1.28347e-11
2.89463e-11
6.39424e-11
1.3839e-10
2.93543e-10
6.10408e-10
1.24474e-09
2.48982e-09
4.88668e-09
9.41321e-09
1.78017e-08
3.30599e-08
6.0309e-08
1.08098e-07
1.90429e-07
3.29795e-07
5.6166e-07
9.40898e-07
1.55087e-06
2.51594e-06
4.01829e-06
6.32022e-06
9.79278e-06
1.49521e-05
2.25039e-05
3.33982e-05
4.8893e-05
7.06292e-05
0.000100715
0.000141822
0.000197287
0.00027123
0.000368672
0.000495666
0.000659435
0.00086852
0.00113294
0.00146434
0.00187621
0.00238404
0.00300559
0.00376106
0.00467336
0.00576842
0.00707536
0.00862684
0.0104593
0.0126131
0.0151329
0.0180675
0.0214703
0.0253987
0.0299146
0.0350835
0.0409747
0.0476601
0.0552141
0.0637121
0.0732301
0.0838428
0.0956226
0.108638
0.122953
0.138622
0.155692
0.174198
0.194162
0.215593
0.23848
0.262797
0.288494
0.315503
0.343733
0.373071
0.40338
0.434499
0.466248
0.498423
0.530804
0.563151
0.59521
0.626716
0.657397
0.686975
0.715173
0.741717
0.766343
0.7888
0.808851
0.826284
0.84091
0.852569
0.861133
0.866505
0.868628
0.867476
0.863064
0.855444
0.8447
0.830953
0.814356
0.79509
0.773361
0.749399
0.723451
0.695779
0.666651
0.636345
0.605137
0.573299
0.541099
0.508792
0.476619
0.444807
0.413562
0.383071
0.353498
0.324986
0.297655
0.271602
0.246901
0.223607
0.201753
0.181353
0.162407
0.144896
0.128789
0.114045
0.100612
0.0884291
0.0774311
0.0675478
0.0587059
0.0508308
0.0438479
0.0376831
0.0322642
0.0275215
0.0233883
0.0198018
0.0167027
0.0140361
0.0117513
0.00980175
0.00814516
0.00674333
0.00556197
0.00457049
0.00374177
0.0030519
0.00247996
0.00200771
0.00161933
0.00130123
0.00104172
0.00083087
0.00066023
0.000522685
0.000412257
0.00032395
0.000253612
0.000197809
0.000153712
0.000119001
9.17861e-05
7.05324e-05
5.39988e-05
4.11874e-05
3.1299e-05
2.36963e-05
1.78738e-05
1.34319e-05
1.00564e-05
7.50129e-06
5.57462e-06
4.12743e-06
3.04461e-06
2.23753e-06
1.63831e-06
1.19511e-06
8.68573e-07
6.28917e-07
4.53699e-07
3.26085e-07
2.33497e-07
1.66579e-07
1.18398e-07
8.38419e-08
5.91514e-08
4.15775e-08
2.91165e-08
2.03147e-08
1.41212e-08
9.77959e-09
6.74776e-09
4.63862e-09
3.17693e-09
2.16779e-09
1.47372e-09
9.98171e-10
6.73573e-10
4.52851e-10
3.03331e-10
2.02427e-10
1.34589e-10
8.91548e-11
5.88396e-11
3.86888e-11
2.53451e-11
1.65422e-11
1.07568e-11
6.96892e-12
4.49821e-12
2.89271e-12
1.85338e-12
1.18308e-12
7.52412e-13
4.76749e-13
3.00965e-13
1.89293e-13
1.18617e-13
7.40544e-14
4.60625e-14
2.85454e-14
1.76246e-14
1.08416e-14
6.64448e-15
4.05716e-15
2.46817e-15
1.49597e-15
9.03365e-16
5.43502e-16
3.25792e-16
1.94581e-16
1.15806e-16
6.8704e-17
4.0674e-17
2.41079e-17
1.44541e-17
9.05546e-18
6.50866e-18
7.27126e-18
