0.0711735
0.0665026
0.0630236
0.0605742
0.059002
0.0581722
0.0579702
0.0583015
0.0590893
0.0602716
0.0617987
0.0636301
0.0657325
0.0680777
0.0706417
0.073403
0.0763424
0.0794422
0.0826858
0.0860574
0.0895418
0.0931243
0.0967904
0.100526
0.104317
0.10815
0.112011
0.115887
0.119764
0.123629
0.12747
0.131274
0.135028
0.138721
0.142341
0.145878
0.149321
0.15266
0.155888
0.158995
0.161975
0.164821
0.167528
0.170092
0.17251
0.174779
0.176899
0.17887
0.180693
0.18237
0.183906
0.185304
0.186571
0.187713
0.188738
0.189653
0.190469
0.191194
0.191839
0.192415
0.192931
0.1934
0.193831
0.194237
0.194626
0.195009
0.195395
0.195793
0.19621
0.196653
0.197128
0.197639
0.198189
0.198779
0.19941
0.200081
0.200788
0.201529
0.202297
0.203085
0.203885
0.204688
0.205482
0.206257
0.206999
0.207697
0.208336
0.208902
0.209381
0.20976
0.210026
0.210165
0.210165
0.210016
0.209708
0.209232
0.208582
0.207752
0.206741
0.205548
0.204173
0.202621
0.200898
0.199013
0.196975
0.1948
0.192501
0.190097
0.187608
0.185054
0.182459
0.179847
0.177243
0.174674
0.172166
0.169745
0.167437
0.165268
0.163262
0.161441
0.159827
0.158437
0.157288
0.156392
0.155758
0.155393
0.155297
0.15547
0.155905
0.156592
0.157516
0.158658
0.159997
0.161505
0.163153
0.164909
0.166737
0.168598
0.170455
0.172265
0.173989
0.175585
0.177012
0.178232
0.179208
0.179906
0.180294
0.180345
0.180036
0.179347
0.178267
0.176786
0.174901
0.172616
0.16994
0.166887
0.163478
0.159737
0.155697
0.151392
0.146864
0.142157
0.13732
0.132403
0.127461
0.12255
0.117728
0.113052
0.10858
0.10437
0.100478
0.0969555
0.093854
0.091219
0.0890913
0.0875062
0.0864921
0.0860697
0.0862517
0.0870415
0.0884328
0.0904092
0.0929436
0.0959983
0.0995247
0.103464
0.107748
0.112298
0.117029
0.121848
0.126659
0.13136
0.13585
0.140029
0.1438
0.147072
0.149761
0.151793
0.153107
0.153655
0.153404
0.152335
0.150447
0.147754
0.144286
0.140088
0.135217
0.129744
0.123747
0.117314
0.110536
0.103509
0.0963268
0.0890842
0.0818709
0.0747716
0.0678643
0.0612197
0.0549001
0.0489601
0.0434464
0.0383989
0.0338517
0.0298345
0.0263744
0.0234972
0.0212291
0.019598
0.0186343
0.0183711
0.0188438
0.0200885
0.0221396
0.0250264
0.0287683
0.03337
0.038815
0.0450604
0.0520307
0.0596142
0.0676601
0.0759781
0.0843417
0.0924938
0.100157
0.107044
0.112876
0.117397
0.12039
0.121695
0.121219
0.118947
0.114943
0.10935
0.10238
0.0943014
0.0854222
0.0760688
0.0665657
0.0572163
0.0482858
0.0399896
0.0324852
0.0258706
0.0201869
0.0154246
0.0115336
0.00843398
0.00602699
0.00420564
0.00286329
0.00190024
0.00122812
0.000772151
0.000471731
0.000279687
0.000160708
8.93588e-05
4.80002e-05
2.48629e-05
1.23928e-05
5.93052e-06
2.71766e-06
1.18904e-06
4.95045e-07
1.95373e-07
7.27641e-08
2.5441e-08
8.299e-09
2.50704e-09
6.95017e-10
1.74825e-10
3.93268e-11
7.7611e-12
1.30862e-12
1.81352e-13
1.94142e-14
1.43171e-15
5.47851e-17
4.24029e-22
