0.142247
0.142274
0.142231
0.142133
0.141994
0.141824
0.141632
0.141421
0.141194
0.14095
0.140686
0.1404
0.140088
0.139744
0.139367
0.138954
0.138506
0.138024
0.137515
0.136985
0.136443
0.135901
0.135369
0.13486
0.134386
0.133955
0.133578
0.133259
0.133004
0.132814
0.132689
0.13263
0.132635
0.132703
0.132836
0.133035
0.133304
0.133648
0.134075
0.134594
0.135213
0.135945
0.136797
0.13778
0.138901
0.140164
0.141573
0.143127
0.144824
0.146657
0.148619
0.150696
0.152876
0.155142
0.157475
0.159854
0.162258
0.164662
0.167043
0.169375
0.171631
0.173786
0.175812
0.177683
0.179376
0.180865
0.182128
0.183145
0.183898
0.184372
0.184557
0.184442
0.184025
0.183305
0.182284
0.180971
0.179376
0.177515
0.175405
0.173068
0.170527
0.167809
0.164941
0.16195
0.158867
0.155719
0.152536
0.149344
0.146169
0.143035
0.139964
0.136975
0.134085
0.131308
0.128655
0.126136
0.123758
0.121524
0.119436
0.117497
0.115704
0.114055
0.112548
0.111179
0.109942
0.108834
0.107849
0.106982
0.106229
0.105583
0.10504
0.104595
0.104242
0.103976
0.103792
0.103683
0.103645
0.10367
0.103752
0.103885
0.104062
0.104278
0.104525
0.104799
0.105093
0.105404
0.105727
0.106061
0.106403
0.106754
0.107113
0.107482
0.107865
0.108264
0.108684
0.109129
0.109605
0.110116
0.110666
0.111259
0.111898
0.112584
0.113319
0.114101
0.114927
0.115794
0.116696
0.117626
0.118575
0.119534
0.120492
0.121438
0.122359
0.123244
0.124079
0.124854
0.125556
0.126174
0.1267
0.127123
0.127437
0.127636
0.127716
0.127673
0.127507
0.127218
0.126809
0.126282
0.125644
0.124901
0.124061
0.123133
0.122126
0.121051
0.119918
0.118739
0.117525
0.116286
0.115034
0.113779
0.112529
0.111294
0.110081
0.108898
0.10775
0.106641
0.105576
0.104556
0.103584
0.102659
0.101782
0.100951
0.100164
0.0994185
0.098711
0.0980383
0.0973967
0.0967827
0.0961931
0.0956252
0.0950767
0.0945462
0.0940335
0.0935391
0.0930648
0.0926133
0.0921885
0.0917949
0.0914379
0.0911231
0.0908565
0.0906436
0.0904896
0.0903988
0.0903744
0.0904185
0.0905315
0.0907124
0.0909586
0.0912661
0.0916295
0.0920424
0.0924973
0.0929865
0.0935018
0.094035
0.0945784
0.0951245
0.0956666
0.0961988
0.0967157
0.0972128
0.0976862
0.0981325
0.0985488
0.0989321
0.09928
0.0995898
0.099859
0.100085
0.100266
0.1004
0.100486
0.100522
0.100508
0.100447
0.10034
0.100191
0.100005
0.0997883
0.0995475
0.0992906
0.099026
0.0987618
0.0985059
0.0982653
0.0980461
0.0978526
0.0976877
0.0975522
0.0974451
0.0973637
0.0973033
0.097258
0.0972207
0.0971835
0.0971381
0.0970763
0.0969902
0.0968726
0.0967177
0.0965205
0.096278
0.0959885
0.095652
0.09527
0.0948456
0.0943832
0.0938883
0.0933671
0.0928265
0.0922738
0.0917161
0.0911606
0.0906138
0.0900819
0.0895703
0.0890836
0.088626
0.088201
0.0878116
0.0874606
0.0871508
0.0868849
0.0866661
0.0864978
0.0863838
0.0863281
0.086335
0.0951291
