0.11417
0.112778
0.111469
0.110244
0.109107
0.108056
0.107091
0.106208
0.105404
0.104675
0.104016
0.103423
0.10289
0.102413
0.101988
0.101612
0.10128
0.100991
0.100742
0.100531
0.100356
0.100215
0.100108
0.100034
0.0999912
0.0999797
0.0999987
0.100048
0.100126
0.100233
0.100368
0.100529
0.100716
0.100926
0.101158
0.10141
0.101679
0.101962
0.102256
0.102559
0.102866
0.103176
0.103485
0.10379
0.104089
0.104379
0.10466
0.104928
0.105185
0.105428
0.105659
0.105878
0.106086
0.106284
0.106473
0.106657
0.106837
0.107015
0.107194
0.107376
0.107566
0.107764
0.107975
0.108201
0.108445
0.108709
0.108997
0.109311
0.109654
0.110027
0.110433
0.110873
0.111349
0.111862
0.112412
0.112998
0.113621
0.114278
0.114968
0.115687
0.116434
0.117203
0.11799
0.11879
0.119599
0.12041
0.121218
0.122018
0.122804
0.12357
0.124312
0.125024
0.125703
0.126344
0.126945
0.127502
0.128013
0.128477
0.128893
0.129259
0.129575
0.129843
0.130062
0.130234
0.13036
0.130442
0.130482
0.130484
0.130449
0.13038
0.130281
0.130154
0.130003
0.129831
0.129641
0.129436
0.129218
0.128991
0.128755
0.128512
0.128265
0.128013
0.127758
0.127498
0.127234
0.126965
0.126689
0.126407
0.126115
0.125813
0.125498
0.125171
0.124828
0.12447
0.124095
0.123704
0.123295
0.12287
0.12243
0.121976
0.121509
0.121033
0.120549
0.120062
0.119575
0.119092
0.118616
0.118153
0.117707
0.117283
0.116884
0.116516
0.116183
0.115888
0.115635
0.115427
0.115267
0.115156
0.115096
0.115087
0.115128
0.115219
0.115357
0.11554
0.115764
0.116024
0.116316
0.116634
0.116972
0.117324
0.117683
0.118042
0.118396
0.118736
0.119058
0.119355
0.119622
0.119855
0.120049
0.120203
0.120312
0.120377
0.120397
0.120373
0.120305
0.120195
0.120048
0.119867
0.119655
0.119418
0.119162
0.118891
0.118613
0.118332
0.118055
0.117789
0.11754
0.117312
0.117113
0.116946
0.116816
0.116729
0.116686
0.116691
0.116746
0.116853
0.117013
0.117224
0.117487
0.1178
0.11816
0.118565
0.119011
0.119494
0.12001
0.120553
0.121119
0.121702
0.122297
0.122899
0.123503
0.124104
0.124699
0.125284
0.125856
0.126414
0.126956
0.127481
0.127991
0.128486
0.128968
0.129438
0.1299
0.130357
0.13081
0.131263
0.131718
0.132177
0.13264
0.13311
0.133585
0.134065
0.134548
0.135031
0.135512
0.135987
0.136451
0.136901
0.137329
0.137732
0.138104
0.138439
0.138731
0.138975
0.139165
0.139294
0.139359
0.139353
0.139271
0.139108
0.138861
0.138526
0.138099
0.137578
0.136961
0.13625
0.135443
0.134544
0.133556
0.132484
0.131333
0.130112
0.128827
0.127489
0.126106
0.12469
0.12325
0.121796
0.120337
0.118884
0.117445
0.116027
0.114638
0.113283
0.111969
0.110701
0.109484
0.108322
0.107219
0.106179
0.105207
0.104307
0.103481
0.102732
0.102063
0.101476
0.10097
0.100546
0.100203
0.111233
