0
6.33442e-27
4.42445e-25
1.53329e-23
3.51501e-22
5.99656e-21
8.12021e-20
9.09154e-19
8.65636e-18
7.15493e-17
5.21528e-16
3.39422e-15
1.99229e-14
1.06344e-13
5.19816e-13
2.34067e-12
9.75913e-12
3.78447e-11
1.37036e-10
4.64968e-10
1.48298e-09
4.45866e-09
1.26693e-08
3.41048e-08
8.71646e-08
2.11941e-07
4.91218e-07
1.08718e-06
2.30172e-06
4.66925e-06
9.09057e-06
1.70127e-05
3.06532e-05
5.32581e-05
8.937e-05
0.000145077
0.000228204
0.000348425
0.00051728
0.000748107
0.00105595
0.00145746
0.00197098
0.0026167
0.00341705
0.00439735
0.00558655
0.00701803
0.0087305
0.0107687
0.0131838
0.016034
0.0193846
0.0233076
0.0278818
0.0331923
0.0393295
0.0463887
0.0544689
0.0636716
0.0740995
0.0858544
0.0990357
0.113738
0.130048
0.148042
0.167786
0.189327
0.212695
0.237897
0.264916
0.293708
0.324199
0.356284
0.389825
0.424652
0.46056
0.497312
0.534641
0.572251
0.60982
0.647006
0.683449
0.71878
0.752624
0.784608
0.814367
0.841552
0.865834
0.886915
0.904532
0.918459
0.928518
0.934578
0.93656
0.93444
0.928246
0.918059
0.904012
0.886287
0.86511
0.840747
0.813499
0.783693
0.751679
0.717823
0.682497
0.646075
0.608925
0.571405
0.533855
0.496595
0.459919
0.424092
0.38935
0.355894
0.323893
0.293483
0.264769
0.237822
0.212686
0.189377
0.167888
0.148188
0.13023
0.113949
0.0992685
0.0861029
0.0743579
0.0639353
0.0547341
0.046653
0.0395919
0.0334532
0.0281432
0.0235729
0.0196589
0.0163234
0.0134949
0.0111079
0.00910333
0.00742807
0.00603473
0.00488142
0.00393134
0.00315241
0.00251682
0.00200064
0.00158341
0.00124774
0.000978958
0.000764736
0.000594795
0.000460608
0.000355143
0.000272637
0.000208389
0.000158589
0.000120166
9.06566e-05
6.80967e-05
5.09286e-05
3.79235e-05
2.81167e-05
2.07553e-05
1.52548e-05
1.11633e-05
8.1337e-06
5.90058e-06
4.26199e-06
3.06507e-06
2.19473e-06
1.5647e-06
1.11069e-06
7.84991e-07
5.52393e-07
3.87029e-07
2.69992e-07
1.87529e-07
1.29688e-07
8.92981e-08
6.12205e-08
4.17891e-08
2.84015e-08
1.92191e-08
1.2949e-08
8.68662e-09
5.80202e-09
3.85851e-09
2.5549e-09
1.68438e-09
1.10565e-09
7.22621e-10
4.70236e-10
3.04673e-10
1.96546e-10
1.26244e-10
8.0736e-11
5.14089e-11
3.25929e-11
2.05741e-11
1.2931e-11
8.09201e-12
5.04191e-12
3.12786e-12
1.93203e-12
1.18821e-12
7.27588e-13
4.43601e-13
2.69286e-13
1.6276e-13
9.79484e-14
5.86894e-14
3.50136e-14
2.07983e-14
1.23007e-14
7.24353e-15
4.247e-15
2.4793e-15
1.44109e-15
8.33998e-16
4.80567e-16
2.75713e-16
1.57498e-16
8.95787e-17
5.07283e-17
2.86029e-17
1.60577e-17
8.97574e-18
4.99541e-18
2.76813e-18
1.52727e-18
8.38996e-19
4.58899e-19
2.49913e-19
1.35511e-19
7.316e-20
3.93266e-20
2.10481e-20
1.12164e-20
5.95126e-21
3.14396e-21
1.65371e-21
8.66073e-22
4.5161e-22
2.34469e-22
1.21205e-22
6.23838e-23
3.19694e-23
1.63121e-23
8.28706e-24
4.19183e-24
2.11115e-24
1.05864e-24
5.28555e-25
2.62751e-25
1.30051e-25
6.40904e-26
3.14475e-26
1.53635e-26
7.47325e-27
3.61943e-27
1.74535e-27
8.37989e-28
4.00595e-28
1.90671e-28
9.03601e-29
4.26364e-29
2.00307e-29
9.36962e-30
4.36375e-30
2.02353e-30
9.34267e-31
4.2948e-31
1.96574e-31
8.9582e-32
4.06468e-32
1.83629e-32
8.25978e-33
3.69918e-33
1.6495e-33
7.32336e-34
3.23726e-34
1.42481e-34
6.24372e-35
2.72421e-35
1.18344e-35
5.11874e-36
2.20439e-36
9.45198e-37
4.03521e-37
1.71521e-37
7.25906e-38
3.05884e-38
1.28344e-38
5.36427e-39
2.23875e-39
9.47416e-40
4.48347e-40
4.12379e-40
