0.112522
0.112159
0.111863
0.111653
0.111537
0.111517
0.111586
0.111727
0.111921
0.112145
0.112374
0.112586
0.112763
0.112892
0.112966
0.112983
0.112947
0.112865
0.112747
0.112601
0.112438
0.112264
0.112086
0.111906
0.111724
0.111539
0.11135
0.111154
0.110949
0.110734
0.110511
0.110283
0.110054
0.109831
0.109623
0.109438
0.109285
0.109175
0.109114
0.109111
0.109171
0.109299
0.109496
0.109762
0.110096
0.110493
0.110949
0.111456
0.112008
0.112596
0.113212
0.11385
0.114502
0.115162
0.115827
0.116494
0.117163
0.117836
0.118517
0.119211
0.119927
0.120675
0.121464
0.122308
0.123217
0.124205
0.125283
0.126461
0.127748
0.12915
0.130673
0.132317
0.134081
0.135961
0.137947
0.140029
0.142193
0.144421
0.146693
0.148988
0.151282
0.153549
0.155765
0.157904
0.15994
0.161849
0.163608
0.165194
0.16659
0.167778
0.168744
0.169478
0.16997
0.170217
0.170217
0.16997
0.169483
0.168761
0.167816
0.166662
0.165313
0.163787
0.162106
0.16029
0.158363
0.156351
0.154279
0.152174
0.150062
0.147969
0.145921
0.143943
0.142059
0.140289
0.138652
0.137166
0.135843
0.134693
0.133725
0.132941
0.132341
0.131923
0.13168
0.131603
0.131679
0.131895
0.132234
0.132679
0.133209
0.133804
0.134445
0.135111
0.13578
0.136433
0.13705
0.137613
0.138104
0.138507
0.138808
0.138993
0.13905
0.13897
0.138744
0.138366
0.137832
0.137139
0.136287
0.135278
0.134115
0.132805
0.131355
0.129774
0.128073
0.126266
0.124365
0.122386
0.120345
0.118258
0.11614
0.11401
0.111882
0.109772
0.107695
0.105665
0.103694
0.101795
0.099977
0.098249
0.0966184
0.0950912
0.0936719
0.0923639
0.0911692
0.090089
0.0891231
0.0882708
0.0875304
0.0868997
0.086376
0.0859561
0.0856369
0.0854146
0.0852857
0.0852464
0.0852933
0.0854226
0.0856309
0.0859148
0.086271
0.086696
0.0871865
0.087739
0.08835
0.0890155
0.0897314
0.0904931
0.0912957
0.0921337
0.0930011
0.0938914
0.0947977
0.0957128
0.096629
0.0975386
0.0984335
0.0993061
0.100149
0.100954
0.101716
0.102427
0.103082
0.103677
0.104206
0.104666
0.105054
0.105367
0.105603
0.10576
0.105836
0.10583
0.105742
0.105572
0.105322
0.104994
0.104592
0.104121
0.103589
0.103005
0.102379
0.101725
0.101057
0.10039
0.0997402
0.099124
0.0985568
0.0980533
0.0976261
0.0972858
0.0970403
0.0968945
0.0968502
0.0969064
0.0970591
0.0973023
0.0976277
0.0980261
0.0984873
0.0990013
0.0995585
0.10015
0.100769
0.101409
0.102067
0.102738
0.103422
0.104117
0.104823
0.10554
0.106266
0.107
0.107739
0.10848
0.109218
0.109948
0.110664
0.111362
0.112037
0.112687
0.113311
0.113911
0.11449
0.115056
0.115619
0.116189
0.116779
0.117402
0.118071
0.118797
0.119589
0.120454
0.121395
0.12241
0.123496
0.124642
0.125836
0.127064
0.128306
0.129543
0.130755
0.13192
0.133017
0.134028
0.134934
0.135719
0.136371
0.136879
0.137236
0.137438
0.137484
0.151516
