0.134063
0.132421
0.130813
0.129246
0.127721
0.126243
0.124813
0.123434
0.122106
0.120832
0.119611
0.118446
0.117336
0.116281
0.115282
0.114339
0.11345
0.112615
0.111834
0.111106
0.110429
0.109803
0.109225
0.108696
0.108213
0.107775
0.10738
0.107026
0.10671
0.10643
0.106184
0.105968
0.10578
0.105615
0.105471
0.105345
0.105233
0.105133
0.105043
0.104959
0.10488
0.104804
0.104732
0.104661
0.104592
0.104526
0.104462
0.104402
0.104347
0.104299
0.104259
0.104229
0.10421
0.104204
0.104213
0.104239
0.104283
0.104348
0.104434
0.104543
0.104677
0.104838
0.105026
0.105244
0.105493
0.105775
0.106089
0.106439
0.106823
0.107243
0.107698
0.108188
0.108713
0.109271
0.109861
0.110479
0.111124
0.111793
0.112481
0.113186
0.113904
0.114631
0.115363
0.116097
0.116828
0.117553
0.118269
0.118974
0.119663
0.120335
0.120987
0.121617
0.122223
0.122803
0.123356
0.12388
0.124373
0.124833
0.12526
0.125653
0.126009
0.126327
0.126608
0.126849
0.127051
0.127213
0.127336
0.127418
0.127461
0.127466
0.127433
0.127364
0.127261
0.127124
0.126956
0.126759
0.126535
0.126286
0.126014
0.125722
0.125411
0.125085
0.124746
0.124394
0.124034
0.123666
0.123293
0.122917
0.122539
0.122162
0.121786
0.121414
0.121047
0.120687
0.120334
0.119991
0.119658
0.119337
0.119028
0.118733
0.118453
0.118189
0.117941
0.117711
0.117498
0.117304
0.117129
0.116974
0.116837
0.116721
0.116624
0.116545
0.116486
0.116444
0.11642
0.116411
0.116418
0.116439
0.116472
0.116516
0.11657
0.116632
0.116701
0.116774
0.11685
0.116928
0.117005
0.117082
0.117155
0.117223
0.117285
0.117341
0.117388
0.117425
0.117453
0.117469
0.117475
0.117469
0.117451
0.117422
0.117382
0.117332
0.117273
0.117206
0.117133
0.117055
0.116975
0.116895
0.116817
0.116744
0.116678
0.116622
0.116578
0.116549
0.116537
0.116544
0.116573
0.116625
0.116701
0.116804
0.116934
0.117092
0.117278
0.117493
0.117737
0.118009
0.118309
0.118638
0.118993
0.119375
0.119782
0.120215
0.120671
0.121151
0.121653
0.122176
0.122719
0.123281
0.123862
0.124459
0.125072
0.1257
0.12634
0.126992
0.127653
0.128322
0.128997
0.129675
0.130354
0.131033
0.131708
0.132378
0.13304
0.133692
0.134331
0.134955
0.135562
0.136148
0.136711
0.137249
0.137757
0.138232
0.138671
0.139069
0.139422
0.139725
0.139974
0.140164
0.14029
0.140349
0.140335
0.140247
0.140081
0.139834
0.139507
0.139098
0.138608
0.138037
0.137389
0.136665
0.135869
0.135003
0.134071
0.133078
0.132027
0.130921
0.129766
0.128565
0.127322
0.126041
0.124727
0.123384
0.122016
0.120631
0.119232
0.117827
0.116423
0.115026
0.113643
0.112282
0.11095
0.109655
0.108401
0.107195
0.106041
0.104943
0.103903
0.102925
0.102008
0.101153
0.10036
0.0996301
0.0989622
0.098357
0.0978151
0.0973373
0.0969251
0.0965799
0.0963032
0.107072
