0.135504
0.13671
0.137769
0.138684
0.139454
0.140076
0.140543
0.140845
0.140971
0.140908
0.140642
0.14016
0.13945
0.138501
0.137307
0.135862
0.134168
0.132228
0.130053
0.127656
0.125057
0.122279
0.119351
0.116302
0.113167
0.109979
0.10677
0.103572
0.100412
0.0973102
0.0942838
0.091341
0.0884833
0.0857052
0.0829951
0.0803365
0.0777096
0.0750935
0.0724684
0.0698175
0.0671291
0.0643985
0.0616289
0.0588324
0.0560297
0.0532501
0.0505298
0.0479107
0.0454381
0.0431586
0.0411177
0.0393573
0.0379137
0.0368157
0.0360831
0.0357259
0.0357438
0.0361269
0.0368556
0.0379026
0.039234
0.0408109
0.0425917
0.0445335
0.0465939
0.0487319
0.0509094
0.0530915
0.0552467
0.0573466
0.0593658
0.0612814
0.063072
0.0647174
0.0661984
0.0674961
0.0685926
0.0694706
0.0701145
0.0705109
0.0706494
0.0705233
0.0701307
0.0694747
0.0685642
0.0674136
0.0660428
0.064477
0.0627458
0.060882
0.0589214
0.0569009
0.0548577
0.0528283
0.0508475
0.0489476
0.0471577
0.0455034
0.0440063
0.0426842
0.041551
0.0406169
0.0398888
0.0393705
0.0390629
0.038965
0.0390735
0.0393838
0.03989
0.0405851
0.0414613
0.0425104
0.0437237
0.0450924
0.0466074
0.0482599
0.0500411
0.0519426
0.0539563
0.0560751
0.0582924
0.0606028
0.063002
0.065487
0.0680563
0.0707101
0.0734501
0.0762797
0.0792038
0.0822287
0.085362
0.0886119
0.0919871
0.0954962
0.0991469
0.102945
0.106896
0.111
0.115256
0.119656
0.124188
0.128837
0.13358
0.138387
0.143224
0.148052
0.152826
0.157495
0.162008
0.166309
0.170344
0.174057
0.177396
0.180313
0.182765
0.184716
0.186139
0.187014
0.187335
0.187101
0.186326
0.185033
0.183253
0.181026
0.178402
0.175434
0.17218
0.168702
0.165063
0.161323
0.157543
0.15378
0.150084
0.146502
0.143073
0.139831
0.136803
0.134007
0.131457
0.12916
0.127118
0.125328
0.123783
0.122472
0.121382
0.120499
0.119807
0.119288
0.118926
0.118705
0.118608
0.11862
0.118726
0.118914
0.119172
0.119488
0.119852
0.120258
0.120696
0.121161
0.121648
0.122152
0.12267
0.123199
0.123738
0.124285
0.124841
0.125406
0.125981
0.126567
0.127166
0.127781
0.128414
0.129069
0.129747
0.130454
0.131191
0.131962
0.132772
0.133622
0.134516
0.135457
0.136448
0.137489
0.138584
0.139733
0.140937
0.142197
0.143511
0.144879
0.146299
0.147769
0.149284
0.150841
0.152435
0.15406
0.15571
0.157376
0.159052
0.160728
0.162394
0.164042
0.165661
0.167242
0.168773
0.170246
0.171651
0.172979
0.174223
0.175378
0.176437
0.177399
0.178263
0.17903
0.179704
0.180292
0.180801
0.181244
0.181634
0.181985
0.182312
0.182633
0.182963
0.183315
0.183701
0.184129
0.1846
0.185113
0.185658
0.18622
0.186779
0.18731
0.187786
0.188179
0.188464
0.188619
0.188631
0.188494
0.188214
0.187804
0.187286
0.186684
0.186027
0.185336
0.184624
0.183894
0.183132
0.18231
0.181389
0.180322
0.179058
0.177559
0.175797
0.173772
0.171509
0.169064
0.166521
0.163986
0.161579
0.179122
