0.0308201
0.0299371
0.0293518
0.0290546
0.0290318
0.0292665
0.0297382
0.030424
0.0312985
0.032334
0.0335016
0.0347715
0.0361136
0.0374985
0.0388981
0.0402866
0.0416409
0.0429416
0.0441729
0.0453233
0.0463856
0.0473566
0.0482371
0.049031
0.0497454
0.0503892
0.0509732
0.0515089
0.0520078
0.0524814
0.0529403
0.0533938
0.0538498
0.054315
0.0547941
0.0552909
0.0558077
0.0563458
0.056906
0.0574889
0.0580949
0.0587248
0.05938
0.0600626
0.0607758
0.0615234
0.06231
0.063141
0.0640217
0.0649576
0.0659532
0.067012
0.0681359
0.0693243
0.0705742
0.0718797
0.0732316
0.0746177
0.0760231
0.0774303
0.0788199
0.0801716
0.0814651
0.0826807
0.0838008
0.0848108
0.0856999
0.0864615
0.0870946
0.087603
0.0879963
0.0882887
0.088499
0.0886498
0.0887663
0.0888752
0.0890037
0.0891779
0.0894224
0.0897586
0.0902042
0.0907726
0.0914725
0.092308
0.0932785
0.0943791
0.0956016
0.0969346
0.0983647
0.0998772
0.101457
0.103089
0.104759
0.106455
0.108167
0.109884
0.111603
0.113317
0.115025
0.116727
0.118425
0.120122
0.121822
0.123532
0.125257
0.127005
0.128783
0.130598
0.132458
0.134368
0.136334
0.138361
0.140449
0.142599
0.144806
0.147065
0.149364
0.15169
0.154025
0.156345
0.158624
0.160833
0.16294
0.164908
0.166703
0.168288
0.169628
0.170688
0.171438
0.171852
0.171908
0.171591
0.170891
0.169806
0.168341
0.166508
0.164324
0.161815
0.159012
0.155948
0.152665
0.149202
0.145605
0.141917
0.138183
0.134446
0.130746
0.127121
0.123606
0.120233
0.117027
0.114011
0.111204
0.10862
0.10627
0.10416
0.102294
0.100673
0.0992967
0.09816
0.0972584
0.0965852
0.0961331
0.0958937
0.0958583
0.0960178
0.0963627
0.0968835
0.0975706
0.0984141
0.0994043
0.100531
0.101785
0.103155
0.104632
0.106205
0.107864
0.109598
0.111397
0.11325
0.115146
0.117075
0.119026
0.12099
0.122956
0.124914
0.126854
0.128769
0.130648
0.132485
0.134271
0.135999
0.137664
0.139259
0.140779
0.14222
0.143579
0.144851
0.146035
0.147129
0.148131
0.14904
0.149857
0.150582
0.151216
0.151759
0.152212
0.152579
0.152859
0.153055
0.15317
0.153205
0.153161
0.153042
0.152849
0.152583
0.152248
0.151844
0.151374
0.15084
0.150246
0.149594
0.148888
0.148132
0.147331
0.146493
0.145625
0.144734
0.14383
0.142926
0.142031
0.14116
0.140325
0.13954
0.138819
0.138176
0.137624
0.137173
0.136835
0.136616
0.136523
0.13656
0.136729
0.137028
0.137456
0.138009
0.138682
0.13947
0.140369
0.141374
0.14248
0.143683
0.144979
0.146364
0.147831
0.149374
0.150981
0.15264
0.154332
0.156036
0.157729
0.159382
0.160969
0.162462
0.163838
0.165076
0.166165
0.167099
0.16788
0.168522
0.169041
0.169465
0.16982
0.170138
0.170447
0.17077
0.171126
0.171527
0.171972
0.172456
0.172965
0.173478
0.17397
0.174414
0.174783
0.17505
0.175196
0.175203
0.175063
0.174773
0.174339
0.173775
0.1731
0.172341
0.171526
0.170687
0.169854
0.169053
0.168303
0.186792
