0.127059
0.12814
0.129322
0.130607
0.131996
0.13349
0.135085
0.136778
0.138564
0.140437
0.142389
0.14441
0.146492
0.148623
0.150793
0.152989
0.155197
0.157404
0.159595
0.161751
0.163855
0.165886
0.167826
0.16965
0.171337
0.172863
0.174207
0.175346
0.176262
0.176937
0.177357
0.177511
0.177393
0.177001
0.176337
0.175408
0.174223
0.172799
0.171152
0.169303
0.167273
0.165088
0.162772
0.160349
0.157846
0.155286
0.152693
0.150089
0.147496
0.144931
0.142413
0.139958
0.13758
0.135292
0.133105
0.131027
0.129067
0.12723
0.12552
0.12394
0.122489
0.121167
0.119971
0.118895
0.117935
0.117083
0.116331
0.115669
0.115087
0.114577
0.114127
0.113729
0.113372
0.11305
0.112755
0.112479
0.112219
0.11197
0.111728
0.111493
0.111262
0.111035
0.110814
0.110598
0.11039
0.110191
0.110003
0.109828
0.109669
0.109527
0.109405
0.109304
0.109227
0.109174
0.109148
0.109147
0.109173
0.109225
0.109302
0.109402
0.109524
0.109663
0.109818
0.109982
0.110152
0.110323
0.110488
0.110643
0.110781
0.110897
0.110986
0.111041
0.111059
0.111035
0.110968
0.110854
0.110694
0.110486
0.110232
0.109935
0.109598
0.109226
0.108825
0.1084
0.107961
0.107513
0.107066
0.10663
0.106212
0.105822
0.105468
0.10516
0.104906
0.104712
0.104586
0.104534
0.104561
0.104671
0.104867
0.105152
0.105525
0.105988
0.106539
0.107175
0.107893
0.10869
0.109558
0.110493
0.111487
0.112533
0.113621
0.114742
0.115888
0.117048
0.118213
0.119372
0.120515
0.121634
0.12272
0.123764
0.12476
0.125702
0.126584
0.127404
0.128161
0.128852
0.12948
0.130048
0.130559
0.131018
0.131433
0.131809
0.132155
0.132479
0.132789
0.133093
0.133397
0.13371
0.134035
0.134377
0.13474
0.135123
0.135527
0.135951
0.136389
0.136839
0.137293
0.137744
0.138185
0.138605
0.138997
0.13935
0.139655
0.139901
0.14008
0.140184
0.140203
0.140131
0.139963
0.139692
0.139315
0.138829
0.138234
0.13753
0.136719
0.135804
0.13479
0.133684
0.132493
0.131227
0.129897
0.128513
0.127088
0.125635
0.124168
0.122698
0.121239
0.119804
0.118404
0.117049
0.115748
0.11451
0.113338
0.112238
0.111212
0.110261
0.109382
0.108574
0.107832
0.10715
0.106523
0.105944
0.105404
0.104896
0.104413
0.103946
0.103489
0.103035
0.102577
0.102111
0.101632
0.101137
0.100622
0.100085
0.0995258
0.0989422
0.0983347
0.0977035
0.0970495
0.096374
0.0956785
0.0949652
0.0942361
0.0934939
0.0927415
0.0919818
0.0912181
0.0904539
0.0896927
0.0889382
0.0881942
0.0874642
0.086752
0.086061
0.0853944
0.084755
0.0841455
0.083568
0.0830242
0.0825153
0.0820418
0.0816039
0.0812009
0.0808314
0.0804936
0.0801845
0.0799007
0.0796381
0.079392
0.0791572
0.0789286
0.0787013
0.078471
0.0782343
0.0779895
0.0777367
0.0774781
0.0772184
0.0769643
0.0767244
0.0765091
0.0763291
0.0761954
0.0761179
0.0761046
0.0761609
0.0762896
0.0764898
0.076758
0.0863627
