4.50137e-96
7.52072e-84
1.7716e-81
2.08163e-79
1.62672e-77
9.51136e-76
4.43833e-74
1.72175e-72
5.71117e-71
1.65364e-69
4.2457e-68
9.78697e-67
2.04596e-65
3.91111e-64
6.88461e-63
1.12257e-61
1.70418e-60
2.41948e-59
3.22502e-58
4.04991e-57
4.80623e-56
5.40518e-55
5.77495e-54
5.87493e-53
5.70255e-52
5.29135e-51
4.70163e-50
4.00689e-49
3.28008e-48
2.58269e-47
1.95851e-46
1.43204e-45
1.01076e-44
6.89361e-44
4.54755e-43
2.90427e-42
1.79721e-41
1.07848e-40
6.28083e-40
3.55241e-39
1.95268e-38
1.04382e-37
5.42966e-37
2.74999e-36
1.35689e-35
6.52603e-35
3.06099e-34
1.40088e-33
6.2584e-33
2.73054e-32
1.16397e-31
4.84978e-31
1.97589e-30
7.87457e-30
3.07097e-29
1.17236e-28
4.38255e-28
1.6048e-27
5.75808e-27
2.02502e-26
6.98237e-26
2.36115e-25
7.83265e-25
2.54962e-24
8.1458e-24
2.55502e-23
7.86972e-23
2.38086e-22
7.07642e-22
2.06679e-21
5.93302e-21
1.67433e-20
4.64603e-20
1.26789e-19
3.40352e-19
8.98876e-19
2.33602e-18
5.97496e-18
1.50436e-17
3.72907e-17
9.10236e-17
2.18817e-16
5.18147e-16
1.20875e-15
2.7784e-15
6.29358e-15
1.4051e-14
3.09231e-14
6.70949e-14
1.43544e-13
3.02854e-13
6.30215e-13
1.29363e-12
2.61972e-12
5.23454e-12
1.03214e-11
2.00857e-11
3.85818e-11
7.31603e-11
1.36969e-10
2.53207e-10
4.62262e-10
8.33518e-10
1.4846e-09
2.61229e-09
4.54158e-09
7.80223e-09
1.32468e-08
2.223e-08
3.6877e-08
6.04805e-08
9.80791e-08
1.57287e-07
2.49474e-07
3.91408e-07
6.07528e-07
9.3303e-07
1.41801e-06
2.13295e-06
3.17588e-06
4.68163e-06
6.83356e-06
9.87834e-06
1.41442e-05
2.00635e-05
2.81996e-05
3.92794e-05
5.42315e-05
7.42312e-05
0.000100752
0.000135623
0.000181101
0.000239939
0.000315475
0.000411723
0.000533476
0.000686417
0.000877238
0.00111378
0.00140515
0.00176191
0.00219619
0.00272191
0.00335491
0.00411313
0.00501685
0.00608879
0.00735437
0.00884183
0.0105824
0.0126104
0.0149634
0.0176822
0.0208109
0.0243968
0.0284903
0.0331448
0.038416
0.0443619
0.0510424
0.0585181
0.06685
0.0760988
0.0863233
0.0975799
0.109921
0.123395
0.138043
0.153898
0.170984
0.189316
0.208896
0.229713
0.25174
0.274938
0.299248
0.324597
0.350894
0.378028
0.405873
0.434286
0.463107
0.49216
0.521257
0.550198
0.578772
0.606762
0.633944
0.660096
0.684994
0.708419
0.730161
0.750017
0.767802
0.783346
0.796497
0.807125
0.815127
0.820421
0.822957
0.822707
0.819677
0.813897
0.805427
0.794352
0.780783
0.764854
0.746722
0.726559
0.704555
0.680914
0.655847
0.629574
0.602316
0.574298
0.545738
0.516852
0.487848
0.458922
0.430258
0.402028
0.374387
0.347474
0.321412
0.296306
0.272244
0.249295
0.227515
0.20694
0.187595
0.169487
0.152614
0.13696
0.122499
0.109198
0.097015
0.0859026
0.0758082
0.066676
0.0584476
0.0510632
0.0444625
0.0385856
0.0333734
0.0287688
0.0247166
0.0211642
0.0180618
0.0153626
0.0130232
0.0110032
0.00926546
0.00777612
0.0065044
0.0054225
0.00450548
0.00373106
0.00307944
0.00253315
0.00207683
0.00169704
0.00138208
0.00112182
0.000907543
0.000731748
0.000588041
0.000470984
0.000375973
0.000299129
0.0002372
0.000187466
0.000147668
0.000115931
9.07132e-05
7.07447e-05
5.49885e-05
4.25995e-05
3.28921e-05
2.53125e-05
1.94148e-05
1.48418e-05
1.13083e-05
8.58744e-06
6.49965e-06
4.90317e-06
3.68662e-06
2.76282e-06
2.06378e-06
1.53669e-06
1.14072e-06
8.44378e-07
6.23545e-07
4.59802e-07
3.39196e-07
2.51266e-07
1.88323e-07
1.44983e-07
1.1798e-07
1.06438e-07
1.2662e-07
