0.0136921
0.0142534
0.0151623
0.0164418
0.0181068
0.0201598
0.0225886
0.0253652
0.0284447
0.0317675
0.035262
0.0388491
0.0424472
0.0459782
0.0493728
0.0525762
0.0555513
0.0582819
0.0607733
0.0630521
0.0651642
0.0671718
0.0691487
0.0711766
0.0733392
0.0757176
0.0783858
0.0814062
0.084826
0.0886752
0.092965
0.0976871
0.102815
0.108308
0.114109
0.120155
0.126378
0.132709
0.139085
0.145448
0.151754
0.157966
0.164062
0.170027
0.175856
0.181544
0.187092
0.192495
0.197742
0.202818
0.207697
0.212345
0.216724
0.220787
0.224491
0.227788
0.23064
0.233013
0.234883
0.236237
0.237073
0.237398
0.23723
0.236596
0.235526
0.234056
0.232223
0.230064
0.227614
0.224904
0.221962
0.218815
0.215481
0.21198
0.208325
0.20453
0.200608
0.196571
0.192433
0.188207
0.183912
0.179565
0.175187
0.170802
0.166434
0.162109
0.157855
0.153699
0.149668
0.145789
0.142087
0.138584
0.135302
0.132256
0.12946
0.126924
0.124653
0.122648
0.120906
0.119418
0.118173
0.117156
0.116347
0.115726
0.115266
0.114942
0.114726
0.114591
0.114507
0.114448
0.114387
0.114299
0.114161
0.113954
0.113662
0.11327
0.112768
0.11215
0.111413
0.110556
0.109583
0.108501
0.107318
0.106046
0.104699
0.103291
0.101839
0.100361
0.0988732
0.0973949
0.0959434
0.094536
0.0931894
0.0919191
0.0907397
0.0896645
0.0887055
0.0878735
0.0871776
0.0866261
0.0862256
0.0859819
0.0858997
0.0859831
0.0862352
0.0866589
0.0872571
0.0880323
0.0889874
0.0901257
0.0914509
0.0929676
0.0946807
0.0965963
0.0987208
0.101061
0.103625
0.106418
0.109447
0.112718
0.116233
0.119992
0.123992
0.128226
0.132679
0.137332
0.142159
0.147127
0.152192
0.157308
0.162415
0.167452
0.172347
0.177028
0.181416
0.185435
0.189008
0.192062
0.194531
0.196358
0.197497
0.197913
0.197589
0.19652
0.194721
0.19222
0.189063
0.185307
0.181024
0.176295
0.171208
0.165857
0.160336
0.154738
0.149153
0.143663
0.138342
0.133255
0.128453
0.12398
0.119863
0.116122
0.112762
0.109784
0.107175
0.104918
0.102991
0.101368
0.100018
0.0989111
0.0980166
0.0973041
0.0967446
0.0963107
0.0959775
0.0957221
0.0955242
0.0953658
0.0952312
0.0951069
0.0949814
0.0948447
0.0946888
0.0945068
0.0942933
0.0940438
0.093755
0.0934244
0.0930503
0.0926318
0.0921686
0.091661
0.09111
0.0905169
0.0898838
0.089213
0.0885073
0.0877699
0.0870043
0.0862143
0.0854039
0.0845775
0.0837395
0.0828945
0.0820473
0.0812025
0.080365
0.0795395
0.0787308
0.0779433
0.0771818
0.0764504
0.0757534
0.0750947
0.0744782
0.0739074
0.0733855
0.0729157
0.0725007
0.0721431
0.0718451
0.0716088
0.071436
0.0713283
0.071287
0.0713133
0.0714083
0.0715728
0.0718076
0.0721133
0.0724903
0.0729394
0.0734609
0.0740553
0.0747232
0.075465
0.0762817
0.077174
0.0781431
0.0791908
0.0803191
0.0815311
0.0828306
0.0842228
0.085714
0.0873125
0.0890275
0.0908699
0.0928511
0.094982
0.0972716
0.0997247
0.102339
0.105104
0.107993
0.110966
0.113966
0.116917
0.119729
0.138369
