0
4.90395e-21
2.58462e-19
6.74303e-18
1.16102e-16
1.48417e-15
1.50247e-14
1.25465e-13
8.88926e-13
5.45489e-12
2.94529e-11
1.41677e-10
6.13311e-10
2.40938e-09
8.65045e-09
2.85567e-08
8.71368e-08
2.46909e-07
6.52406e-07
1.61354e-06
3.74815e-06
8.20407e-06
1.69719e-05
3.32799e-05
6.20307e-05
0.000110208
0.000187157
0.000304653
0.000476718
0.000719204
0.00104929
0.00148507
0.0020454
0.00275024
0.00362141
0.00468379
0.00596663
0.00750492
0.00934044
0.0115225
0.0141082
0.0171626
0.0207582
0.0249749
0.0298991
0.0356235
0.042246
0.0498693
0.0585994
0.0685447
0.0798138
0.0925142
0.106749
0.122617
0.140205
0.159589
0.18083
0.203971
0.229032
0.256007
0.284864
0.315538
0.347935
0.381921
0.41733
0.453959
0.491569
0.529888
0.568611
0.607405
0.645912
0.683755
0.720545
0.755882
0.789369
0.820615
0.849245
0.874903
0.897266
0.916044
0.930993
0.941915
0.948662
0.951145
0.949331
0.943244
0.932968
0.918641
0.900453
0.878644
0.853496
0.82533
0.794494
0.761363
0.726324
0.689774
0.652111
0.613726
0.574998
0.536287
0.497928
0.460231
0.423471
0.387893
0.353704
0.321076
0.290145
0.261014
0.233751
0.208393
0.18495
0.163405
0.143721
0.125839
0.109686
0.0951767
0.0822151
0.0706993
0.060523
0.0515785
0.0437582
0.0369568
0.0310721
0.0260071
0.0216698
0.0179748
0.0148428
0.0122014
0.00998504
0.00813455
0.00659723
0.00532641
0.00428107
0.00342543
0.00272849
0.00216359
0.00170794
0.0013422
0.00105004
0.000817787
0.000634046
0.000489381
0.000376028
0.000287633
0.00021903
0.000166041
0.000125307
9.41414e-05
7.04097e-05
5.24242e-05
3.88578e-05
2.86729e-05
2.10626e-05
1.54029e-05
1.12134e-05
8.12682e-06
5.86344e-06
4.21145e-06
3.01133e-06
2.14355e-06
1.519e-06
1.07159e-06
7.52575e-07
5.26161e-07
3.66215e-07
2.53747e-07
1.75032e-07
1.20193e-07
8.2166e-08
5.59182e-08
3.78847e-08
2.55519e-08
1.71566e-08
1.1468e-08
7.63127e-09
5.05537e-09
3.33395e-09
2.18885e-09
1.43061e-09
9.30841e-10
6.02948e-10
3.88807e-10
2.49597e-10
1.59512e-10
1.01484e-10
6.42763e-11
4.0528e-11
2.54395e-11
1.58969e-11
9.88934e-12
6.12452e-12
3.77595e-12
2.31756e-12
1.41608e-12
8.61376e-13
5.21613e-13
3.14453e-13
1.88717e-13
1.12751e-13
6.7062e-14
3.97086e-14
2.34069e-14
1.37358e-14
8.02439e-15
4.66683e-15
2.70198e-15
1.55738e-15
8.93625e-16
5.10467e-16
2.90289e-16
1.6434e-16
9.26205e-17
5.19662e-17
2.90259e-17
1.61399e-17
8.93443e-18
4.92361e-18
2.70116e-18
1.47525e-18
8.02111e-19
4.34163e-19
2.33949e-19
1.25499e-19
6.70206e-20
3.5631e-20
1.88581e-20
9.93612e-21
5.21179e-21
2.72149e-21
1.41474e-21
7.32145e-22
3.77196e-22
1.93458e-22
9.87773e-23
5.02085e-23
2.54066e-23
1.27987e-23
6.41853e-24
3.20446e-24
1.59266e-24
7.88027e-25
3.88158e-25
1.90338e-25
9.29163e-26
4.51552e-26
2.1846e-26
1.05217e-26
5.04485e-27
2.40802e-27
1.14425e-27
5.4129e-28
2.54911e-28
1.19508e-28
5.57764e-29
2.59152e-29
1.19869e-29
5.51959e-30
2.5302e-30
1.15465e-30
5.24562e-31
2.37241e-31
1.06814e-31
4.78759e-32
2.13625e-32
9.48933e-33
4.19629e-33
1.84732e-33
8.09595e-34
3.53215e-34
1.53411e-34
6.63319e-35
2.85519e-35
1.22347e-35
5.21912e-36
2.2164e-36
9.37012e-37
3.94356e-37
1.65225e-37
6.89146e-38
2.86149e-38
1.18282e-38
4.8673e-39
1.9939e-39
8.13139e-40
3.30119e-40
1.3342e-40
5.36805e-41
2.15009e-41
8.57314e-42
3.40304e-42
1.34474e-42
5.28999e-43
2.07164e-43
8.07645e-44
3.13463e-44
1.21147e-44
4.66988e-45
1.81737e-45
7.82463e-46
6.8077e-46
