2.56096e-28
2.28465e-28
2.92838e-28
4.42046e-28
7.05302e-28
1.14391e-27
1.86236e-27
3.03145e-27
4.92708e-27
7.99281e-27
1.29395e-26
2.09038e-26
3.36987e-26
5.42102e-26
8.70221e-26
1.39398e-25
2.22827e-25
3.55433e-25
5.65759e-25
8.98643e-25
1.42438e-24
2.25294e-24
3.55597e-24
5.60083e-24
8.80305e-24
1.3807e-23
2.161e-23
3.37519e-23
5.26055e-23
8.18188e-23
1.26989e-22
1.96684e-22
3.03994e-22
4.68871e-22
7.21662e-22
1.10843e-21
1.69894e-21
2.59862e-21
3.96647e-21
6.04173e-21
9.18366e-21
1.39306e-20
2.10872e-20
3.18545e-20
4.80199e-20
7.22391e-20
1.08449e-19
1.62473e-19
2.42906e-19
3.62409e-19
5.39591e-19
8.01743e-19
1.18881e-18
1.75911e-18
2.59766e-18
3.82806e-18
5.62968e-18
8.26223e-18
1.2101e-17
1.7687e-17
2.57988e-17
3.75541e-17
5.45539e-17
7.90876e-17
1.14421e-16
1.65202e-16
2.38035e-16
3.42281e-16
4.9118e-16
7.03422e-16
1.00533e-15
1.43391e-15
2.04105e-15
2.89937e-15
4.11032e-15
5.81526e-15
8.21078e-15
1.15697e-14
1.62699e-14
2.28334e-14
3.19802e-14
4.47009e-14
6.23561e-14
8.68096e-14
1.2061e-13
1.67236e-13
2.31421e-13
3.196e-13
4.40495e-13
6.05907e-13
8.31768e-13
1.13954e-12
1.55809e-12
2.12613e-12
2.89547e-12
3.93537e-12
5.3381e-12
7.22644e-12
9.76337e-12
1.31648e-11
1.77159e-11
2.37933e-11
3.18923e-11
4.26637e-11
5.69602e-11
7.58973e-11
1.00931e-10
1.33957e-10
1.7744e-10
2.34575e-10
3.09498e-10
4.0755e-10
5.35612e-10
7.02534e-10
9.19671e-10
1.20156e-09
1.56679e-09
2.03904e-09
2.64845e-09
3.43328e-09
4.44201e-09
5.73592e-09
7.39232e-09
9.50852e-09
1.22068e-08
1.56403e-08
2.00007e-08
2.55272e-08
3.25178e-08
4.13425e-08
5.24605e-08
6.64398e-08
8.39819e-08
1.05951e-07
1.3341e-07
1.67661e-07
2.10302e-07
2.6328e-07
3.28972e-07
4.10267e-07
5.10671e-07
6.34432e-07
7.86678e-07
9.73598e-07
1.20263e-06
1.48271e-06
1.82454e-06
2.24091e-06
2.74707e-06
3.36117e-06
4.10475e-06
5.00334e-06
6.08712e-06
7.39168e-06
8.95889e-06
1.08379e-05
1.30865e-05
1.57718e-05
1.89725e-05
2.278e-05
2.73005e-05
3.2657e-05
3.89917e-05
4.64685e-05
5.52763e-05
6.56316e-05
7.77828e-05
9.20135e-05
0.000108647
0.000128052
0.000150646
0.000176903
0.000207357
0.000242612
0.000283345
0.000330319
0.000384385
0.000446497
0.000517716
0.000599222
0.000692326
0.000798477
0.000919278
0.00105649
0.00121206
0.00138811
0.00158697
0.00181119
0.00206352
0.00234699
0.00266486
0.00302065
0.00341818
0.00386154
0.00435514
0.00490371
0.00551229
0.00618626
0.00693136
0.00775365
0.00865958
0.00965594
0.0107499
0.0119489
0.013261
0.0146943
0.0162573
0.0179591
0.0198089
0.0218162
0.0239908
0.0263428
0.0288826
0.0316207
0.0345676
0.0377344
0.0411317
0.0447707
0.0486621
0.0528168
0.0572455
0.0619588
0.0669669
0.0722799
0.0779074
0.0838586
0.0901421
0.0967662
0.103738
0.111065
0.118753
0.126807
0.135231
0.14403
0.153204
0.162755
0.172684
0.182988
0.193666
0.204712
0.216122
0.227887
0.24
0.252448
0.265219
0.278299
0.291671
0.305317
0.319216
0.333348
0.347689
0.362215
0.3769
0.391717
0.406641
0.421643
0.436698
0.451777
0.466854
0.481902
0.496893
0.511798
0.526588
0.541227
0.555678
0.569899
0.583839
0.597442
0.610643
0.623371
0.635549
0.647098
0.657942
0.668017
0.677272
0.685686
0.693271
0.700077
0.7062
0.711768
0.716937
0.721854
0.726631
0.731293
0.735735
0.739669
0.742602
0.743828
0.742466
0.737543
0.728114
0.713423
0.69307
0.667155
0.636368
0.601992
0.565807
0.52989
0.496359
0.52331
