0.262712
0.25176
0.241666
0.232611
0.224669
0.217834
0.212046
0.207211
0.203219
0.19996
0.197328
0.195225
0.193566
0.192278
0.191298
0.190571
0.190051
0.189697
0.189474
0.189351
0.189301
0.1893
0.189327
0.189363
0.189394
0.189406
0.189388
0.189331
0.189229
0.189077
0.188872
0.188614
0.188304
0.187943
0.187535
0.187087
0.186603
0.186091
0.18556
0.185018
0.184474
0.183938
0.183419
0.182929
0.182476
0.18207
0.18172
0.181434
0.18122
0.181085
0.181034
0.181071
0.181201
0.181425
0.181743
0.182155
0.182657
0.183247
0.183918
0.184664
0.185475
0.186343
0.187255
0.188199
0.189163
0.190131
0.191089
0.192019
0.192907
0.193736
0.194489
0.195149
0.195701
0.19613
0.196421
0.196559
0.196534
0.196334
0.19595
0.195374
0.1946
0.193626
0.19245
0.191073
0.189497
0.187729
0.185776
0.183649
0.181361
0.178926
0.176362
0.173687
0.170922
0.168091
0.165216
0.162324
0.15944
0.156592
0.153807
0.151112
0.148533
0.146099
0.143833
0.141761
0.139904
0.138283
0.136917
0.13582
0.135004
0.13448
0.134253
0.134324
0.134693
0.135353
0.136295
0.137506
0.138967
0.140657
0.142552
0.144624
0.14684
0.149166
0.151566
0.154001
0.156431
0.158815
0.161113
0.163282
0.165282
0.167076
0.168624
0.169893
0.170852
0.171472
0.171728
0.171601
0.171075
0.17014
0.16879
0.167025
0.164849
0.162273
0.159312
0.155985
0.152316
0.148336
0.144077
0.139576
0.134873
0.130011
0.125036
0.119995
0.114937
0.109913
0.104974
0.10017
0.0955517
0.0911696
0.0870722
0.083306
0.0799157
0.0769429
0.0744258
0.0723987
0.0708916
0.0699289
0.0695297
0.0697066
0.0704651
0.0718035
0.0737121
0.0761725
0.0791581
0.0826328
0.0865522
0.0908626
0.0955023
0.100401
0.105483
0.110665
0.115859
0.120974
0.125918
0.130597
0.134922
0.138806
0.142167
0.144933
0.147041
0.148437
0.149082
0.14895
0.148027
0.146315
0.143832
0.140606
0.136681
0.132111
0.126963
0.12131
0.115232
0.108814
0.102144
0.0953099
0.0883975
0.0814896
0.074664
0.0679919
0.0615371
0.0553556
0.0494948
0.0439936
0.0388832
0.0341874
0.0299235
0.026104
0.0227377
0.0198311
0.0173904
0.015423
0.0139386
0.0129508
0.0124781
0.0125437
0.013176
0.0144072
0.0162718
0.0188041
0.0220345
0.0259856
0.030667
0.0360707
0.0421652
0.0488911
0.056157
0.0638375
0.0717723
0.0797684
0.0876051
0.095041
0.101824
0.107706
0.112451
0.115856
0.11776
0.118058
0.116707
0.113735
0.109235
0.103367
0.0963452
0.0884238
0.0798847
0.0710179
0.0621057
0.0534068
0.0451436
0.0374936
0.0305841
0.0244916
0.0192451
0.0148315
0.0112044
0.00829251
0.00600925
0.00426107
0.00295453
0.00200178
0.00132426
0.00085466
0.000537645
0.000329353
0.000196264
0.000113644
6.38621e-05
3.4782e-05
1.83334e-05
9.3371e-06
4.58662e-06
2.16887e-06
9.85122e-07
4.28749e-07
1.78314e-07
7.06472e-08
2.65709e-08
9.44865e-09
3.162e-09
9.90422e-10
2.88503e-10
7.75537e-11
1.90587e-11
4.23196e-12
8.36485e-13
1.44308e-13
2.11475e-14
2.53031e-15
2.32078e-16
1.45295e-17
4.66684e-19
4.48239e-26
