0.162775
0.164764
0.166702
0.168575
0.170367
0.172063
0.173648
0.17511
0.176435
0.177611
0.178626
0.17947
0.180134
0.180609
0.180889
0.180967
0.180839
0.180504
0.17996
0.179209
0.178256
0.177107
0.175769
0.174254
0.172575
0.170747
0.168787
0.166714
0.164548
0.162308
0.160015
0.157691
0.155353
0.153022
0.150712
0.148441
0.146219
0.144058
0.141966
0.139949
0.138011
0.136156
0.134384
0.132694
0.131087
0.129561
0.128112
0.126741
0.125443
0.124217
0.12306
0.121971
0.120946
0.119983
0.119079
0.118232
0.117439
0.116695
0.115997
0.115342
0.114726
0.114145
0.113594
0.113071
0.112572
0.112094
0.111635
0.111192
0.110763
0.110346
0.109941
0.109545
0.109158
0.108778
0.108404
0.108033
0.107665
0.107296
0.106924
0.106546
0.10616
0.105761
0.105349
0.104919
0.104469
0.103997
0.103502
0.102983
0.10244
0.101873
0.101284
0.100676
0.10005
0.0994103
0.0987617
0.0981087
0.0974566
0.096811
0.096178
0.0955639
0.094975
0.0944178
0.0938988
0.0934243
0.0930005
0.0926333
0.0923281
0.09209
0.0919236
0.0918325
0.09182
0.0918884
0.0920391
0.0922726
0.0925886
0.0929856
0.0934612
0.0940121
0.0946341
0.095322
0.0960699
0.0968713
0.0977189
0.0986054
0.0995226
0.100463
0.101417
0.102379
0.103339
0.10429
0.105226
0.106141
0.107027
0.107881
0.108698
0.109474
0.110208
0.110896
0.111539
0.112135
0.112685
0.113191
0.113654
0.114076
0.114462
0.114813
0.115135
0.115431
0.115706
0.115965
0.116213
0.116455
0.116697
0.116942
0.117198
0.117467
0.117755
0.118065
0.1184
0.118763
0.119155
0.119579
0.120033
0.120516
0.121027
0.121562
0.122119
0.122691
0.123274
0.123862
0.124448
0.125026
0.125588
0.126129
0.126641
0.127119
0.127558
0.127953
0.128302
0.128601
0.12885
0.129049
0.129198
0.129299
0.129355
0.12937
0.129349
0.129296
0.129216
0.129116
0.129
0.128876
0.128748
0.128622
0.128502
0.128393
0.128299
0.128224
0.128168
0.128136
0.128127
0.128141
0.128178
0.128236
0.128313
0.128406
0.12851
0.12862
0.128732
0.128838
0.128933
0.129009
0.129058
0.129075
0.129051
0.12898
0.128856
0.128672
0.128425
0.128111
0.127726
0.127268
0.126738
0.126137
0.125465
0.124726
0.123925
0.123066
0.122156
0.1212
0.120206
0.119181
0.118133
0.117069
0.115997
0.114924
0.113858
0.112803
0.111767
0.110755
0.109771
0.10882
0.107906
0.107032
0.106201
0.105414
0.104674
0.103982
0.103339
0.102745
0.102201
0.101706
0.101259
0.100859
0.100505
0.100194
0.0999239
0.0996909
0.0994916
0.0993215
0.0991759
0.0990492
0.0989356
0.0988286
0.0987216
0.0986077
0.09848
0.098332
0.0981576
0.0979515
0.0977095
0.0974288
0.0971082
0.0967481
0.0963506
0.0959199
0.0954613
0.0949816
0.0944884
0.0939895
0.093493
0.0930059
0.0925347
0.0920843
0.0916581
0.0912582
0.0908855
0.0905396
0.0902197
0.0899248
0.0896542
0.089408
0.089187
0.0889933
0.0888298
0.0887003
0.0886089
0.0885599
0.0885571
0.099283
