0.0939197
0.0937385
0.0935498
0.0933547
0.0931553
0.0929542
0.0927547
0.0925601
0.0923739
0.0921993
0.0920393
0.0918963
0.0917724
0.0916687
0.091586
0.0915245
0.0914837
0.091463
0.0914615
0.091478
0.0915114
0.0915609
0.0916256
0.0917049
0.0917985
0.091906
0.0920274
0.0921627
0.0923119
0.0924751
0.0926521
0.0928429
0.093047
0.0932644
0.0934944
0.0937369
0.0939914
0.0942578
0.094536
0.0948261
0.0951285
0.0954437
0.0957726
0.0961161
0.0964756
0.0968522
0.0972476
0.0976632
0.0981005
0.0985609
0.0990458
0.0995561
0.100093
0.100656
0.101246
0.101863
0.102506
0.103174
0.103864
0.104576
0.105307
0.106053
0.106811
0.107579
0.108351
0.109124
0.109894
0.110656
0.111406
0.112141
0.112856
0.113549
0.114215
0.114853
0.11546
0.116034
0.116575
0.117081
0.117552
0.117988
0.118391
0.118762
0.119101
0.119411
0.119694
0.119953
0.12019
0.120408
0.120609
0.120796
0.120973
0.121141
0.121302
0.12146
0.121616
0.121771
0.121927
0.122085
0.122245
0.122408
0.122573
0.122739
0.122905
0.123071
0.123234
0.123392
0.123543
0.123685
0.123815
0.12393
0.124029
0.124109
0.124167
0.124202
0.124212
0.124197
0.124156
0.124088
0.123994
0.123874
0.12373
0.123564
0.123378
0.123173
0.122954
0.122723
0.122483
0.122238
0.121991
0.121746
0.121505
0.121272
0.12105
0.120841
0.120647
0.12047
0.120312
0.120172
0.120052
0.119951
0.119868
0.119803
0.119753
0.119717
0.119693
0.119677
0.119667
0.11966
0.119652
0.119641
0.119622
0.119593
0.119551
0.119493
0.119417
0.119321
0.119203
0.119063
0.118899
0.118712
0.118502
0.11827
0.118017
0.117746
0.117458
0.117157
0.116846
0.116527
0.116206
0.115885
0.115568
0.115259
0.114963
0.114683
0.114423
0.114185
0.113973
0.11379
0.113637
0.113517
0.11343
0.113377
0.113358
0.113373
0.11342
0.113498
0.113603
0.113735
0.113888
0.114061
0.114247
0.114445
0.114649
0.114854
0.115058
0.115255
0.115443
0.115617
0.115775
0.115915
0.116035
0.116133
0.11621
0.116266
0.116301
0.116317
0.116317
0.116303
0.116279
0.116247
0.116213
0.116179
0.116151
0.116132
0.116127
0.11614
0.116175
0.116236
0.116327
0.11645
0.116609
0.116806
0.117042
0.117321
0.117642
0.118007
0.118414
0.118865
0.119357
0.119889
0.120458
0.121063
0.1217
0.122364
0.123053
0.123762
0.124487
0.125223
0.125966
0.126712
0.127456
0.128196
0.128929
0.129651
0.130361
0.131057
0.131738
0.132405
0.133056
0.133693
0.134317
0.134929
0.13553
0.136122
0.136706
0.137285
0.13786
0.138432
0.139004
0.139576
0.14015
0.140728
0.141309
0.141895
0.142486
0.143081
0.143681
0.144284
0.144889
0.145493
0.146094
0.146688
0.147271
0.147839
0.148386
0.148907
0.149395
0.149846
0.150253
0.150609
0.150911
0.151152
0.151329
0.151437
0.151475
0.15144
0.151331
0.151149
0.150894
0.150569
0.150176
0.149718
0.1492
0.148626
0.148
0.147327
0.146613
0.145863
0.145081
0.158744
