0.3105
0.299204
0.288274
0.278012
0.268605
0.260138
0.252622
0.246014
0.240238
0.235201
0.230808
0.226966
0.22359
0.220607
0.217952
0.215572
0.21342
0.211457
0.209651
0.207973
0.206399
0.204908
0.203483
0.202109
0.200774
0.199469
0.198185
0.196918
0.195664
0.194421
0.19319
0.191972
0.19077
0.189589
0.188434
0.18731
0.186226
0.185188
0.184203
0.183281
0.182429
0.181654
0.180964
0.180366
0.179866
0.179469
0.179181
0.179004
0.17894
0.178991
0.179157
0.179435
0.179822
0.180314
0.180904
0.181584
0.182346
0.18318
0.184073
0.185012
0.185984
0.186973
0.187964
0.18894
0.189884
0.19078
0.19161
0.192356
0.193003
0.193534
0.193933
0.194186
0.19428
0.194202
0.193943
0.193493
0.192846
0.191996
0.190942
0.189682
0.188218
0.186555
0.184699
0.182658
0.180444
0.178071
0.175553
0.172909
0.170159
0.167324
0.164427
0.161492
0.158545
0.155613
0.152723
0.149901
0.147176
0.144574
0.142122
0.139845
0.137767
0.13591
0.134295
0.132939
0.131857
0.131062
0.130562
0.130364
0.13047
0.130877
0.13158
0.13257
0.133833
0.135351
0.137105
0.139068
0.141213
0.143509
0.145921
0.148415
0.15095
0.153487
0.155987
0.158406
0.160705
0.162843
0.164781
0.166481
0.167909
0.169031
0.16982
0.17025
0.1703
0.169953
0.169198
0.168028
0.166441
0.16444
0.162033
0.159234
0.15606
0.152535
0.148686
0.144543
0.140142
0.13552
0.13072
0.125783
0.120757
0.115689
0.110626
0.105619
0.100716
0.0959677
0.0914223
0.0871277
0.0831305
0.0794749
0.0762033
0.0733548
0.0709654
0.0690673
0.0676881
0.0668506
0.0665721
0.0668638
0.0677302
0.0691687
0.0711691
0.0737131
0.0767742
0.080317
0.0842978
0.0886645
0.0933565
0.0983059
0.103438
0.108671
0.11392
0.119096
0.124108
0.128865
0.133277
0.13726
0.140734
0.143624
0.145868
0.147413
0.148217
0.148253
0.147505
0.145975
0.143674
0.140632
0.136887
0.132492
0.127511
0.122012
0.116076
0.109785
0.103225
0.0964815
0.0896409
0.0827852
0.0759919
0.0693327
0.062872
0.0566663
0.050764
0.0452049
0.0400208
0.0352357
0.0308672
0.0269269
0.0234223
0.020358
0.0177372
0.0155633
0.0138418
0.0125809
0.0117935
0.0114973
0.0117156
0.0124767
0.0138128
0.0157589
0.0183495
0.0216154
0.02558
0.030254
0.0356306
0.0416804
0.0483467
0.0555417
0.0631442
0.0709991
0.0789194
0.0866906
0.0940777
0.100835
0.106719
0.111499
0.114974
0.116983
0.117418
0.116234
0.113451
0.109154
0.103494
0.0966742
0.08894
0.080564
0.0718297
0.0630145
0.0543749
0.0461336
0.0384707
0.0315181
0.0253584
0.0200273
0.0155186
0.0117922
0.00878259
0.00640748
0.00457646
0.00319796
0.00218485
0.00145835
0.000950288
0.000604
0.000374126
0.00022562
0.00013233
7.53992e-05
4.16836e-05
2.2329e-05
1.15727e-05
5.79371e-06
2.7968e-06
1.29924e-06
5.79538e-07
2.47615e-07
1.01059e-07
3.92757e-08
1.44839e-08
5.04778e-09
1.65474e-09
5.07453e-10
1.4464e-10
3.80224e-11
9.13153e-12
1.98014e-12
3.81926e-13
6.42399e-14
9.16976e-15
1.06756e-15
9.5159e-17
5.78169e-18
1.79927e-19
6.6944e-27
