0.139225
0.13953
0.1397
0.139746
0.139681
0.139522
0.139284
0.138984
0.138633
0.138246
0.13783
0.137393
0.13694
0.136476
0.136
0.135517
0.135026
0.134529
0.13403
0.133532
0.133042
0.132568
0.132119
0.131708
0.131348
0.131052
0.130836
0.130713
0.130695
0.130795
0.131019
0.131376
0.131867
0.132496
0.133259
0.134156
0.135181
0.13633
0.137599
0.138981
0.140472
0.142068
0.143762
0.145551
0.147429
0.14939
0.151426
0.153527
0.155683
0.15788
0.160103
0.162334
0.164555
0.166744
0.168881
0.170944
0.172911
0.174759
0.176469
0.178021
0.179398
0.180583
0.181564
0.182328
0.182867
0.183174
0.183246
0.183081
0.182679
0.182044
0.18118
0.180096
0.1788
0.177303
0.175617
0.173756
0.171735
0.169569
0.167274
0.164868
0.162368
0.15979
0.157153
0.154473
0.151767
0.149051
0.146339
0.143647
0.140987
0.138371
0.135811
0.133317
0.130896
0.128557
0.126305
0.124145
0.122081
0.120117
0.118254
0.116493
0.114835
0.11328
0.111829
0.110479
0.109231
0.108084
0.107036
0.106088
0.105238
0.104485
0.103829
0.103268
0.102802
0.102429
0.102147
0.101954
0.101848
0.101824
0.101879
0.102008
0.102205
0.102464
0.102779
0.103142
0.103546
0.103984
0.104447
0.10493
0.105425
0.105926
0.106429
0.10693
0.107426
0.107916
0.1084
0.108879
0.109356
0.109833
0.110316
0.11081
0.111319
0.111851
0.112409
0.112999
0.113626
0.114294
0.115004
0.115758
0.116557
0.117397
0.118278
0.119194
0.12014
0.121108
0.122092
0.123082
0.124069
0.125043
0.125993
0.126909
0.127781
0.128599
0.129352
0.130033
0.130631
0.131141
0.131554
0.131866
0.132072
0.132168
0.132152
0.132021
0.131777
0.13142
0.130951
0.130374
0.129692
0.128912
0.128037
0.127076
0.126034
0.124921
0.123743
0.12251
0.121231
0.119913
0.118566
0.117197
0.115814
0.114425
0.113037
0.111655
0.110285
0.108933
0.107604
0.1063
0.105027
0.103789
0.102589
0.101431
0.10032
0.0992585
0.0982524
0.0973056
0.0964228
0.0956084
0.0948667
0.0942012
0.0936151
0.0931104
0.0926884
0.0923487
0.0920901
0.0919097
0.0918032
0.0917653
0.0917894
0.091868
0.0919928
0.0921554
0.092347
0.092559
0.0927831
0.0930119
0.0932384
0.0934567
0.0936619
0.0938497
0.094017
0.0941613
0.0942807
0.0943741
0.0944404
0.0944793
0.0944902
0.0944733
0.0944287
0.0943568
0.0942587
0.0941359
0.0939906
0.0938258
0.0936453
0.093454
0.0932576
0.0930624
0.0928756
0.0927047
0.0925571
0.0924401
0.0923603
0.0923232
0.0923332
0.0923927
0.0925024
0.092661
0.0928649
0.0931087
0.0933849
0.0936844
0.0939968
0.0943105
0.0946134
0.0948933
0.0951382
0.0953368
0.0954786
0.0955548
0.0955578
0.0954822
0.0953243
0.0950823
0.0947563
0.0943484
0.0938622
0.0933028
0.0926766
0.091991
0.091254
0.0904743
0.0896607
0.0888221
0.0879676
0.0871057
0.0862449
0.0853934
0.0845593
0.0837504
0.0829745
0.0822395
0.0815532
0.0809237
0.0803591
0.0798672
0.0794561
0.079133
0.0789045
0.0787764
0.0787528
0.0868714
