3.00483e-06
2.65547e-06
2.56579e-06
2.66166e-06
2.90676e-06
3.2866e-06
3.79997e-06
4.45462e-06
5.26506e-06
6.25167e-06
7.44037e-06
8.86279e-06
1.05566e-05
1.25664e-05
1.49439e-05
1.77494e-05
2.10527e-05
2.49341e-05
2.94859e-05
3.4814e-05
4.10394e-05
4.83002e-05
5.67536e-05
6.65783e-05
7.79767e-05
9.11776e-05
0.00010644
0.000124054
0.000144347
0.000167686
0.000194481
0.000225191
0.000260326
0.000300454
0.000346203
0.000398271
0.000457425
0.000524515
0.000600469
0.000686309
0.00078315
0.000892211
0.00101482
0.00115241
0.00130654
0.00147891
0.00167131
0.0018857
0.00212418
0.00238897
0.00268245
0.00300715
0.00336575
0.00376107
0.00419611
0.00467398
0.00519795
0.00577144
0.00639799
0.00708126
0.00782503
0.00863318
0.00950968
0.0104586
0.0114839
0.0125898
0.0137805
0.0150599
0.0164323
0.0179015
0.0194715
0.021146
0.0229286
0.0248227
0.0268314
0.0289577
0.0312041
0.0335728
0.0360657
0.0386842
0.0414294
0.0443016
0.0473011
0.0504272
0.0536789
0.0570547
0.0605524
0.0641691
0.0679016
0.0717459
0.0756975
0.0797514
0.0839019
0.088143
0.0924681
0.09687
0.101341
0.105875
0.110461
0.115093
0.119762
0.124458
0.129175
0.133901
0.13863
0.143353
0.148061
0.152747
0.157402
0.16202
0.166594
0.171117
0.175583
0.179987
0.184324
0.18859
0.192781
0.196893
0.200923
0.204869
0.208729
0.212501
0.216184
0.219775
0.223274
0.226679
0.22999
0.233204
0.23632
0.239337
0.242252
0.245062
0.247764
0.250356
0.252834
0.255192
0.257428
0.259535
0.261508
0.263342
0.265032
0.266572
0.267955
0.269178
0.270236
0.271124
0.271839
0.272379
0.272743
0.27293
0.272942
0.272783
0.272456
0.271968
0.271328
0.270545
0.269631
0.268598
0.267463
0.26624
0.264947
0.263602
0.262223
0.260831
0.259442
0.258075
0.256748
0.255476
0.254273
0.253151
0.25212
0.251184
0.250348
0.249611
0.248969
0.248414
0.247934
0.247513
0.247134
0.246774
0.246408
0.246008
0.245545
0.244989
0.244308
0.243473
0.242453
0.241221
0.239752
0.238024
0.236022
0.233734
0.231155
0.228286
0.225136
0.22172
0.218063
0.214194
0.210153
0.205985
0.201742
0.197481
0.193262
0.189151
0.185213
0.181513
0.178115
0.175078
0.172455
0.170291
0.16862
0.167467
0.166841
0.166737
0.167135
0.168
0.169278
0.170903
0.172793
0.174854
0.176982
0.179064
0.180984
0.182623
0.183866
0.184604
0.184736
0.184177
0.182855
0.180719
0.177737
0.173902
0.169227
0.163748
0.157526
0.15064
0.143189
0.13529
0.127073
0.118682
0.11027
0.101996
0.0940253
0.0865266
0.0796677
0.0736142
0.0685262
0.0645542
0.0618338
0.0604796
0.0605773
0.0621751
0.0652742
0.0698193
0.0756903
0.0826967
0.0905745
0.09899
0.107548
0.115809
0.123308
0.129586
0.13422
0.136856
0.137237
0.135229
0.130836
0.124201
0.115601
0.105422
0.094128
0.0822256
0.0702192
0.0585743
0.0476845
0.0378489
0.0292609
0.0220087
0.0160857
0.0114087
0.00784024
0.00521187
0.00334512
0.00206851
0.00122935
0.000700241
0.000381032
0.000197313
9.67937e-05
4.4735e-05
1.93472e-05
7.76395e-06
2.85963e-06
9.52867e-07
2.81574e-07
7.1672e-08
1.501e-08
2.3873e-09
2.49246e-10
2.5193e-11
