0.0843232
0.0839393
0.0836398
0.0834238
0.0832893
0.0832334
0.0832522
0.0833413
0.0834953
0.0837086
0.0839755
0.0842901
0.0846468
0.0850402
0.0854655
0.0859181
0.0863942
0.0868899
0.0874022
0.0879277
0.0884637
0.0890072
0.0895553
0.0901052
0.0906538
0.0911985
0.0917363
0.0922647
0.0927813
0.0932842
0.0937717
0.0942425
0.0946962
0.0951324
0.0955516
0.0959547
0.0963429
0.096718
0.0970821
0.0974375
0.0977869
0.0981331
0.0984789
0.0988273
0.099181
0.0995428
0.0999154
0.100301
0.100702
0.101119
0.101555
0.10201
0.102485
0.10298
0.103494
0.104028
0.10458
0.10515
0.105735
0.106334
0.106944
0.107565
0.108194
0.108828
0.109467
0.110107
0.110747
0.111385
0.112019
0.112649
0.113272
0.113887
0.114493
0.11509
0.115677
0.116252
0.116816
0.117369
0.117909
0.118437
0.118954
0.119459
0.119953
0.120437
0.120911
0.121377
0.121836
0.122288
0.122735
0.123178
0.123619
0.124059
0.124497
0.124937
0.125377
0.125818
0.12626
0.126702
0.127144
0.127585
0.128022
0.128455
0.128879
0.129294
0.129696
0.130082
0.130449
0.130794
0.131113
0.131404
0.131663
0.131888
0.132077
0.132226
0.132334
0.1324
0.132421
0.132398
0.132329
0.132215
0.132056
0.131853
0.131607
0.131319
0.130991
0.130626
0.130226
0.129795
0.129335
0.12885
0.128344
0.127821
0.127284
0.126738
0.126186
0.125633
0.125083
0.124538
0.124003
0.12348
0.122972
0.122482
0.122011
0.121561
0.121133
0.120728
0.120346
0.119987
0.119649
0.119334
0.119039
0.118763
0.118504
0.118262
0.118033
0.117818
0.117614
0.117419
0.117233
0.117054
0.116881
0.116714
0.116553
0.116396
0.116245
0.116099
0.115959
0.115826
0.1157
0.115583
0.115474
0.115376
0.11529
0.115215
0.115152
0.115104
0.115069
0.115048
0.115041
0.115048
0.115069
0.115102
0.115148
0.115204
0.115271
0.115345
0.115427
0.115514
0.115605
0.115697
0.115789
0.11588
0.115967
0.116048
0.116122
0.116188
0.116244
0.116289
0.116322
0.116342
0.11635
0.116344
0.116325
0.116293
0.116251
0.116198
0.116138
0.116072
0.116003
0.115934
0.115868
0.115809
0.115761
0.115727
0.115712
0.11572
0.115753
0.115817
0.115913
0.116045
0.116215
0.116425
0.116676
0.116969
0.117305
0.117682
0.118101
0.118559
0.119055
0.119588
0.120154
0.120752
0.121377
0.122029
0.122702
0.123396
0.124105
0.124827
0.125558
0.126296
0.127038
0.12778
0.12852
0.129255
0.129982
0.1307
0.131407
0.132101
0.132782
0.133447
0.134099
0.134735
0.135357
0.135965
0.136559
0.137141
0.13771
0.138268
0.138814
0.139347
0.139868
0.140375
0.140867
0.14134
0.141793
0.142223
0.142627
0.143
0.143341
0.143645
0.143909
0.144132
0.14431
0.144442
0.144524
0.144557
0.144539
0.144469
0.144346
0.14417
0.143941
0.143658
0.143321
0.142931
0.142488
0.141992
0.141446
0.140849
0.140204
0.139514
0.138782
0.138011
0.137207
0.136372
0.135515
0.134639
0.133752
0.132859
0.131967
0.144778
