0.464832
0.46401
0.460664
0.455034
0.447479
0.438415
0.428267
0.41743
0.406238
0.394959
0.383788
0.372857
0.362248
0.352001
0.342135
0.332649
0.323537
0.314792
0.306406
0.298378
0.290706
0.283391
0.276439
0.269853
0.263636
0.25779
0.252317
0.247215
0.242479
0.238105
0.234082
0.2304
0.227048
0.224009
0.221267
0.218804
0.216602
0.214638
0.212892
0.21134
0.209959
0.208725
0.207615
0.206602
0.205664
0.204775
0.203911
0.20305
0.202169
0.201247
0.200263
0.199198
0.198036
0.196761
0.195358
0.193817
0.192128
0.190284
0.188279
0.186111
0.18378
0.181287
0.178637
0.175837
0.172896
0.169824
0.166636
0.163347
0.159974
0.156536
0.153053
0.149548
0.146043
0.142563
0.139132
0.135774
0.132517
0.129384
0.1264
0.123591
0.12098
0.118588
0.116438
0.114547
0.112934
0.111614
0.110598
0.109898
0.10952
0.109468
0.109742
0.110341
0.111259
0.112485
0.114006
0.115807
0.117868
0.120164
0.122671
0.125358
0.128195
0.131146
0.134175
0.137245
0.140317
0.143351
0.146307
0.149144
0.151823
0.154307
0.156559
0.158544
0.160231
0.16159
0.162597
0.163229
0.163469
0.163303
0.162722
0.161722
0.160302
0.158467
0.156227
0.153594
0.150586
0.147224
0.143534
0.139544
0.135285
0.130792
0.126101
0.12125
0.116278
0.111225
0.106135
0.101047
0.0960032
0.0910456
0.0862146
0.0815502
0.0770915
0.0728761
0.0689403
0.0653188
0.0620445
0.0591482
0.0566585
0.0546017
0.0530011
0.0518773
0.0512474
0.0511248
0.0515188
0.0524344
0.0538715
0.0558247
0.0582827
0.0612283
0.0646377
0.0684802
0.0727184
0.0773081
0.0821981
0.0873306
0.092642
0.098063
0.10352
0.108935
0.11423
0.119321
0.12413
0.128578
0.132589
0.136093
0.139027
0.141335
0.142972
0.143903
0.144102
0.143558
0.142272
0.140256
0.137535
0.134145
0.130133
0.125554
0.120474
0.114961
0.10909
0.102941
0.0965907
0.0901182
0.0835994
0.0771063
0.0707061
0.0644598
0.0584213
0.0526371
0.0471457
0.0419779
0.0371566
0.0326976
0.02861
0.024897
0.0215571
0.018585
0.0159728
0.0137113
0.0117913
0.0102047
0.00894577
0.00801254
0.0074074
0.00713809
0.00721827
0.00766766
0.00851189
0.00978183
0.0115123
0.0137404
0.0165028
0.0198329
0.023757
0.0282904
0.0334329
0.0391647
0.0454424
0.0521956
0.0593253
0.0667028
0.0741714
0.0815493
0.0886355
0.0952173
0.101079
0.106015
0.109836
0.112387
0.11355
0.11326
0.111504
0.108327
0.103827
0.0981563
0.091506
0.0841001
0.0761809
0.0679953
0.0597823
0.0517604
0.0441186
0.0370087
0.030542
0.0247884
0.0197788
0.0155088
0.0119457
0.00903463
0.00670626
0.00488331
0.00348653
0.00243942
0.00167167
0.0011213
0.000735751
0.00047193
0.0002957
0.000180849
0.000107873
6.26981e-05
3.54756e-05
1.95204e-05
1.0434e-05
5.41123e-06
2.71927e-06
1.32221e-06
6.21114e-07
2.81397e-07
1.22725e-07
5.14179e-08
2.06473e-08
7.92634e-09
2.90065e-09
1.00863e-09
3.32035e-10
1.03048e-10
3.00051e-11
8.15085e-12
2.05201e-12
4.74972e-13
1.00108e-13
1.89834e-14
3.18958e-15
4.65389e-16
5.73633e-17
5.73765e-18
4.36919e-19
2.25342e-20
5.90929e-22
4.19996e-29
