0.101086
0.101397
0.101776
0.102182
0.10258
0.102936
0.103228
0.103437
0.103558
0.103592
0.103548
0.103438
0.103278
0.103082
0.102864
0.102634
0.1024
0.102165
0.10193
0.101694
0.101454
0.101208
0.100956
0.100697
0.100434
0.100173
0.0999181
0.0996791
0.0994645
0.0992835
0.099145
0.0990566
0.0990244
0.0990525
0.0991426
0.0992939
0.0995032
0.0997646
0.10007
0.10041
0.100773
0.101146
0.101515
0.101867
0.102189
0.102468
0.102691
0.102851
0.102938
0.102947
0.102876
0.102724
0.102495
0.102194
0.10183
0.101414
0.10096
0.100484
0.100004
0.0995393
0.0991098
0.0987368
0.0984415
0.0982454
0.0981691
0.0982329
0.0984558
0.0988555
0.0994484
0.100249
0.101269
0.10252
0.10401
0.105744
0.107725
0.109953
0.112426
0.115136
0.118074
0.121226
0.124576
0.128102
0.13178
0.13558
0.13947
0.143414
0.147372
0.151304
0.155164
0.158909
0.162491
0.165867
0.168992
0.171826
0.174331
0.176475
0.17823
0.179576
0.180498
0.180993
0.18106
0.180711
0.179963
0.17884
0.177376
0.175606
0.173575
0.171327
0.16891
0.166376
0.163772
0.161146
0.158544
0.156007
0.153572
0.151272
0.149131
0.147171
0.145405
0.143842
0.142485
0.141331
0.140372
0.139597
0.13899
0.138534
0.138208
0.137991
0.137859
0.13779
0.137761
0.13775
0.137735
0.137699
0.137622
0.137491
0.137291
0.137012
0.136646
0.136188
0.135634
0.134985
0.134242
0.133409
0.132492
0.1315
0.130442
0.129328
0.128169
0.126979
0.125768
0.124548
0.123331
0.122128
0.120948
0.119799
0.11869
0.117626
0.116611
0.115649
0.114743
0.113892
0.113097
0.112357
0.11167
0.111034
0.110446
0.109904
0.109405
0.108947
0.108528
0.108145
0.107797
0.107482
0.107201
0.106953
0.106737
0.106554
0.106404
0.106288
0.106207
0.106159
0.106147
0.10617
0.106227
0.106319
0.106445
0.106603
0.106792
0.107011
0.107258
0.10753
0.107824
0.10814
0.108474
0.108823
0.109185
0.109556
0.109935
0.110319
0.110704
0.111088
0.111467
0.111839
0.1122
0.112548
0.112878
0.113188
0.113473
0.113732
0.113961
0.114159
0.114322
0.11445
0.114542
0.114599
0.114621
0.11461
0.114567
0.114496
0.114399
0.114279
0.114137
0.113977
0.1138
0.113606
0.113398
0.113174
0.112935
0.112681
0.112413
0.112131
0.111838
0.111538
0.111234
0.110934
0.110644
0.110374
0.110133
0.10993
0.109775
0.109675
0.109637
0.109666
0.109763
0.109927
0.110153
0.110436
0.110766
0.111132
0.11152
0.111919
0.112315
0.112697
0.113053
0.113376
0.11366
0.113903
0.114103
0.114264
0.11439
0.114485
0.114557
0.114612
0.114656
0.114692
0.114724
0.114753
0.114776
0.11479
0.114791
0.114772
0.114728
0.114654
0.114547
0.114406
0.114234
0.114034
0.113815
0.113588
0.113366
0.113162
0.112992
0.112868
0.112802
0.112802
0.112875
0.113021
0.113238
0.11352
0.113855
0.114229
0.114628
0.115033
0.115424
0.115784
0.116094
0.116336
0.116496
0.128659
