0.128425
0.127084
0.125578
0.1239
0.122048
0.120022
0.117824
0.115465
0.112955
0.110311
0.107553
0.104703
0.101786
0.0988279
0.095854
0.09289
0.0899598
0.0870851
0.0842849
0.0815754
0.0789694
0.0764766
0.0741035
0.071854
0.0697294
0.0677292
0.0658514
0.064093
0.0624507
0.0609214
0.0595025
0.0581924
0.0569906
0.0558983
0.0549176
0.0540521
0.0533062
0.0526848
0.0521926
0.0518335
0.05161
0.0515219
0.0515664
0.0517368
0.0520225
0.0524088
0.0528766
0.0534034
0.0539635
0.0545291
0.0550715
0.0555626
0.055976
0.0562888
0.0564826
0.0565451
0.0564703
0.0562597
0.0559219
0.0554726
0.0549341
0.0543338
0.0537033
0.0530768
0.0524893
0.0519751
0.0515662
0.0512907
0.0511719
0.051227
0.0514669
0.0518962
0.0525127
0.0533084
0.0542703
0.0553811
0.0566201
0.0579647
0.0593913
0.0608759
0.0623953
0.0639276
0.0654522
0.0669506
0.0684058
0.0698025
0.071127
0.0723666
0.0735098
0.0745459
0.075465
0.0762583
0.0769177
0.077437
0.0778113
0.0780379
0.0781169
0.0780508
0.0778456
0.0775104
0.0770575
0.0765028
0.0758648
0.0751648
0.0744262
0.0736743
0.0729353
0.0722361
0.0716034
0.0710636
0.0706423
0.0703636
0.0702499
0.070322
0.0705984
0.0710954
0.0718271
0.0728048
0.0740375
0.0755309
0.0772881
0.0793088
0.0815894
0.0841225
0.0868969
0.0898973
0.0931044
0.0964945
0.10004
0.103709
0.107466
0.111272
0.115086
0.118865
0.122565
0.126141
0.129549
0.132749
0.135702
0.138374
0.140735
0.142764
0.144442
0.145762
0.14672
0.147322
0.147582
0.147518
0.147156
0.146528
0.145668
0.144616
0.143412
0.142098
0.140716
0.139306
0.137906
0.136551
0.135273
0.134097
0.133046
0.132138
0.131384
0.130791
0.130365
0.130102
0.130001
0.130052
0.130246
0.130572
0.131016
0.131565
0.132204
0.132917
0.133691
0.134511
0.135363
0.136234
0.137112
0.137986
0.138844
0.139677
0.140475
0.141231
0.141937
0.142587
0.143176
0.143698
0.144151
0.144532
0.14484
0.145075
0.145236
0.145328
0.145351
0.145312
0.145216
0.145067
0.144875
0.144647
0.144391
0.144116
0.143832
0.143548
0.143273
0.143016
0.142785
0.142587
0.142431
0.14232
0.142261
0.142255
0.142307
0.142416
0.142583
0.142806
0.143084
0.143412
0.143787
0.144205
0.144659
0.145146
0.145659
0.146193
0.146743
0.147304
0.147872
0.148444
0.149016
0.149586
0.150152
0.150715
0.151274
0.151829
0.152382
0.152935
0.15349
0.15405
0.154618
0.155198
0.155794
0.15641
0.15705
0.157717
0.158415
0.159147
0.159916
0.160722
0.161565
0.162445
0.163357
0.164296
0.165256
0.166226
0.167198
0.16816
0.169101
0.170012
0.170884
0.171712
0.172495
0.173236
0.173941
0.174624
0.1753
0.175985
0.1767
0.177459
0.178277
0.179159
0.180107
0.18111
0.182154
0.183213
0.184259
0.185261
0.186189
0.18702
0.187738
0.188337
0.188824
0.189221
0.189556
0.189869
0.190202
0.190597
0.19109
0.191709
0.192466
0.193361
0.194379
0.195491
0.196657
0.197828
0.198952
0.199976
0.200848
0.201523
0.201963
0.225924
