0.171415
0.169956
0.168349
0.16661
0.164757
0.162808
0.160782
0.158695
0.156567
0.154413
0.152251
0.150096
0.147962
0.145861
0.143806
0.141806
0.139869
0.138001
0.136206
0.134487
0.132844
0.131279
0.129788
0.128369
0.127019
0.125733
0.124508
0.123338
0.122219
0.121146
0.120116
0.119124
0.118167
0.117242
0.116348
0.115481
0.114642
0.113829
0.113041
0.112278
0.11154
0.110828
0.110142
0.109483
0.108851
0.108247
0.107673
0.10713
0.106618
0.10614
0.105696
0.10529
0.104921
0.104592
0.104305
0.10406
0.10386
0.103703
0.103592
0.103525
0.103502
0.103521
0.103581
0.103679
0.103811
0.103975
0.104166
0.10438
0.104613
0.104861
0.10512
0.105385
0.105655
0.105926
0.106195
0.106461
0.106724
0.106982
0.107236
0.107485
0.107732
0.107976
0.10822
0.108466
0.108714
0.108966
0.109224
0.10949
0.109764
0.110049
0.110345
0.110653
0.110974
0.111309
0.111657
0.112019
0.112394
0.112782
0.113183
0.113594
0.114015
0.114443
0.114877
0.115314
0.11575
0.116184
0.11661
0.117027
0.11743
0.117816
0.118181
0.118521
0.118835
0.119119
0.11937
0.119587
0.119768
0.119914
0.120022
0.120096
0.120134
0.120139
0.120114
0.12006
0.119982
0.119882
0.119766
0.119636
0.119497
0.119354
0.11921
0.11907
0.118937
0.118815
0.118707
0.118615
0.11854
0.118484
0.118447
0.118427
0.118425
0.118437
0.11846
0.118492
0.118527
0.118561
0.11859
0.118607
0.118607
0.118585
0.118535
0.118452
0.118332
0.11817
0.117963
0.117708
0.117404
0.117049
0.116643
0.116187
0.115684
0.115136
0.114547
0.113922
0.113266
0.112587
0.111891
0.111187
0.110481
0.109784
0.109102
0.108447
0.107825
0.107245
0.106716
0.106245
0.105839
0.105503
0.105244
0.105065
0.104968
0.104957
0.105032
0.105191
0.105435
0.105759
0.106161
0.106635
0.107175
0.107776
0.10843
0.10913
0.109868
0.110636
0.111427
0.112233
0.113046
0.11386
0.114668
0.115466
0.116247
0.117009
0.117747
0.11846
0.119147
0.119807
0.120439
0.121047
0.12163
0.122192
0.122735
0.123264
0.123781
0.12429
0.124795
0.1253
0.125808
0.126324
0.126848
0.127385
0.127936
0.128501
0.129081
0.129676
0.130284
0.130903
0.131529
0.132158
0.132786
0.133407
0.134015
0.134601
0.13516
0.135682
0.13616
0.136585
0.136949
0.137244
0.137462
0.137598
0.137644
0.137597
0.137452
0.137208
0.136864
0.13642
0.135879
0.135245
0.134523
0.133719
0.132842
0.131898
0.130898
0.12985
0.128764
0.127649
0.126514
0.125369
0.12422
0.123077
0.121945
0.120831
0.119741
0.118681
0.117656
0.11667
0.115728
0.114834
0.11399
0.113201
0.112469
0.111794
0.111178
0.110621
0.110121
0.109677
0.109285
0.108941
0.108641
0.108379
0.108149
0.107945
0.107761
0.107592
0.107433
0.107279
0.107128
0.106977
0.106825
0.106674
0.106523
0.106375
0.106233
0.106098
0.105973
0.10586
0.105758
0.105669
0.105589
0.11755
