0.160273
0.158555
0.156748
0.154868
0.152932
0.150953
0.148948
0.146931
0.144916
0.142916
0.140943
0.139007
0.137118
0.135284
0.133512
0.131808
0.130177
0.128621
0.127144
0.125744
0.124423
0.123179
0.122008
0.120908
0.119874
0.118901
0.117984
0.117116
0.116294
0.11551
0.114761
0.11404
0.113343
0.112668
0.11201
0.111368
0.110739
0.110124
0.109521
0.108932
0.108356
0.107796
0.107252
0.106727
0.106223
0.105741
0.105284
0.104855
0.104454
0.104084
0.103747
0.103444
0.103177
0.102948
0.102758
0.102608
0.102499
0.102433
0.10241
0.10243
0.102494
0.102602
0.102753
0.102946
0.103181
0.103454
0.103764
0.104107
0.104481
0.104882
0.105306
0.105749
0.106208
0.106677
0.107154
0.107635
0.108118
0.108599
0.109077
0.10955
0.110018
0.110479
0.110935
0.111385
0.111831
0.112273
0.112713
0.113151
0.11359
0.114029
0.11447
0.114913
0.115359
0.115808
0.11626
0.116713
0.117167
0.117621
0.118073
0.118522
0.118965
0.119401
0.119826
0.120239
0.120636
0.121014
0.121371
0.121703
0.122007
0.122281
0.122521
0.122724
0.122889
0.123013
0.123095
0.123133
0.123126
0.123076
0.122982
0.122846
0.12267
0.122457
0.122209
0.121931
0.121628
0.121303
0.120963
0.120612
0.120257
0.119902
0.119553
0.119214
0.118892
0.11859
0.118311
0.118059
0.117837
0.117646
0.117487
0.11736
0.117265
0.1172
0.117164
0.117153
0.117165
0.117195
0.117239
0.117292
0.11735
0.117407
0.117458
0.117498
0.117521
0.117524
0.117501
0.11745
0.117366
0.117247
0.117091
0.116897
0.116665
0.116396
0.11609
0.115751
0.115381
0.114984
0.114566
0.11413
0.113684
0.113232
0.112782
0.11234
0.111911
0.111504
0.111123
0.110775
0.110465
0.110196
0.109974
0.109802
0.109681
0.109614
0.109602
0.109644
0.109741
0.109891
0.110092
0.110342
0.110638
0.110977
0.111356
0.11177
0.112216
0.112689
0.113186
0.113703
0.114235
0.11478
0.115332
0.11589
0.11645
0.117008
0.117564
0.118116
0.11866
0.119198
0.119728
0.120251
0.120767
0.121277
0.121783
0.122286
0.12279
0.123296
0.123809
0.12433
0.124863
0.125411
0.125977
0.126564
0.127172
0.127805
0.128462
0.129143
0.129848
0.130574
0.131318
0.132077
0.132846
0.133618
0.134387
0.135145
0.135884
0.136595
0.13727
0.1379
0.138475
0.138988
0.13943
0.139795
0.140076
0.140268
0.140367
0.14037
0.140276
0.140084
0.139795
0.139411
0.138933
0.138365
0.137712
0.136977
0.136165
0.135282
0.134334
0.133326
0.132265
0.131157
0.130009
0.128829
0.127623
0.126399
0.125166
0.12393
0.1227
0.121483
0.120285
0.119114
0.117974
0.116871
0.115807
0.114787
0.11381
0.112878
0.111989
0.111144
0.110339
0.109573
0.108842
0.108145
0.107479
0.106843
0.106235
0.105655
0.105103
0.10458
0.104087
0.103625
0.103197
0.102803
0.102445
0.102123
0.101837
0.101585
0.101365
0.101176
0.101013
0.100875
0.100759
0.112172
