0
2.27777e-56
3.54335e-54
2.7462e-52
1.41383e-50
5.4395e-49
1.66817e-47
4.24783e-46
9.23779e-45
1.75143e-43
2.94088e-42
4.42804e-41
6.03888e-40
7.5216e-39
8.61582e-38
9.13034e-37
8.99704e-36
8.28065e-35
7.14622e-34
5.80279e-33
4.44718e-32
3.22566e-31
2.21985e-30
1.45272e-29
9.05909e-29
5.39328e-28
3.07069e-27
1.67466e-26
8.76115e-26
4.40287e-25
2.12814e-24
9.90531e-24
4.44446e-23
1.92443e-22
8.04891e-22
3.25479e-21
1.2736e-20
4.82634e-20
1.77261e-19
6.31438e-19
2.1831e-18
7.33037e-18
2.39197e-17
7.5897e-17
2.34302e-16
7.04117e-16
2.0609e-15
5.87801e-15
1.63444e-14
4.43273e-14
1.17309e-13
3.03061e-13
7.64626e-13
1.88477e-12
4.54071e-12
1.06957e-11
2.46415e-11
5.55461e-11
1.2255e-10
2.64726e-10
5.60069e-10
1.16088e-09
2.35814e-09
4.69595e-09
9.17027e-09
1.75661e-08
3.30167e-08
6.09097e-08
1.10322e-07
1.96241e-07
3.42925e-07
5.88871e-07
9.93993e-07
1.64976e-06
2.69321e-06
4.32582e-06
6.83838e-06
1.06432e-05
1.63142e-05
2.46374e-05
3.66698e-05
5.38109e-05
7.78836e-05
0.000111226
0.000156794
0.000218272
0.000300192
0.000408061
0.000548496
0.000729367
0.000959945
0.00125107
0.00161532
0.00206719
0.00262333
0.00330274
0.00412704
0.00512068
0.0063113
0.00772993
0.0094113
0.0113941
0.0137212
0.0164397
0.0196014
0.0232623
0.0274829
0.0323279
0.0378658
0.0441684
0.0513102
0.0593675
0.0684175
0.0785371
0.0898014
0.102283
0.116048
0.131158
0.147665
0.165611
0.185026
0.205924
0.228305
0.252149
0.277418
0.304053
0.33197
0.361066
0.391212
0.422255
0.454022
0.486316
0.518918
0.551594
0.584092
0.616146
0.647481
0.677817
0.706871
0.734363
0.760019
0.783577
0.804791
0.823434
0.839304
0.852227
0.862059
0.86869
0.872045
0.872088
0.868818
0.862274
0.85253
0.839698
0.823921
0.805373
0.784257
0.760799
0.735245
0.707856
0.678906
0.648673
0.617439
0.585484
0.553081
0.520493
0.487973
0.455754
0.424052
0.393063
0.362962
0.333899
0.306002
0.279377
0.254104
0.230246
0.207839
0.186905
0.167445
0.149445
0.132877
0.1177
0.103864
0.0913081
0.0799677
0.0697719
0.0606466
0.0525162
0.0453045
0.0389359
0.0333366
0.028435
0.0241629
0.0204553
0.0172515
0.0144948
0.0121327
0.0101174
0.00840513
0.00695638
0.00573571
0.00471147
0.00385558
0.00314333
0.00255302
0.00206579
0.00166526
0.00133735
0.00106998
0.000852852
0.000677233
0.00053576
0.00042225
0.000331541
0.000259343
0.000202105
0.00015691
0.000121365
9.35199e-05
7.17934e-05
5.49079e-05
4.18364e-05
3.17574e-05
2.40162e-05
1.8094e-05
1.35812e-05
1.01557e-05
7.56575e-06
5.61522e-06
4.15196e-06
3.05851e-06
2.24461e-06
1.64113e-06
1.19541e-06
8.67485e-07
6.27164e-07
4.51724e-07
3.24144e-07
2.31726e-07
1.65039e-07
1.17104e-07
8.27808e-08
5.82991e-08
4.09042e-08
2.85923e-08
1.99115e-08
1.38144e-08
9.54851e-09
6.57527e-09
4.51094e-09
3.08315e-09
2.09942e-09
1.42422e-09
9.62568e-10
6.48128e-10
4.34777e-10
2.90568e-10
1.93466e-10
1.28333e-10
8.48098e-11
5.58382e-11
3.66263e-11
2.39349e-11
1.55828e-11
1.01074e-11
6.5314e-12
4.20486e-12
2.69695e-12
1.72335e-12
1.09711e-12
6.95828e-13
4.39676e-13
2.76784e-13
1.73591e-13
1.08465e-13
6.75196e-14
4.18744e-14
2.58728e-14
1.59264e-14
9.76719e-15
5.96759e-15
3.63251e-15
2.20288e-15
1.33093e-15
8.01118e-16
4.80415e-16
2.87021e-16
1.7084e-16
1.01308e-16
5.98524e-17
3.52292e-17
2.06596e-17
1.20721e-17
7.03091e-18
4.0852e-18
2.37508e-18
1.39516e-18
8.54788e-19
6.01145e-19
6.66303e-19
