1.05217e-10
9.16562e-11
9.31717e-11
1.05522e-10
1.27548e-10
1.59772e-10
2.03852e-10
2.62429e-10
3.39157e-10
4.38866e-10
5.67799e-10
7.33949e-10
9.47485e-10
1.2213e-09
1.57169e-09
2.01919e-09
2.58964e-09
3.31547e-09
4.23734e-09
5.40603e-09
6.88497e-09
8.75313e-09
1.11087e-08
1.40734e-08
1.7798e-08
2.24691e-08
2.83163e-08
3.56228e-08
4.47363e-08
5.60832e-08
7.01853e-08
8.76802e-08
1.09345e-07
1.36125e-07
1.69169e-07
2.09869e-07
2.59909e-07
3.21319e-07
3.9655e-07
4.88546e-07
6.00841e-07
7.37667e-07
9.04084e-07
1.10613e-06
1.35098e-06
1.64719e-06
2.00487e-06
2.43602e-06
2.95478e-06
3.57784e-06
4.32482e-06
5.21876e-06
6.28665e-06
7.56005e-06
9.07578e-06
1.08767e-05
1.30127e-05
1.55414e-05
1.85298e-05
2.2055e-05
2.6206e-05
3.10851e-05
3.68097e-05
4.35142e-05
5.13521e-05
6.04987e-05
7.11531e-05
8.35415e-05
9.79203e-05
0.000114579
0.000133844
0.000156084
0.000181711
0.000211187
0.000245029
0.000283815
0.000328184
0.00037885
0.000436601
0.000502308
0.000576931
0.000661525
0.000757251
0.000865373
0.000987275
0.00112446
0.00127857
0.00145137
0.00164477
0.00186084
0.00210178
0.00236996
0.00266793
0.00299837
0.00336415
0.0037683
0.00421403
0.0047047
0.00524385
0.00583516
0.00648249
0.00718981
0.00796126
0.00880109
0.00971364
0.0107034
0.0117748
0.0129326
0.0141812
0.0155254
0.0169696
0.0185186
0.0201767
0.0219484
0.0238378
0.0258491
0.0279861
0.0302524
0.0326514
0.0351861
0.0378592
0.0406732
0.0436298
0.0467307
0.0499769
0.0533691
0.0569073
0.0605913
0.06442
0.0683922
0.0725058
0.0767584
0.0811471
0.0856684
0.0903183
0.0950924
0.0999859
0.104993
0.110109
0.115327
0.12064
0.126043
0.131527
0.137086
0.142711
0.148396
0.154132
0.159912
0.165726
0.171566
0.177424
0.183292
0.189159
0.195019
0.200861
0.206677
0.212456
0.218191
0.223871
0.229488
0.23503
0.240488
0.245854
0.251115
0.256264
0.261288
0.26618
0.270929
0.275525
0.279959
0.284223
0.288309
0.292209
0.295915
0.299423
0.302727
0.305824
0.308711
0.311387
0.313852
0.316107
0.318156
0.320003
0.321655
0.323117
0.324398
0.325509
0.326457
0.327255
0.327913
0.328441
0.328851
0.329151
0.32935
0.329455
0.329471
0.329403
0.32925
0.329012
0.328685
0.328262
0.327733
0.327089
0.326314
0.325395
0.324315
0.323056
0.321603
0.319939
0.31805
0.315925
0.313555
0.310937
0.308072
0.304966
0.301633
0.298092
0.294372
0.290504
0.286529
0.282491
0.278441
0.274431
0.270517
0.266751
0.263187
0.25987
0.256842
0.254134
0.251764
0.249739
0.24805
0.246673
0.245567
0.244674
0.243921
0.243223
0.242481
0.241589
0.240434
0.238906
0.236897
0.234305
0.231046
0.22705
0.222272
0.216691
0.210316
0.203189
0.195384
0.187009
0.178207
0.169154
0.160055
0.151139
0.142657
0.13487
0.128038
0.12241
0.118207
0.115604
0.114713
0.115565
0.118092
0.122117
0.127348
0.133382
0.139719
0.145788
0.150985
0.154718
0.156456
0.155785
0.152444
0.146363
0.137673
0.126699
0.11393
0.0999761
0.0855038
0.0711749
0.0575848
0.0452134
0.0343942
0.0253024
0.0179639
0.0122797
0.00806039
0.0050646
0.00303497
0.00172691
0.000928036
0.000467936
0.000219582
9.49419e-05
3.73958e-05
1.33037e-05
4.34417e-06
1.47951e-06
8.36711e-07
