0.0599694
0.0589463
0.0581596
0.0575912
0.0572196
0.0570199
0.0569652
0.0570272
0.0571771
0.0573868
0.0576297
0.0578818
0.0581225
0.0583349
0.0585063
0.0586284
0.0586969
0.0587114
0.0586751
0.0585936
0.0584748
0.0583279
0.0581626
0.0579887
0.0578156
0.0576516
0.0575038
0.0573777
0.0572776
0.057206
0.0571645
0.0571537
0.0571732
0.0572226
0.0573016
0.0574099
0.0575482
0.0577181
0.0579223
0.0581646
0.0584498
0.058784
0.0591736
0.0596254
0.0601459
0.0607407
0.061414
0.0621677
0.0630011
0.0639104
0.064888
0.0659229
0.0670003
0.0681021
0.0692076
0.0702941
0.0713377
0.0723149
0.0732033
0.0739833
0.0746388
0.0751585
0.0755364
0.0757727
0.0758736
0.0758514
0.0757241
0.0755144
0.0752489
0.0749568
0.0746683
0.0744139
0.0742222
0.0741192
0.0741268
0.0742626
0.0745384
0.0749609
0.0755309
0.0762442
0.0770918
0.0780606
0.0791344
0.0802947
0.0815217
0.0827952
0.0840951
0.0854024
0.0866994
0.0879701
0.0892007
0.0903791
0.0914954
0.0925418
0.0935123
0.0944026
0.0952107
0.0959362
0.0965808
0.0971485
0.0976456
0.0980809
0.0984659
0.0988147
0.0991443
0.0994743
0.0998265
0.100224
0.100693
0.101258
0.101945
0.102777
0.103777
0.104964
0.106353
0.107955
0.109775
0.11181
0.114056
0.116496
0.11911
0.121872
0.124748
0.1277
0.130684
0.133655
0.136563
0.139359
0.141991
0.144411
0.146574
0.148436
0.149962
0.151121
0.151889
0.152251
0.1522
0.151737
0.150874
0.149629
0.148028
0.146106
0.143903
0.141466
0.138842
0.136086
0.133251
0.13039
0.127557
0.1248
0.122167
0.119699
0.117432
0.115397
0.113617
0.112111
0.11089
0.109957
0.109314
0.108952
0.108862
0.109028
0.109432
0.110052
0.110867
0.111851
0.112981
0.114233
0.115581
0.117005
0.118483
0.119996
0.121527
0.123061
0.124585
0.126089
0.127564
0.129003
0.130403
0.13176
0.133072
0.13434
0.135564
0.136745
0.137886
0.138987
0.140051
0.14108
0.142074
0.143035
0.143961
0.144853
0.145707
0.146521
0.147291
0.148013
0.14868
0.149286
0.149826
0.150291
0.150676
0.150972
0.151174
0.151276
0.151273
0.15116
0.150935
0.150597
0.150147
0.149586
0.148918
0.14815
0.147288
0.146342
0.145324
0.144246
0.14312
0.141963
0.14079
0.139617
0.138459
0.137335
0.136258
0.135244
0.134308
0.133462
0.132719
0.132089
0.131579
0.131199
0.130953
0.130846
0.13088
0.131057
0.131378
0.131842
0.132446
0.133189
0.134067
0.135075
0.136209
0.137463
0.138827
0.140296
0.141857
0.1435
0.145212
0.146981
0.148791
0.150629
0.152479
0.15433
0.156169
0.157987
0.159778
0.161538
0.163266
0.164963
0.166634
0.168281
0.16991
0.171521
0.173114
0.174682
0.176215
0.177699
0.179113
0.180435
0.181641
0.182709
0.183621
0.184365
0.184936
0.185341
0.185596
0.185726
0.185764
0.18575
0.185724
0.185727
0.185791
0.185946
0.186206
0.186578
0.187056
0.187622
0.18825
0.188907
0.189558
0.190163
0.190686
0.191093
0.191357
0.191458
0.191383
0.191129
0.190701
0.190114
0.189392
0.210476
