0.0947902
0.094632
0.0944607
0.094277
0.0940826
0.09388
0.0936723
0.093463
0.0932558
0.0930545
0.0928627
0.0926834
0.0925195
0.0923732
0.0922459
0.0921386
0.0920518
0.0919853
0.0919387
0.0919114
0.0919025
0.0919112
0.0919369
0.0919789
0.0920369
0.0921107
0.0922002
0.0923056
0.0924268
0.0925642
0.0927179
0.0928877
0.0930738
0.0932759
0.0934938
0.0937273
0.0939758
0.0942393
0.0945175
0.0948102
0.0951176
0.0954399
0.0957775
0.0961312
0.0965016
0.0968899
0.097297
0.0977241
0.0981724
0.0986429
0.0991368
0.0996549
0.100198
0.100766
0.101359
0.101977
0.10262
0.103286
0.103973
0.10468
0.105404
0.106143
0.106894
0.107652
0.108415
0.109178
0.109938
0.11069
0.111429
0.112154
0.112858
0.11354
0.114196
0.114823
0.115418
0.115981
0.11651
0.117003
0.117461
0.117884
0.118273
0.118628
0.118951
0.119244
0.119509
0.119748
0.119964
0.12016
0.120338
0.120501
0.120651
0.120791
0.120924
0.121051
0.121175
0.121296
0.121417
0.121538
0.12166
0.121784
0.121908
0.122034
0.122159
0.122284
0.122406
0.122524
0.122636
0.12274
0.122834
0.122917
0.122985
0.123037
0.123071
0.123085
0.123079
0.123051
0.123001
0.122928
0.122834
0.122718
0.122583
0.122429
0.122259
0.122075
0.12188
0.121677
0.121468
0.121258
0.121048
0.120843
0.120645
0.120457
0.120281
0.12012
0.119975
0.119848
0.119739
0.119649
0.119578
0.119526
0.119491
0.119472
0.119467
0.119474
0.11949
0.119513
0.119539
0.119566
0.119589
0.119607
0.119614
0.11961
0.119589
0.119551
0.119492
0.119412
0.119307
0.119178
0.119024
0.118844
0.11864
0.118412
0.118162
0.117892
0.117604
0.117301
0.116986
0.116663
0.116335
0.116007
0.115682
0.115364
0.115057
0.114766
0.114493
0.114243
0.114018
0.113821
0.113655
0.113521
0.113421
0.113355
0.113323
0.113326
0.113362
0.113429
0.113525
0.113648
0.113794
0.11396
0.114143
0.114337
0.114538
0.114744
0.114948
0.115148
0.11534
0.11552
0.115685
0.115833
0.115963
0.116074
0.116163
0.116233
0.116284
0.116316
0.116333
0.116336
0.116329
0.116314
0.116296
0.116278
0.116264
0.116258
0.116265
0.116288
0.116332
0.116399
0.116494
0.11662
0.116779
0.116974
0.117208
0.117482
0.117796
0.118153
0.118551
0.118991
0.119472
0.119992
0.120548
0.121139
0.121761
0.122411
0.123085
0.123779
0.124489
0.12521
0.125939
0.126672
0.127404
0.128134
0.128857
0.129571
0.130274
0.130966
0.131645
0.13231
0.132962
0.133601
0.134228
0.134843
0.135449
0.136046
0.136636
0.13722
0.137801
0.13838
0.138958
0.139538
0.14012
0.140705
0.141296
0.141894
0.142497
0.143108
0.143725
0.144348
0.144975
0.145604
0.146232
0.146856
0.147472
0.148075
0.148659
0.149219
0.149749
0.150243
0.150695
0.151099
0.151449
0.15174
0.151968
0.15213
0.152222
0.152243
0.152191
0.152067
0.15187
0.151604
0.151268
0.150868
0.150405
0.149884
0.149308
0.148683
0.148012
0.1473
0.146552
0.160338
