0.132573
0.132688
0.132787
0.132857
0.132892
0.132884
0.13283
0.13273
0.132589
0.132414
0.132214
0.132002
0.13179
0.13159
0.13141
0.131256
0.131131
0.131033
0.130956
0.130891
0.130827
0.13075
0.13065
0.130517
0.130341
0.13012
0.129852
0.12954
0.129189
0.128809
0.128408
0.127999
0.127592
0.127198
0.126826
0.126485
0.126183
0.125925
0.125718
0.125566
0.125475
0.12545
0.125498
0.125626
0.125842
0.126155
0.126574
0.127109
0.127771
0.128568
0.129509
0.130601
0.131849
0.133256
0.134824
0.136548
0.138426
0.140448
0.142602
0.144875
0.147249
0.149703
0.152214
0.154758
0.157308
0.159834
0.162308
0.164699
0.166978
0.169115
0.171082
0.172852
0.174401
0.175707
0.17675
0.177515
0.177989
0.178165
0.178036
0.177604
0.176872
0.175847
0.174543
0.172973
0.171158
0.169119
0.166883
0.164475
0.161927
0.159269
0.156533
0.153752
0.150958
0.148182
0.145455
0.142806
0.140261
0.137844
0.135577
0.133476
0.131557
0.129829
0.128298
0.126968
0.125837
0.124901
0.124152
0.123579
0.123167
0.122902
0.122766
0.12274
0.122805
0.122942
0.123132
0.123358
0.123603
0.123854
0.124097
0.124323
0.124525
0.124696
0.124834
0.124939
0.125011
0.125053
0.12507
0.125066
0.125046
0.125016
0.124982
0.124948
0.124918
0.124895
0.12488
0.124875
0.124876
0.124884
0.124892
0.124898
0.124894
0.124873
0.124829
0.124753
0.124636
0.124471
0.124248
0.12396
0.123599
0.123157
0.122629
0.122009
0.121292
0.120475
0.119555
0.118532
0.117405
0.116177
0.11485
0.11343
0.11192
0.11033
0.108666
0.10694
0.10516
0.103339
0.101488
0.099621
0.0977506
0.0958901
0.094053
0.0922524
0.0905012
0.0888117
0.0871954
0.0856634
0.0842253
0.08289
0.0816652
0.0805574
0.0795717
0.078712
0.0779809
0.0773796
0.0769082
0.0765654
0.0763486
0.0762544
0.0762781
0.0764142
0.0766563
0.0769975
0.0774301
0.077946
0.0785371
0.0791948
0.0799106
0.0806758
0.081482
0.0823208
0.083184
0.0840637
0.0849521
0.0858415
0.0867249
0.0875951
0.0884457
0.0892706
0.0900641
0.0908215
0.0915387
0.092213
0.0928425
0.0934268
0.0939667
0.0944648
0.0949247
0.0953515
0.0957513
0.0961312
0.0964987
0.0968613
0.0972266
0.0976011
0.0979905
0.0983989
0.0988286
0.0992803
0.0997525
0.100242
0.100743
0.10125
0.101755
0.102249
0.102724
0.103171
0.103582
0.10395
0.104269
0.104535
0.104745
0.104898
0.104994
0.105033
0.105018
0.104952
0.104839
0.10468
0.104481
0.104245
0.103974
0.103673
0.103344
0.102992
0.102622
0.102239
0.101851
0.101464
0.10109
0.100739
0.100424
0.100157
0.0999529
0.0998248
0.0997859
0.0998477
0.10002
0.100311
0.100724
0.101261
0.101921
0.102698
0.103584
0.104568
0.105636
0.106773
0.107962
0.109186
0.110426
0.111664
0.112885
0.114073
0.115214
0.116296
0.117309
0.118247
0.119103
0.119874
0.12056
0.121159
0.121674
0.122106
0.12246
0.122738
0.122945
0.123083
0.123156
0.123166
0.123115
0.135416
