0.138539
0.137221
0.135662
0.133859
0.131814
0.129533
0.127028
0.124313
0.121409
0.118341
0.115136
0.111824
0.108436
0.105004
0.101558
0.0981275
0.0947403
0.0914201
0.0881875
0.0850599
0.0820507
0.07917
0.0764246
0.0738183
0.0713527
0.0690273
0.0668405
0.0647899
0.0628726
0.0610864
0.0594295
0.0579013
0.0565022
0.0552339
0.0540995
0.0531024
0.0522471
0.0515376
0.0509773
0.0505678
0.0503089
0.050197
0.0502251
0.0503821
0.0506527
0.0510172
0.0514524
0.0519315
0.0524259
0.0529057
0.0533414
0.0537054
0.0539732
0.0541253
0.0541477
0.0540335
0.0537831
0.0534043
0.0529124
0.0523291
0.051682
0.051003
0.0503268
0.0496891
0.0491252
0.0486679
0.0483464
0.048185
0.048202
0.0484091
0.0488114
0.0494075
0.0501896
0.051145
0.0522561
0.0535024
0.0548608
0.0563074
0.0578178
0.0593683
0.0609366
0.0625016
0.0640443
0.0655473
0.0669949
0.0683728
0.0696677
0.0708677
0.0719611
0.0729374
0.0737866
0.0744998
0.0750693
0.075489
0.0757548
0.0758651
0.075821
0.0756269
0.0752902
0.0748219
0.0742362
0.0735502
0.0727838
0.0719594
0.0711009
0.0702335
0.0693832
0.0685761
0.0678381
0.0671943
0.0666688
0.0662847
0.0660632
0.0660243
0.0661861
0.066565
0.0671757
0.0680309
0.0691414
0.0705157
0.07216
0.0740779
0.07627
0.0787336
0.0814624
0.0844462
0.0876706
0.0911168
0.0947614
0.0985764
0.10253
0.106584
0.1107
0.114835
0.118942
0.122974
0.126885
0.130628
0.134158
0.137433
0.140415
0.143073
0.145379
0.147315
0.148868
0.150034
0.150817
0.151226
0.151282
0.151008
0.150436
0.149601
0.148543
0.147303
0.145925
0.144451
0.142926
0.141388
0.139876
0.138424
0.137061
0.135812
0.134698
0.133733
0.132928
0.132289
0.131818
0.131512
0.131367
0.131374
0.131522
0.131799
0.132192
0.132686
0.133265
0.133915
0.134621
0.135367
0.136139
0.136923
0.137707
0.138478
0.139226
0.139939
0.140609
0.141227
0.141788
0.142285
0.142715
0.143074
0.14336
0.143575
0.143718
0.143793
0.143803
0.143755
0.143653
0.143507
0.143324
0.143114
0.142887
0.142652
0.142421
0.142203
0.142009
0.141849
0.141731
0.141663
0.141652
0.141705
0.141824
0.142014
0.142275
0.142608
0.143011
0.14348
0.144013
0.144602
0.145243
0.145927
0.146647
0.147394
0.14816
0.148936
0.149715
0.150489
0.151251
0.151994
0.152714
0.153407
0.154068
0.154697
0.155293
0.155856
0.156388
0.156891
0.157369
0.157827
0.158269
0.158702
0.159132
0.159566
0.160011
0.160473
0.160961
0.161479
0.162036
0.162634
0.163278
0.163969
0.164708
0.165492
0.166317
0.167175
0.168058
0.168954
0.169852
0.17074
0.171606
0.17244
0.173235
0.17399
0.174704
0.175386
0.176045
0.176696
0.177357
0.178045
0.178777
0.179565
0.180414
0.181324
0.182285
0.183278
0.184278
0.185254
0.186175
0.18701
0.187734
0.188332
0.1888
0.189147
0.189396
0.18958
0.189741
0.189924
0.190173
0.190527
0.191012
0.191644
0.19242
0.193324
0.194325
0.195383
0.196447
0.197463
0.198379
0.199144
0.199711
0.223622
