0.0461758
0.0455185
0.0448473
0.0441736
0.043514
0.0428875
0.0423144
0.0418139
0.0414033
0.0410971
0.0409064
0.0408387
0.040898
0.0410847
0.0413958
0.0418254
0.0423647
0.0430024
0.0437249
0.0445171
0.0453623
0.0462432
0.0471424
0.0480425
0.0489273
0.0497823
0.0505946
0.0513543
0.0520539
0.052689
0.0532583
0.0537635
0.0542089
0.0546013
0.0549494
0.0552636
0.0555551
0.0558358
0.0561172
0.0564108
0.0567269
0.0570747
0.0574621
0.0578955
0.0583798
0.0589184
0.0595135
0.0601662
0.0608766
0.0616445
0.0624691
0.0633498
0.0642858
0.065277
0.0663232
0.0674251
0.0685835
0.0697992
0.0710734
0.0724065
0.0737987
0.0752488
0.0767546
0.0783122
0.0799155
0.0815569
0.0832265
0.0849125
0.0866015
0.088279
0.0899296
0.0915382
0.0930902
0.0945727
0.0959752
0.0972902
0.0985141
0.0996475
0.100696
0.101669
0.102583
0.103456
0.104312
0.105179
0.106086
0.107063
0.108143
0.109357
0.110734
0.112302
0.114085
0.116102
0.118368
0.120895
0.123685
0.126739
0.13005
0.133606
0.137391
0.141383
0.145555
0.149878
0.154317
0.158835
0.16339
0.16794
0.172437
0.176835
0.181084
0.185136
0.18894
0.192448
0.195613
0.198391
0.20074
0.202626
0.204018
0.204892
0.205232
0.205028
0.204282
0.203
0.201201
0.198909
0.196158
0.192988
0.189445
0.185582
0.181455
0.177121
0.17264
0.168072
0.163474
0.158902
0.154408
0.150039
0.145836
0.141836
0.138068
0.134555
0.131314
0.128355
0.125683
0.123298
0.121193
0.11936
0.117784
0.116449
0.115337
0.114427
0.113699
0.113132
0.112703
0.112393
0.112181
0.11205
0.111982
0.111961
0.111975
0.112011
0.112059
0.112111
0.11216
0.112201
0.11223
0.112246
0.112247
0.112234
0.112209
0.112173
0.11213
0.112085
0.112041
0.112005
0.11198
0.111975
0.111994
0.112044
0.112131
0.112263
0.112445
0.112683
0.112983
0.113351
0.11379
0.114306
0.114902
0.115579
0.116341
0.117187
0.118117
0.119131
0.120224
0.121395
0.122637
0.123946
0.125314
0.126734
0.128197
0.129695
0.131218
0.132756
0.1343
0.135838
0.137362
0.138863
0.140331
0.141759
0.143141
0.14447
0.145742
0.146954
0.148105
0.149193
0.15022
0.151189
0.152103
0.152966
0.153784
0.154564
0.155311
0.156032
0.156733
0.157421
0.158099
0.158772
0.15944
0.160105
0.160763
0.161412
0.162045
0.162656
0.163234
0.163769
0.164252
0.164669
0.165011
0.165268
0.165429
0.165489
0.16544
0.165279
0.165004
0.164613
0.164105
0.163481
0.16274
0.161883
0.160907
0.159811
0.158593
0.157251
0.155783
0.154189
0.152474
0.150643
0.148708
0.146684
0.144593
0.142461
0.140317
0.138194
0.136125
0.134144
0.132283
0.130567
0.129018
0.12765
0.126472
0.125483
0.124674
0.124032
0.123537
0.123166
0.122895
0.122697
0.122548
0.122425
0.122311
0.12219
0.122055
0.1219
0.121726
0.121536
0.121336
0.121134
0.120936
0.120747
0.120567
0.120394
0.120217
0.120022
0.119791
0.1195
0.119126
0.118647
0.118045
0.117308
0.116433
0.128412
