4.85287e-09
4.24164e-09
4.22581e-09
4.63401e-09
5.40511e-09
6.53822e-09
8.07081e-09
1.00702e-08
1.26317e-08
1.58803e-08
1.99747e-08
2.51134e-08
3.15427e-08
3.95662e-08
4.9557e-08
6.19725e-08
7.73713e-08
9.64348e-08
1.19992e-07
1.4905e-07
1.84828e-07
2.28803e-07
2.82755e-07
3.48832e-07
4.29613e-07
5.28197e-07
6.48293e-07
7.94335e-07
9.71614e-07
1.18643e-06
1.44627e-06
1.76001e-06
2.13817e-06
2.59316e-06
3.13961e-06
3.79476e-06
4.57883e-06
5.51553e-06
6.63259e-06
7.96236e-06
9.54255e-06
1.1417e-05
1.36365e-05
1.626e-05
1.93555e-05
2.30014e-05
2.72879e-05
3.23187e-05
3.82126e-05
4.51052e-05
5.31516e-05
6.25281e-05
7.34353e-05
8.61003e-05
0.00010078
0.000117765
0.000137383
0.00016
0.000186029
0.000215931
0.000250221
0.000289473
0.000334324
0.000385481
0.000443726
0.000509922
0.00058502
0.000670063
0.000766196
0.000874669
0.000996844
0.00113421
0.00128836
0.00146105
0.00165416
0.00186969
0.00210984
0.0023769
0.00267338
0.00300189
0.00336524
0.0037664
0.00420847
0.00469475
0.00522867
0.00581381
0.00645392
0.00715285
0.00791462
0.00874331
0.00964315
0.0106184
0.0116735
0.0128127
0.0140406
0.0153615
0.0167798
0.0182999
0.0199259
0.021662
0.0235122
0.0254802
0.0275697
0.0297838
0.0321256
0.0345978
0.0372027
0.0399423
0.042818
0.045831
0.0489819
0.0522708
0.0556973
0.0592604
0.0629587
0.0667903
0.0707525
0.0748423
0.0790561
0.0833898
0.0878387
0.0923978
0.0970615
0.101824
0.106678
0.111619
0.116638
0.121728
0.126882
0.132093
0.137352
0.142652
0.147985
0.153343
0.158718
0.164102
0.169488
0.174868
0.180234
0.185579
0.190896
0.196177
0.201416
0.206604
0.211736
0.216805
0.221802
0.226722
0.231558
0.236302
0.240947
0.245485
0.249911
0.254215
0.258391
0.262431
0.266327
0.270072
0.273659
0.27708
0.280328
0.283397
0.286281
0.288974
0.291472
0.293771
0.295868
0.297762
0.299453
0.300941
0.30223
0.303323
0.304226
0.304947
0.305493
0.305874
0.306103
0.306191
0.306151
0.305998
0.305746
0.305409
0.305
0.304534
0.304022
0.303474
0.302901
0.302308
0.3017
0.301078
0.300441
0.299785
0.299102
0.298381
0.297609
0.296769
0.295844
0.294814
0.293656
0.292349
0.290871
0.289202
0.287322
0.285216
0.28287
0.280278
0.277437
0.27435
0.271028
0.267487
0.263754
0.259858
0.25584
0.251744
0.24762
0.243525
0.239515
0.23565
0.231988
0.228586
0.225494
0.222755
0.220404
0.218464
0.216943
0.215835
0.21512
0.214758
0.214696
0.214862
0.215172
0.215529
0.215826
0.21595
0.215786
0.215219
0.21414
0.21245
0.210066
0.206921
0.202968
0.198189
0.192588
0.1862
0.179087
0.171341
0.163082
0.154456
0.145635
0.136812
0.128198
0.120017
0.112503
0.105888
0.100395
0.0962296
0.0935633
0.0925234
0.0931768
0.0955155
0.0994447
0.104774
0.111212
0.118374
0.125791
0.132935
0.139246
0.144178
0.147234
0.148016
0.14626
0.141866
0.134911
0.125647
0.114484
0.101946
0.0886287
0.0751431
0.062061
0.0498693
0.0389368
0.0294965
0.0216458
0.01536
0.0105185
0.00693538
0.00439131
0.00266192
0.00153924
0.000845373
0.000438674
0.000213679
9.69027e-05
4.04808e-05
1.53601e-05
5.19492e-06
1.52852e-06
3.83579e-07
8.84938e-08
3.56362e-08
