0.00579354
0.00605834
0.00645877
0.00700453
0.00770958
0.00859224
0.00967496
0.0109838
0.0125472
0.0143948
0.0165551
0.0190536
0.0219099
0.0251357
0.0287327
0.0326907
0.0369875
0.0415884
0.0464481
0.0515125
0.0567216
0.0620133
0.0673272
0.072608
0.0778095
0.0828967
0.0878479
0.0926556
0.0973259
0.101877
0.106339
0.110747
0.115141
0.119562
0.124046
0.128622
0.13331
0.138117
0.143035
0.148042
0.153102
0.158165
0.16317
0.168049
0.172729
0.177134
0.181194
0.184844
0.188028
0.190701
0.192831
0.1944
0.195401
0.195838
0.195725
0.195084
0.193939
0.192318
0.19025
0.187763
0.184885
0.181642
0.178061
0.174169
0.169993
0.165566
0.160922
0.156103
0.151151
0.146118
0.141055
0.13602
0.131068
0.126258
0.121642
0.117273
0.113194
0.109443
0.106052
0.103041
0.100423
0.0982026
0.0963759
0.0949314
0.0938512
0.0931115
0.0926844
0.0925384
0.0926402
0.0929548
0.0934474
0.0940836
0.0948304
0.0956567
0.0965341
0.0974368
0.0983422
0.0992312
0.100088
0.1009
0.101659
0.102359
0.102997
0.103574
0.104092
0.104558
0.104977
0.105359
0.105712
0.106046
0.106372
0.106699
0.107036
0.10739
0.107769
0.108176
0.108615
0.109086
0.109587
0.110116
0.110666
0.111231
0.111802
0.112367
0.112917
0.11344
0.113922
0.114353
0.114721
0.115016
0.115229
0.115353
0.115383
0.115316
0.115154
0.114899
0.114556
0.114135
0.113649
0.113112
0.112543
0.111963
0.111395
0.110865
0.1104
0.11003
0.109785
0.109693
0.109784
0.110087
0.110627
0.111428
0.112507
0.11388
0.115555
0.117534
0.119811
0.122374
0.125201
0.128262
0.131521
0.13493
0.138438
0.141984
0.145505
0.148934
0.152201
0.155238
0.157979
0.160362
0.162333
0.163846
0.164865
0.165365
0.165336
0.164777
0.163704
0.162142
0.160129
0.157714
0.154952
0.151907
0.148644
0.145231
0.141735
0.138223
0.134753
0.13138
0.12815
0.1251
0.122261
0.11965
0.117281
0.115156
0.11327
0.111613
0.11017
0.108921
0.107844
0.106914
0.106109
0.105403
0.104775
0.104205
0.103673
0.103165
0.102667
0.102171
0.101668
0.101154
0.100627
0.100088
0.0995378
0.0989804
0.0984206
0.0978644
0.0973185
0.0967902
0.0962869
0.0958164
0.0953865
0.0950045
0.0946777
0.0944129
0.0942163
0.0940936
0.0940499
0.0940895
0.0942161
0.0944325
0.094741
0.095143
0.095639
0.0962289
0.096912
0.0976866
0.0985506
0.0995011
0.100535
0.101647
0.102835
0.104092
0.105413
0.106792
0.108225
0.109703
0.111222
0.112774
0.114353
0.115953
0.117567
0.119188
0.120811
0.122429
0.124038
0.12563
0.127202
0.128749
0.130265
0.131748
0.133192
0.134596
0.135954
0.137266
0.138527
0.139735
0.140889
0.141987
0.143027
0.144008
0.144931
0.145797
0.146606
0.147362
0.148071
0.148739
0.149374
0.149986
0.150588
0.151191
0.151809
0.152451
0.153128
0.153842
0.154592
0.155368
0.156152
0.156919
0.157636
0.158269
0.158781
0.159145
0.159344
0.15938
0.159279
0.15909
0.158891
0.158776
0.158852
0.179666
