0.0682084
0.0671221
0.0662365
0.0655341
0.0649937
0.0645918
0.0643028
0.0641005
0.0639589
0.0638533
0.0637611
0.0636629
0.0635428
0.0633887
0.0631929
0.0629516
0.0626649
0.0623359
0.0619706
0.0615769
0.0611641
0.060742
0.0603203
0.0599083
0.059514
0.0591444
0.0588047
0.0584989
0.0582292
0.0579967
0.0578016
0.0576432
0.0575206
0.0574329
0.0573796
0.057361
0.0573783
0.0574339
0.0575313
0.0576754
0.057872
0.0581277
0.0584495
0.058844
0.0593172
0.0598736
0.0605157
0.0612432
0.0620526
0.0629369
0.0638852
0.064883
0.0659123
0.0669521
0.0679793
0.0689697
0.0698991
0.0707443
0.0714849
0.0721038
0.0725887
0.0729328
0.0731355
0.0732024
0.0731452
0.0729815
0.072734
0.0724294
0.072097
0.0717677
0.0714722
0.0712401
0.0710979
0.0710683
0.0711693
0.0714137
0.0718083
0.0723545
0.0730481
0.0738801
0.0748374
0.0759035
0.0770596
0.0782854
0.0795599
0.0808627
0.0821739
0.0834752
0.0847498
0.0859828
0.0871616
0.088275
0.0893142
0.0902718
0.0911424
0.0919221
0.0926091
0.0932031
0.0937062
0.0941227
0.0944593
0.0947254
0.0949335
0.0950989
0.0952397
0.0953768
0.0955334
0.0957347
0.0960072
0.0963779
0.0968734
0.0975192
0.098339
0.0993531
0.100578
0.102026
0.103704
0.105612
0.107745
0.110092
0.112634
0.115348
0.118202
0.121161
0.124186
0.127231
0.13025
0.133194
0.136015
0.138663
0.141092
0.143258
0.145123
0.146652
0.147818
0.148601
0.14899
0.148979
0.148573
0.147786
0.146638
0.145157
0.14338
0.141348
0.139105
0.136703
0.134193
0.131627
0.129058
0.126536
0.124107
0.121817
0.119703
0.117797
0.116127
0.114713
0.113568
0.112701
0.112112
0.111796
0.111745
0.111945
0.112377
0.113022
0.113857
0.114857
0.115998
0.117256
0.118605
0.120023
0.121489
0.122983
0.124487
0.125985
0.127466
0.128917
0.130331
0.131702
0.133024
0.134295
0.135513
0.13668
0.137795
0.138861
0.139879
0.140851
0.141781
0.142671
0.14352
0.144332
0.145106
0.145842
0.146538
0.147192
0.147802
0.148364
0.148874
0.149325
0.149714
0.150035
0.150282
0.150449
0.150531
0.150524
0.150424
0.150228
0.149933
0.149541
0.14905
0.148465
0.147788
0.147025
0.146184
0.145273
0.144303
0.143284
0.142231
0.141155
0.140073
0.138999
0.137947
0.136934
0.135973
0.13508
0.134268
0.133549
0.132934
0.132432
0.132054
0.131804
0.131688
0.131709
0.13187
0.132171
0.132612
0.13319
0.133903
0.134748
0.135719
0.136812
0.138019
0.139336
0.140752
0.14226
0.14385
0.14551
0.147228
0.148991
0.150785
0.152595
0.154407
0.156208
0.157984
0.159726
0.161426
0.163079
0.164684
0.166243
0.167761
0.169245
0.170702
0.172139
0.173562
0.174971
0.176364
0.177733
0.179063
0.180337
0.181533
0.182628
0.183601
0.184433
0.185113
0.185639
0.186016
0.186263
0.186405
0.186477
0.186519
0.186572
0.186674
0.18686
0.187153
0.187569
0.188109
0.188762
0.189509
0.190317
0.191151
0.19197
0.192732
0.193396
0.193929
0.194299
0.194485
0.194473
0.194259
0.193848
0.193255
0.214924
