0.0675563
0.0668028
0.0661596
0.0656122
0.0651425
0.064732
0.0643645
0.0640279
0.063715
0.0634237
0.0631565
0.06292
0.0627229
0.0625756
0.0624886
0.0624714
0.0625319
0.0626758
0.0629062
0.0632233
0.0636247
0.0641052
0.0646571
0.0652705
0.0659333
0.0666321
0.067352
0.0680771
0.0687916
0.0694793
0.070125
0.0707144
0.0712347
0.0716755
0.0720283
0.0722875
0.0724503
0.0725167
0.0724896
0.0723745
0.0721794
0.0719143
0.0715909
0.0712223
0.0708221
0.0704045
0.0699835
0.0695726
0.0691847
0.0688315
0.0685237
0.0682706
0.0680803
0.0679598
0.0679148
0.0679501
0.0680698
0.0682774
0.0685759
0.0689682
0.069457
0.070045
0.0707348
0.0715291
0.0724303
0.0734408
0.0745622
0.0757957
0.0771414
0.0785984
0.0801645
0.081836
0.083608
0.0854739
0.0874258
0.089455
0.0915519
0.0937067
0.09591
0.0981528
0.100428
0.10273
0.105056
0.107405
0.10978
0.112186
0.114632
0.117129
0.119691
0.12233
0.125064
0.127905
0.130868
0.133964
0.1372
0.140578
0.144098
0.147751
0.151523
0.155395
0.159341
0.163327
0.167319
0.171272
0.175144
0.178886
0.18245
0.185788
0.188854
0.191602
0.193994
0.195994
0.197571
0.198702
0.199371
0.199568
0.19929
0.198542
0.197337
0.195692
0.193632
0.191187
0.188391
0.185284
0.181907
0.178305
0.174524
0.170611
0.166614
0.162578
0.158548
0.154566
0.150672
0.146902
0.14329
0.139862
0.136645
0.133656
0.130913
0.128426
0.126202
0.124243
0.122549
0.121114
0.119932
0.118991
0.118279
0.117781
0.117482
0.117363
0.117407
0.117595
0.117909
0.118329
0.118838
0.119419
0.120053
0.120725
0.121421
0.122126
0.122827
0.123514
0.124175
0.124803
0.125389
0.125928
0.126414
0.126844
0.127216
0.127528
0.127781
0.127974
0.128111
0.128194
0.128225
0.12821
0.128152
0.128057
0.127928
0.127773
0.127595
0.1274
0.127193
0.126978
0.12676
0.126543
0.12633
0.126124
0.125928
0.125745
0.125577
0.125426
0.125293
0.125179
0.125086
0.125015
0.124968
0.124946
0.12495
0.124982
0.125044
0.125138
0.125268
0.125435
0.125643
0.125897
0.126198
0.126553
0.126964
0.127437
0.127976
0.128585
0.129269
0.130031
0.130874
0.1318
0.132812
0.13391
0.135092
0.136358
0.137702
0.13912
0.140605
0.142149
0.143743
0.145375
0.147035
0.14871
0.150388
0.152056
0.153702
0.155315
0.156882
0.158393
0.159839
0.161208
0.162491
0.163678
0.164758
0.16572
0.166552
0.167242
0.167777
0.168144
0.168331
0.168326
0.168122
0.167711
0.167092
0.166266
0.16524
0.164025
0.162636
0.161092
0.159414
0.157626
0.155751
0.153811
0.151826
0.149813
0.147784
0.145745
0.143699
0.141643
0.139572
0.137474
0.13534
0.133156
0.13091
0.128592
0.126196
0.123716
0.121154
0.118515
0.115806
0.113041
0.110235
0.107406
0.104571
0.101748
0.0989526
0.0961981
0.0934936
0.0908445
0.0882524
0.0857157
0.0832309
0.0807936
0.0784004
0.0760507
0.073748
0.0715011
0.0693248
0.0672401
0.0652732
0.0634545
0.061817
0.0603936
0.0592158
0.0647381
