0.0416655
0.040848
0.0400546
0.0393053
0.0386214
0.0380229
0.0375277
0.0371506
0.0369027
0.0367915
0.0368203
0.0369891
0.0372944
0.0377296
0.0382849
0.0389484
0.0397055
0.0405401
0.0414345
0.0423704
0.0433289
0.0442916
0.0452409
0.0461611
0.0470382
0.047861
0.0486211
0.0493132
0.0499355
0.050489
0.0509778
0.0514088
0.0517907
0.0521343
0.0524512
0.0527537
0.0530543
0.0533649
0.0536967
0.0540596
0.0544621
0.0549113
0.0554126
0.0559699
0.0565859
0.0572619
0.0579983
0.058795
0.0596514
0.0605667
0.0615405
0.0625725
0.0636626
0.0648115
0.0660201
0.0672894
0.0686206
0.0700145
0.0714712
0.07299
0.0745686
0.076203
0.0778874
0.0796135
0.081371
0.0831473
0.0849279
0.0866968
0.088437
0.090131
0.091762
0.0933142
0.094774
0.0961309
0.0973776
0.0985116
0.0995348
0.100454
0.101281
0.102032
0.102728
0.103394
0.104058
0.104748
0.105495
0.10633
0.107282
0.10838
0.109647
0.111106
0.112775
0.114667
0.116792
0.119153
0.121752
0.124586
0.127645
0.130919
0.134394
0.138051
0.141869
0.145826
0.149895
0.154046
0.158249
0.16247
0.166672
0.170818
0.174866
0.178776
0.182503
0.186006
0.18924
0.192164
0.194739
0.196927
0.198696
0.200018
0.200872
0.201241
0.201118
0.200501
0.199398
0.197822
0.195795
0.193346
0.19051
0.187326
0.183839
0.180099
0.176153
0.172056
0.167856
0.163606
0.159353
0.155142
0.151014
0.147007
0.143153
0.139477
0.136002
0.132744
0.129713
0.126915
0.124352
0.122021
0.119916
0.118026
0.116342
0.114848
0.113531
0.112375
0.111365
0.110484
0.109718
0.109054
0.108479
0.107981
0.10755
0.107179
0.106859
0.106587
0.106357
0.106167
0.106015
0.105901
0.105825
0.105787
0.10579
0.105834
0.105922
0.106056
0.106239
0.106472
0.106758
0.107099
0.107496
0.10795
0.108463
0.109037
0.10967
0.110365
0.11112
0.111936
0.112813
0.113749
0.114744
0.115797
0.116907
0.118071
0.119288
0.120556
0.121873
0.123234
0.124639
0.126082
0.12756
0.129069
0.130604
0.132159
0.133729
0.135308
0.13689
0.138468
0.140034
0.141583
0.143107
0.144599
0.146052
0.147459
0.148814
0.150112
0.151347
0.152515
0.153613
0.154638
0.155588
0.156463
0.157263
0.15799
0.158647
0.159236
0.159762
0.160228
0.16064
0.161002
0.161317
0.16159
0.161823
0.162018
0.162176
0.162294
0.162373
0.162407
0.162393
0.162325
0.1622
0.162011
0.161753
0.161424
0.161022
0.160544
0.159992
0.159369
0.158676
0.157919
0.157102
0.156227
0.155299
0.154317
0.153284
0.152195
0.15105
0.149843
0.148573
0.147236
0.145832
0.144367
0.142847
0.141286
0.139701
0.138117
0.13656
0.135059
0.133645
0.132348
0.131195
0.130209
0.129407
0.128798
0.128384
0.128159
0.12811
0.128218
0.128458
0.128803
0.129224
0.129691
0.130179
0.130663
0.131124
0.131546
0.131921
0.132245
0.132517
0.132744
0.132931
0.133087
0.133218
0.133329
0.133419
0.133484
0.133513
0.133487
0.133386
0.133183
0.132854
0.132373
0.131722
0.14564
