0.176538
0.176793
0.176871
0.176772
0.176497
0.176049
0.175433
0.174651
0.173711
0.172619
0.171382
0.170009
0.168509
0.166894
0.165173
0.163359
0.161463
0.1595
0.157482
0.155423
0.153336
0.151236
0.149134
0.147045
0.144979
0.142948
0.140962
0.139031
0.137161
0.13536
0.133633
0.131983
0.130413
0.128926
0.127521
0.126199
0.124958
0.123796
0.122713
0.121705
0.120769
0.119905
0.119107
0.118375
0.117705
0.117095
0.116541
0.11604
0.115588
0.115182
0.114818
0.114489
0.114193
0.113922
0.113671
0.113434
0.113206
0.11298
0.112752
0.112515
0.112267
0.112002
0.111719
0.111415
0.11109
0.110743
0.110374
0.109984
0.109576
0.109152
0.108714
0.108265
0.107808
0.107346
0.106882
0.106419
0.105959
0.105506
0.105061
0.104627
0.104207
0.103803
0.103416
0.103051
0.102708
0.102389
0.102098
0.101836
0.101604
0.101405
0.10124
0.10111
0.101016
0.100959
0.100939
0.100956
0.10101
0.1011
0.101225
0.101385
0.101578
0.101803
0.10206
0.102346
0.102661
0.103004
0.103372
0.103766
0.104183
0.104623
0.105085
0.105568
0.106069
0.106589
0.107125
0.107676
0.10824
0.108815
0.109401
0.109993
0.110591
0.111192
0.111794
0.112394
0.112989
0.113577
0.114155
0.114719
0.115267
0.115797
0.116304
0.116786
0.11724
0.117663
0.118053
0.118406
0.118722
0.118996
0.119228
0.119416
0.119559
0.119657
0.119707
0.119711
0.119669
0.119581
0.119448
0.119271
0.119051
0.118791
0.118492
0.118156
0.117786
0.117383
0.116951
0.116492
0.116009
0.115505
0.114982
0.114444
0.113895
0.113336
0.112772
0.112207
0.111643
0.111086
0.110538
0.110003
0.109485
0.108988
0.108516
0.108073
0.107662
0.107287
0.106952
0.106658
0.106411
0.106211
0.106062
0.105966
0.105925
0.105941
0.106014
0.106145
0.106336
0.106585
0.106892
0.107257
0.107678
0.108153
0.10868
0.109257
0.10988
0.110546
0.11125
0.11199
0.11276
0.113557
0.114375
0.115211
0.116059
0.116914
0.117773
0.118632
0.119485
0.120329
0.12116
0.121975
0.122771
0.123543
0.124289
0.125005
0.125689
0.126339
0.12695
0.12752
0.128047
0.128527
0.128957
0.129335
0.129659
0.129925
0.130131
0.130275
0.130355
0.130371
0.13032
0.130202
0.130018
0.129767
0.129452
0.129073
0.128632
0.128134
0.12758
0.126976
0.126324
0.125631
0.124899
0.124136
0.123345
0.122531
0.121701
0.120857
0.120006
0.119151
0.118296
0.117445
0.116602
0.115768
0.114948
0.114145
0.11336
0.112597
0.11186
0.111151
0.110475
0.109836
0.109238
0.108686
0.108185
0.107738
0.107351
0.107027
0.10677
0.10658
0.106459
0.106408
0.106424
0.106506
0.106649
0.106851
0.107105
0.107407
0.107753
0.108136
0.108552
0.108998
0.109467
0.109958
0.110466
0.110988
0.111521
0.112059
0.1126
0.113137
0.113665
0.114179
0.11467
0.115131
0.115555
0.115933
0.116259
0.116524
0.116722
0.116849
0.116901
0.116877
0.116776
0.129996
