0.0993693
0.101063
0.103088
0.105346
0.107726
0.110115
0.112399
0.114478
0.116271
0.117718
0.11879
0.11948
0.119814
0.119837
0.119614
0.119227
0.118763
0.118313
0.117963
0.117795
0.117872
0.118243
0.118938
0.119964
0.121308
0.122934
0.124792
0.126816
0.128935
0.131073
0.13316
0.135136
0.136956
0.13859
0.14003
0.141285
0.14238
0.143352
0.144243
0.145098
0.145959
0.146857
0.147816
0.148845
0.149944
0.151101
0.152297
0.153511
0.154724
0.155916
0.157081
0.158216
0.159331
0.160445
0.161583
0.162778
0.164064
0.165475
0.167043
0.168791
0.170738
0.17289
0.175246
0.177793
0.18051
0.183366
0.186325
0.189345
0.192382
0.195391
0.198324
0.201139
0.203794
0.206253
0.208483
0.210456
0.21215
0.213547
0.214635
0.215404
0.215851
0.215974
0.215776
0.215261
0.214437
0.213312
0.211896
0.2102
0.208238
0.20602
0.203562
0.200876
0.197978
0.194883
0.191606
0.188164
0.184574
0.180855
0.177024
0.173102
0.169109
0.165066
0.160994
0.156917
0.152855
0.148833
0.144873
0.140996
0.137225
0.13358
0.130082
0.126748
0.123596
0.12064
0.117895
0.11537
0.113075
0.111017
0.109199
0.107625
0.106294
0.105203
0.104348
0.103723
0.103318
0.103125
0.103131
0.103323
0.103686
0.104207
0.104867
0.105651
0.106542
0.107521
0.108571
0.109674
0.110814
0.111974
0.113136
0.114287
0.11541
0.116493
0.117523
0.11849
0.119382
0.120193
0.120916
0.121547
0.122082
0.122521
0.122865
0.123118
0.123286
0.123377
0.123402
0.123374
0.123309
0.123225
0.123143
0.123086
0.12308
0.123152
0.12333
0.123645
0.124128
0.124808
0.125716
0.126878
0.128318
0.130058
0.132111
0.134487
0.137184
0.140195
0.143501
0.147073
0.150871
0.154846
0.158935
0.163069
0.167169
0.17115
0.174923
0.178396
0.181482
0.184094
0.186156
0.1876
0.188372
0.188434
0.187762
0.186353
0.184222
0.1814
0.177936
0.173894
0.16935
0.164389
0.159103
0.153588
0.147938
0.142245
0.136593
0.13106
0.125712
0.120603
0.115776
0.111262
0.107078
0.103234
0.0997266
0.0965466
0.0936774
0.0910979
0.0887835
0.0867078
0.0848439
0.0831654
0.0816471
0.0802659
0.0790009
0.0778336
0.0767483
0.0757314
0.074772
0.073861
0.072991
0.0721562
0.0713521
0.070575
0.0698219
0.0690906
0.0683788
0.0676849
0.0670072
0.0663439
0.0656935
0.0650543
0.0644245
0.0638023
0.0631858
0.0625732
0.0619623
0.0613514
0.0607383
0.060121
0.0594978
0.0588666
0.0582257
0.0575735
0.0569083
0.0562287
0.0555335
0.0548216
0.054092
0.053344
0.0525772
0.0517911
0.0509857
0.0501611
0.0493175
0.0484556
0.0475761
0.04668
0.0457683
0.0448426
0.0439044
0.0429555
0.0419979
0.0410337
0.0400653
0.0390951
0.038126
0.0371607
0.0362023
0.035254
0.0343191
0.0334013
0.0325043
0.0316321
0.0307888
0.029979
0.0292074
0.0284791
0.0277998
0.0271755
0.0266133
0.0261209
0.0257072
0.0253829
0.0251604
0.0250544
0.0250824
0.0252652
0.025627
0.0261954
0.027001
0.028076
0.0294525
0.0352575
