0.175415
0.176004
0.17643
0.176688
0.176774
0.176687
0.176425
0.175988
0.175378
0.174596
0.173648
0.172538
0.171274
0.169865
0.16832
0.166651
0.164871
0.162992
0.161031
0.159002
0.156921
0.154802
0.152663
0.150517
0.148379
0.146263
0.144181
0.142145
0.140163
0.138245
0.136397
0.134626
0.132935
0.131327
0.129805
0.12837
0.127021
0.125759
0.124583
0.123491
0.122481
0.121551
0.120699
0.119923
0.119218
0.118582
0.118011
0.117499
0.117042
0.116635
0.116271
0.115943
0.115645
0.11537
0.11511
0.114859
0.114609
0.114354
0.114089
0.113808
0.113509
0.113187
0.112841
0.11247
0.112072
0.11165
0.111203
0.110735
0.110246
0.10974
0.10922
0.108688
0.108148
0.107602
0.107053
0.106504
0.105957
0.105417
0.104884
0.104362
0.103854
0.103362
0.102888
0.102436
0.102008
0.101606
0.101233
0.100891
0.100581
0.100306
0.100067
0.0998639
0.0996987
0.0995713
0.0994818
0.0994298
0.0994151
0.099437
0.0994949
0.0995879
0.0997154
0.0998764
0.10007
0.100297
0.100555
0.100844
0.101164
0.101515
0.101896
0.102306
0.102746
0.103214
0.103711
0.104234
0.104784
0.105358
0.105955
0.106574
0.107213
0.107869
0.10854
0.109223
0.109915
0.110612
0.111312
0.112011
0.112704
0.113387
0.114056
0.114707
0.115336
0.115937
0.116506
0.117039
0.117532
0.117982
0.118384
0.118736
0.119036
0.119281
0.119469
0.119602
0.119677
0.119696
0.11966
0.11957
0.119428
0.119238
0.119002
0.118723
0.118406
0.118053
0.11767
0.117259
0.116825
0.116372
0.115903
0.115422
0.114934
0.11444
0.113945
0.113452
0.112964
0.112484
0.112014
0.111558
0.111117
0.110696
0.110295
0.109918
0.109565
0.109241
0.108946
0.108682
0.10845
0.108253
0.108091
0.107966
0.107878
0.107829
0.107819
0.107849
0.107919
0.10803
0.108182
0.108376
0.108612
0.10889
0.109211
0.109574
0.10998
0.110428
0.110918
0.111449
0.11202
0.11263
0.113277
0.113959
0.114675
0.115421
0.116194
0.116992
0.117809
0.118643
0.119488
0.120341
0.121195
0.122046
0.122889
0.123718
0.124527
0.125311
0.126063
0.126779
0.127453
0.128079
0.128652
0.129166
0.129617
0.129999
0.13031
0.130546
0.130702
0.130777
0.130769
0.130676
0.130499
0.130237
0.129892
0.129467
0.128963
0.128385
0.127738
0.127027
0.126257
0.125437
0.124571
0.123669
0.122737
0.121783
0.120815
0.119841
0.118867
0.117901
0.116948
0.116014
0.115104
0.114223
0.113373
0.112557
0.111778
0.111036
0.110334
0.109671
0.109049
0.108467
0.107927
0.107429
0.106976
0.106568
0.106208
0.105898
0.105641
0.105439
0.105295
0.105211
0.105189
0.105228
0.105329
0.10549
0.105708
0.105981
0.106303
0.106671
0.107078
0.10752
0.107991
0.108486
0.109
0.10953
0.110072
0.110621
0.111176
0.111734
0.11229
0.112842
0.113386
0.113917
0.114429
0.114917
0.115374
0.115792
0.116164
0.116482
0.116738
0.116926
0.11704
0.117075
0.117029
0.13038
