0.095694
0.0957148
0.0957288
0.0957362
0.0957376
0.0957341
0.0957265
0.0957159
0.0957033
0.0956894
0.0956748
0.0956601
0.0956459
0.0956327
0.0956212
0.0956122
0.0956069
0.095607
0.0956143
0.0956313
0.0956607
0.0957057
0.0957697
0.0958563
0.0959692
0.0961121
0.0962884
0.0965011
0.0967531
0.0970465
0.0973829
0.0977632
0.0981877
0.0986557
0.0991662
0.0997174
0.100307
0.100932
0.101589
0.102275
0.102985
0.103717
0.104464
0.105224
0.105992
0.106764
0.107535
0.108302
0.109059
0.109804
0.110532
0.11124
0.111923
0.112579
0.113205
0.113797
0.114354
0.114874
0.115355
0.115797
0.116197
0.116558
0.116878
0.117158
0.117401
0.117606
0.117777
0.117915
0.118022
0.118101
0.118154
0.118183
0.118191
0.118179
0.11815
0.118106
0.118047
0.117975
0.11789
0.117793
0.117685
0.117564
0.117431
0.117285
0.117125
0.11695
0.116759
0.116552
0.116328
0.116085
0.115824
0.115544
0.115245
0.114928
0.114592
0.11424
0.113873
0.113492
0.1131
0.112699
0.112292
0.111883
0.111475
0.111072
0.110677
0.110295
0.10993
0.109586
0.109267
0.108976
0.108718
0.108496
0.108313
0.108172
0.108075
0.108024
0.10802
0.108064
0.108156
0.108296
0.108482
0.108712
0.108985
0.109297
0.109645
0.110025
0.110432
0.110862
0.11131
0.11177
0.112238
0.112709
0.113176
0.113636
0.114083
0.114514
0.114924
0.11531
0.115669
0.115998
0.116297
0.116563
0.116796
0.116995
0.117161
0.117294
0.117397
0.11747
0.117515
0.117534
0.117531
0.117507
0.117465
0.117409
0.117341
0.117263
0.117179
0.117091
0.117
0.116911
0.116823
0.116738
0.116658
0.116584
0.116516
0.116454
0.116398
0.116347
0.116301
0.116259
0.116219
0.11618
0.116142
0.116102
0.116058
0.116011
0.115958
0.115899
0.115833
0.11576
0.115679
0.115592
0.115499
0.115401
0.1153
0.115198
0.115097
0.114998
0.114906
0.114823
0.114751
0.114693
0.114653
0.114633
0.114635
0.114661
0.114714
0.114794
0.114904
0.115043
0.115212
0.115411
0.115639
0.115895
0.116176
0.116482
0.116809
0.117155
0.117516
0.117889
0.118269
0.118654
0.119039
0.11942
0.119792
0.120152
0.120496
0.120821
0.121123
0.1214
0.12165
0.121871
0.122062
0.122223
0.122355
0.122458
0.122535
0.122587
0.122618
0.122631
0.12263
0.122619
0.122603
0.122586
0.122574
0.122571
0.122582
0.122612
0.122667
0.122749
0.122865
0.123017
0.123209
0.123444
0.123726
0.124057
0.124438
0.124871
0.125356
0.125894
0.126485
0.127126
0.127817
0.128554
0.129336
0.130159
0.131019
0.131912
0.132833
0.133779
0.134744
0.135724
0.136715
0.137712
0.138713
0.139714
0.140711
0.141703
0.142688
0.143663
0.144629
0.145584
0.146528
0.147461
0.148382
0.149293
0.150192
0.151079
0.151955
0.152819
0.15367
0.154507
0.155328
0.156133
0.156918
0.157682
0.158422
0.159135
0.159818
0.160467
0.161078
0.161649
0.162174
0.162649
0.16307
0.163434
0.163734
0.163968
0.16413
0.180084
