0.0922151
0.09137
0.090634
0.0900025
0.0894709
0.0890351
0.088691
0.0884346
0.0882619
0.0881688
0.0881509
0.0882032
0.0883206
0.0884976
0.0887285
0.0890073
0.0893284
0.089686
0.0900748
0.09049
0.090927
0.091382
0.0918517
0.0923332
0.0928244
0.0933234
0.0938288
0.0943396
0.094855
0.0953745
0.0958978
0.0964244
0.0969543
0.0974873
0.0980232
0.0985615
0.0991021
0.0996443
0.100187
0.10073
0.101272
0.101812
0.102347
0.102877
0.1034
0.103914
0.104416
0.104905
0.10538
0.105839
0.106281
0.106705
0.10711
0.107496
0.107864
0.108214
0.108547
0.108866
0.109171
0.109467
0.109754
0.110036
0.110316
0.110598
0.110883
0.111177
0.111481
0.111798
0.112132
0.112486
0.112861
0.11326
0.113684
0.114135
0.114615
0.115124
0.115663
0.116231
0.116828
0.117454
0.118107
0.118785
0.119487
0.120208
0.120947
0.121699
0.12246
0.123227
0.123993
0.124755
0.125508
0.126246
0.126965
0.12766
0.128326
0.128961
0.129561
0.130121
0.130642
0.13112
0.131555
0.131945
0.132293
0.132597
0.132859
0.13308
0.133263
0.13341
0.133522
0.133601
0.133651
0.133673
0.133669
0.13364
0.133589
0.133517
0.133425
0.133313
0.133182
0.133031
0.132861
0.132671
0.13246
0.132228
0.131973
0.131694
0.13139
0.131059
0.130701
0.130314
0.129897
0.129449
0.128971
0.128462
0.127921
0.127351
0.126752
0.126126
0.125476
0.124804
0.124113
0.123408
0.122693
0.121974
0.121254
0.120541
0.11984
0.119156
0.118497
0.117868
0.117275
0.116724
0.11622
0.115767
0.11537
0.115032
0.114756
0.114543
0.114395
0.114312
0.114292
0.114333
0.114434
0.11459
0.114797
0.11505
0.115344
0.115671
0.116025
0.116399
0.116787
0.11718
0.117571
0.117954
0.118322
0.118669
0.118988
0.119275
0.119525
0.119735
0.119902
0.120023
0.120098
0.120126
0.120107
0.120043
0.119936
0.119789
0.119606
0.11939
0.119147
0.118881
0.118599
0.118305
0.118007
0.117711
0.117422
0.117147
0.116891
0.116659
0.116458
0.11629
0.116161
0.116072
0.116028
0.116028
0.116074
0.116167
0.116305
0.116488
0.116712
0.116975
0.117274
0.117606
0.117965
0.118349
0.118751
0.119169
0.119597
0.120033
0.120472
0.120912
0.121349
0.121782
0.12221
0.122631
0.123046
0.123454
0.123856
0.124254
0.124648
0.125041
0.125435
0.125831
0.126231
0.126639
0.127055
0.127483
0.127924
0.128379
0.128851
0.12934
0.129847
0.130373
0.130917
0.131478
0.132054
0.132644
0.133244
0.133851
0.134459
0.135063
0.135656
0.136234
0.136787
0.137309
0.137792
0.138228
0.138611
0.138933
0.139189
0.139373
0.13948
0.139508
0.139455
0.139318
0.139097
0.138794
0.13841
0.137946
0.137407
0.136796
0.136116
0.135371
0.134568
0.133709
0.132802
0.131851
0.130863
0.129844
0.128801
0.12774
0.12667
0.125598
0.124532
0.123478
0.122445
0.121439
0.120465
0.11953
0.118638
0.11779
0.116991
0.116239
0.115537
0.114881
0.114271
0.113704
0.113178
0.125115
