0.121005
0.12063
0.120232
0.119834
0.119457
0.119119
0.118834
0.11861
0.118445
0.118332
0.118259
0.11821
0.118165
0.118106
0.118017
0.117887
0.117707
0.117475
0.117193
0.116867
0.116507
0.116122
0.115725
0.115324
0.114928
0.114543
0.114173
0.113819
0.113482
0.113162
0.112856
0.112565
0.112289
0.11203
0.111791
0.111578
0.111396
0.111255
0.111162
0.111127
0.111157
0.111262
0.111447
0.11172
0.112083
0.11254
0.11309
0.113733
0.114466
0.115284
0.116182
0.117154
0.118192
0.119291
0.120443
0.121641
0.12288
0.124155
0.125464
0.126802
0.12817
0.129566
0.130994
0.132453
0.133947
0.135478
0.137048
0.13866
0.140313
0.142008
0.143743
0.145511
0.147308
0.149125
0.150949
0.152769
0.154569
0.156331
0.158038
0.159669
0.161206
0.162628
0.163917
0.165055
0.166026
0.166816
0.167414
0.167813
0.168007
0.167995
0.167777
0.16736
0.166751
0.165959
0.164998
0.163883
0.162629
0.161254
0.159776
0.158212
0.156581
0.1549
0.153186
0.151455
0.149722
0.148001
0.146306
0.14465
0.143043
0.141498
0.140023
0.138629
0.137325
0.136119
0.135019
0.134033
0.133166
0.132423
0.131809
0.131326
0.130976
0.130757
0.130667
0.130702
0.130855
0.131118
0.131481
0.131931
0.132455
0.133038
0.133663
0.134314
0.134972
0.13562
0.136238
0.136809
0.137315
0.137738
0.138063
0.138274
0.138358
0.138303
0.138099
0.137736
0.137209
0.136512
0.135645
0.134606
0.133399
0.132027
0.130498
0.12882
0.127006
0.125067
0.123018
0.120875
0.118656
0.116379
0.114061
0.111722
0.109381
0.107055
0.104762
0.102519
0.10034
0.0982397
0.0962299
0.0943208
0.0925212
0.0908378
0.0892756
0.0878379
0.0865264
0.0853415
0.0842821
0.0833462
0.0825308
0.0818323
0.0812463
0.0807686
0.0803943
0.0801189
0.0799377
0.0798464
0.079841
0.0799178
0.0800732
0.0803043
0.0806082
0.0809821
0.0814236
0.0819301
0.0824989
0.0831273
0.083812
0.0845496
0.085336
0.0861668
0.0870372
0.0879416
0.0888743
0.0898289
0.0907989
0.0917773
0.0927574
0.0937319
0.0946938
0.095636
0.0965516
0.0974338
0.0982757
0.0990706
0.0998119
0.100493
0.101108
0.10165
0.102114
0.102495
0.102787
0.102988
0.103095
0.103106
0.103025
0.102852
0.102594
0.102257
0.101852
0.10139
0.100885
0.10035
0.0998012
0.0992544
0.0987248
0.0982268
0.0977732
0.0973751
0.0970411
0.0967777
0.0965885
0.0964749
0.0964363
0.0964699
0.0965717
0.0967369
0.0969602
0.0972364
0.0975607
0.097929
0.0983382
0.0987861
0.0992715
0.0997936
0.100352
0.100947
0.101578
0.102243
0.102941
0.103667
0.104417
0.105186
0.105967
0.106753
0.107537
0.108313
0.109076
0.109823
0.110553
0.111267
0.111968
0.112665
0.113364
0.114078
0.114815
0.11559
0.116411
0.117289
0.11823
0.11924
0.12032
0.121467
0.122676
0.123937
0.12524
0.126569
0.127907
0.129237
0.130541
0.131799
0.132994
0.134109
0.135128
0.136039
0.136831
0.137494
0.138023
0.138414
0.138666
0.138779
0.138757
0.152812
