0.119558
0.120309
0.121019
0.121674
0.122263
0.122779
0.123221
0.123592
0.1239
0.124156
0.12437
0.124557
0.12473
0.124902
0.125085
0.12529
0.125525
0.125798
0.126116
0.126481
0.1269
0.127376
0.127913
0.128514
0.129186
0.129935
0.130768
0.131693
0.132719
0.133856
0.135112
0.136496
0.138014
0.139671
0.141469
0.143406
0.145478
0.147675
0.149985
0.152393
0.15488
0.157423
0.160001
0.162588
0.165159
0.167687
0.170149
0.172518
0.174771
0.176886
0.178841
0.180616
0.182194
0.183557
0.184692
0.185586
0.18623
0.186616
0.186741
0.186602
0.186203
0.185548
0.184646
0.18351
0.182154
0.180597
0.178858
0.176961
0.174928
0.172786
0.170557
0.168268
0.165941
0.163598
0.161261
0.158945
0.156668
0.154442
0.152276
0.150177
0.148149
0.146195
0.144313
0.1425
0.140752
0.139064
0.137429
0.135839
0.134289
0.13277
0.131277
0.129804
0.128346
0.1269
0.125465
0.124038
0.122622
0.121216
0.119826
0.118453
0.117104
0.115784
0.114498
0.113253
0.112055
0.110912
0.109829
0.108813
0.107869
0.107003
0.10622
0.105523
0.104915
0.1044
0.103978
0.103651
0.103418
0.103278
0.103229
0.103269
0.103392
0.103595
0.103872
0.104215
0.104618
0.105072
0.105569
0.1061
0.106657
0.107229
0.10781
0.108389
0.10896
0.109517
0.110053
0.110565
0.11105
0.111507
0.111937
0.112341
0.112723
0.113088
0.113443
0.113795
0.114152
0.114523
0.114918
0.115345
0.115814
0.116333
0.116908
0.117547
0.118254
0.119032
0.119883
0.120806
0.1218
0.122859
0.123979
0.125152
0.126369
0.127619
0.12889
0.130169
0.131443
0.132696
0.133914
0.135082
0.136186
0.13721
0.138141
0.138965
0.139671
0.140249
0.140687
0.14098
0.14112
0.141104
0.140928
0.140593
0.140099
0.139448
0.138646
0.137699
0.136613
0.135398
0.134063
0.13262
0.131081
0.129458
0.127764
0.126013
0.124219
0.122396
0.120559
0.118722
0.116898
0.115102
0.113345
0.111641
0.109999
0.10843
0.106943
0.105543
0.104236
0.103026
0.101912
0.100896
0.0999737
0.0991418
0.0983945
0.0977247
0.0971245
0.0965849
0.0960966
0.0956503
0.0952366
0.0948465
0.0944717
0.0941046
0.0937383
0.0933673
0.0929865
0.0925921
0.0921811
0.0917511
0.0913007
0.0908288
0.0903352
0.08982
0.089284
0.0887286
0.0881558
0.0875681
0.0869692
0.0863634
0.085756
0.0851532
0.0845622
0.0839909
0.0834478
0.0829422
0.0824832
0.08208
0.0817412
0.0814747
0.0812872
0.0811838
0.0811679
0.0812409
0.0814023
0.0816492
0.0819766
0.0823777
0.0828437
0.0833644
0.0839283
0.0845232
0.0851361
0.0857544
0.0863651
0.0869564
0.0875169
0.0880364
0.0885061
0.0889185
0.0892675
0.0895486
0.0897585
0.0898954
0.0899587
0.0899488
0.0898671
0.0897155
0.0894968
0.0892142
0.0888714
0.0884722
0.088021
0.0875222
0.086981
0.0864027
0.0857932
0.085159
0.0845073
0.0838459
0.0831832
0.0825283
0.0818907
0.0812801
0.0807061
0.0801782
0.0797054
0.0792959
0.078957
0.0786948
0.0785146
0.0784203
0.0784152
0.0865976
