0.0816964
0.0807012
0.0797649
0.0789016
0.0781155
0.0774027
0.0767539
0.0761568
0.075599
0.0750697
0.0745611
0.0740697
0.0735958
0.0731435
0.0727195
0.0723327
0.0719927
0.071709
0.07149
0.0713425
0.0712711
0.071278
0.0713626
0.0715221
0.0717509
0.0720412
0.0723833
0.0727657
0.0731755
0.0735989
0.0740215
0.0744289
0.074807
0.0751424
0.0754231
0.0756389
0.0757813
0.0758446
0.0758253
0.0757228
0.075539
0.0752786
0.0749485
0.074558
0.0741179
0.0736408
0.0731399
0.0726291
0.0721224
0.0716338
0.0711764
0.0707624
0.0704033
0.0701089
0.0698882
0.0697486
0.0696964
0.0697369
0.0698744
0.0701125
0.0704543
0.0709024
0.0714594
0.0721278
0.0729099
0.0738083
0.0748255
0.0759639
0.0772258
0.0786131
0.0801272
0.0817688
0.0835374
0.0854318
0.0874493
0.0895859
0.0918365
0.0941947
0.096653
0.0992032
0.101837
0.104545
0.107319
0.110151
0.113035
0.115964
0.118934
0.121943
0.124989
0.128072
0.131193
0.134353
0.137553
0.140794
0.144075
0.147392
0.150739
0.154109
0.157488
0.16086
0.164206
0.167501
0.170718
0.173828
0.176799
0.179596
0.182188
0.184542
0.186625
0.188411
0.189874
0.190993
0.191754
0.192146
0.192164
0.19181
0.191091
0.190017
0.188606
0.186879
0.18486
0.182577
0.180059
0.177339
0.174447
0.171418
0.168283
0.165075
0.161823
0.158559
0.155308
0.152098
0.148952
0.145893
0.14294
0.140111
0.137421
0.134884
0.132511
0.13031
0.128289
0.126452
0.124801
0.123338
0.122061
0.120967
0.120052
0.119309
0.118732
0.118312
0.11804
0.117905
0.117898
0.118006
0.11822
0.118528
0.118918
0.11938
0.119902
0.120476
0.121091
0.121737
0.122407
0.123091
0.123783
0.124475
0.125161
0.125835
0.126491
0.127124
0.127729
0.128302
0.128838
0.129334
0.129785
0.130189
0.130543
0.130842
0.131086
0.131271
0.131395
0.131458
0.131458
0.131394
0.131267
0.131078
0.130827
0.130517
0.130152
0.129735
0.12927
0.128764
0.128222
0.127652
0.127062
0.12646
0.125855
0.125257
0.124676
0.124122
0.123607
0.12314
0.122731
0.122391
0.12213
0.121956
0.121879
0.121906
0.122043
0.122297
0.122672
0.12317
0.123795
0.124545
0.12542
0.126415
0.127527
0.128747
0.130069
0.131481
0.132973
0.134531
0.136143
0.137795
0.139472
0.141159
0.142845
0.144514
0.146156
0.147758
0.149311
0.150806
0.152234
0.153588
0.15486
0.156044
0.157131
0.158113
0.158984
0.159732
0.160351
0.160831
0.161164
0.161344
0.161366
0.161228
0.160931
0.160479
0.15988
0.159145
0.158286
0.157319
0.156262
0.155129
0.153936
0.152695
0.151416
0.150105
0.148763
0.147386
0.145967
0.144495
0.142956
0.141335
0.139615
0.137783
0.135824
0.133729
0.131492
0.129111
0.12659
0.123935
0.12116
0.118279
0.115311
0.112275
0.109192
0.10608
0.102957
0.0998366
0.0967304
0.093646
0.0905884
0.0875604
0.0845636
0.0816002
0.078674
0.075792
0.0729651
0.0702096
0.0675462
0.0650009
0.0626028
0.0603838
0.0583762
0.0566109
0.0551158
0.053914
0.0530222
0.0581211
