0.00279892
0.00254042
0.00240117
0.00235269
0.00237588
0.00245822
0.00259171
0.00277149
0.00299489
0.0032607
0.00356883
0.00391995
0.00431535
0.00475676
0.00524633
0.00578647
0.0063799
0.00702954
0.00773849
0.00851004
0.0093476
0.0102547
0.0112348
0.0122918
0.0134291
0.0146506
0.0159598
0.0173604
0.0188558
0.0204495
0.0221445
0.023944
0.0258508
0.0278673
0.0299959
0.0322384
0.0345964
0.0370711
0.039663
0.0423725
0.0451993
0.0481425
0.0512009
0.0543725
0.0576548
0.0610448
0.0645385
0.0681318
0.0718196
0.0755965
0.0794561
0.0833917
0.0873961
0.0914614
0.0955793
0.0997411
0.103938
0.108159
0.112396
0.116639
0.120877
0.125101
0.129299
0.133463
0.137582
0.141647
0.145648
0.149577
0.153425
0.157185
0.16085
0.164413
0.167869
0.171213
0.174442
0.177552
0.180541
0.183409
0.186155
0.188781
0.191287
0.193677
0.195954
0.198121
0.200184
0.202149
0.204019
0.205803
0.207506
0.209135
0.210697
0.212197
0.213642
0.215037
0.216388
0.2177
0.218976
0.220219
0.221432
0.222615
0.223769
0.224892
0.225983
0.227037
0.228052
0.22902
0.229937
0.230794
0.231584
0.232298
0.232927
0.233461
0.233891
0.234207
0.2344
0.234461
0.234382
0.234156
0.233777
0.23324
0.232542
0.231681
0.230659
0.229476
0.228139
0.226653
0.225027
0.223273
0.221404
0.219434
0.217382
0.215266
0.213107
0.210926
0.208746
0.206591
0.204485
0.20245
0.200511
0.19869
0.197007
0.195481
0.19413
0.192967
0.192003
0.191247
0.190703
0.19037
0.190245
0.19032
0.190584
0.191019
0.191606
0.192319
0.193132
0.194014
0.19493
0.195846
0.196723
0.197523
0.198207
0.198736
0.199074
0.199185
0.199035
0.198595
0.19784
0.196748
0.195302
0.193494
0.191318
0.188777
0.185879
0.18264
0.179082
0.175234
0.17113
0.166814
0.162331
0.157734
0.153079
0.148428
0.143844
0.13939
0.135133
0.131139
0.127469
0.124184
0.121341
0.118988
0.117168
0.115916
0.115256
0.115201
0.115752
0.116899
0.118617
0.120868
0.123601
0.126753
0.130246
0.133996
0.137904
0.141868
0.14578
0.149526
0.152996
0.156082
0.15868
0.160696
0.162046
0.162661
0.162487
0.161485
0.159638
0.156943
0.15342
0.149105
0.14405
0.138324
0.132009
0.125196
0.117987
0.110488
0.102809
0.0950591
0.087348
0.079781
0.0724591
0.0654778
0.0589272
0.0528914
0.04745
0.0426779
0.0386466
0.0354248
0.0330783
0.0316699
0.031258
0.0318938
0.0336177
0.0364546
0.0404078
0.045452
0.0515268
0.0585305
0.0663149
0.0746827
0.0833888
0.0921441
0.100625
0.108487
0.115382
0.120977
0.12498
0.127156
0.127351
0.1255
0.121642
0.115914
0.108545
0.0998423
0.090166
0.0799068
0.0694565
0.0591825
0.0494055
0.0403822
0.0322965
0.025256
0.019297
0.0143941
0.0104729
0.00742545
0.00512521
0.00343989
0.00224227
0.00141762
0.000867976
0.00051383
0.000293557
0.000161521
8.53922e-05
4.32623e-05
2.09407e-05
9.65045e-06
4.21714e-06
1.73914e-06
6.73038e-07
2.42754e-07
8.09247e-08
2.46737e-08
6.78872e-09
1.65572e-09
3.49212e-10
6.14145e-11
8.49312e-12
8.28006e-13
4.33237e-14
5.3923e-17
