0.0392569
0.0383718
0.0375422
0.0367898
0.0361347
0.0355949
0.0351849
0.0349154
0.0347933
0.0348216
0.0349995
0.0353228
0.0357839
0.0363727
0.037076
0.0378788
0.038764
0.0397132
0.0407068
0.0417254
0.0427495
0.0437606
0.044742
0.045679
0.0465593
0.0473738
0.0481168
0.0487856
0.0493809
0.0499065
0.050369
0.0507772
0.0511417
0.0514743
0.0517876
0.0520943
0.0524067
0.0527362
0.0530932
0.0534867
0.053924
0.0544111
0.0549522
0.0555503
0.0562071
0.0569233
0.057699
0.0585341
0.059428
0.0603804
0.0613915
0.0624615
0.0635914
0.0647824
0.0660359
0.0673535
0.0687365
0.0701853
0.0716997
0.0732776
0.0749156
0.0766079
0.0783466
0.0801212
0.0819192
0.0837257
0.0855243
0.0872973
0.0890264
0.0906937
0.0922823
0.0937772
0.0951664
0.0964411
0.0975971
0.0986346
0.0995588
0.10038
0.101113
0.101777
0.102395
0.102993
0.103601
0.104247
0.10496
0.10577
0.106704
0.107786
0.109038
0.110477
0.112118
0.11397
0.116039
0.118327
0.120832
0.123548
0.126469
0.129582
0.132875
0.136332
0.139935
0.143665
0.147499
0.151415
0.155384
0.15938
0.163371
0.167324
0.171204
0.174974
0.178596
0.18203
0.185236
0.188176
0.190811
0.193107
0.195029
0.196551
0.197647
0.198301
0.198499
0.198237
0.197515
0.196343
0.194735
0.192712
0.190303
0.187539
0.184459
0.181103
0.177515
0.173741
0.169828
0.165821
0.161766
0.157705
0.153679
0.149725
0.145875
0.142157
0.138596
0.13521
0.132014
0.129018
0.126227
0.123643
0.121264
0.119085
0.1171
0.115297
0.113667
0.112198
0.110878
0.109695
0.108637
0.107692
0.106851
0.106105
0.105445
0.104865
0.10436
0.103926
0.10356
0.10326
0.103025
0.102856
0.102752
0.102715
0.102746
0.102845
0.103016
0.103258
0.103572
0.10396
0.104421
0.104955
0.105561
0.106238
0.106985
0.107799
0.108678
0.109619
0.11062
0.111676
0.112785
0.113944
0.115149
0.116396
0.117683
0.119006
0.120363
0.12175
0.123165
0.124606
0.12607
0.127554
0.129056
0.130574
0.132104
0.133643
0.135189
0.136738
0.138286
0.139828
0.141359
0.142875
0.144369
0.145836
0.147269
0.148663
0.150009
0.151303
0.152538
0.153707
0.154805
0.155827
0.15677
0.15763
0.158405
0.159093
0.159695
0.160213
0.160647
0.161001
0.16128
0.161488
0.161628
0.161708
0.161731
0.161702
0.161624
0.1615
0.161332
0.161121
0.160866
0.160566
0.160221
0.159827
0.159383
0.158888
0.158342
0.157744
0.157097
0.156405
0.155671
0.154901
0.154099
0.153272
0.152423
0.151555
0.150668
0.149763
0.148835
0.147879
0.146891
0.145863
0.144792
0.143676
0.142514
0.141314
0.140087
0.138847
0.137617
0.136421
0.135288
0.134246
0.133323
0.132546
0.131934
0.131503
0.131258
0.131201
0.131321
0.131605
0.13203
0.13257
0.133197
0.133878
0.134586
0.135292
0.135972
0.136607
0.137184
0.137692
0.13813
0.1385
0.138807
0.139059
0.139266
0.139435
0.139572
0.139676
0.139744
0.139764
0.139717
0.139582
0.139331
0.13894
0.138382
0.153165
