0.274644
0.274578
0.273352
0.271004
0.267614
0.263295
0.258186
0.252441
0.246227
0.23971
0.233054
0.226408
0.219906
0.213658
0.207749
0.202233
0.197135
0.192451
0.188148
0.184172
0.180454
0.17692
0.173497
0.170121
0.166749
0.163359
0.159951
0.15655
0.1532
0.149954
0.146872
0.144007
0.141402
0.139081
0.137047
0.135279
0.133738
0.132367
0.131099
0.129865
0.128597
0.127238
0.125747
0.124101
0.122293
0.120341
0.118274
0.116139
0.113991
0.111891
0.109901
0.108083
0.106492
0.105179
0.104185
0.103544
0.103284
0.103423
0.103976
0.10495
0.106349
0.108176
0.110427
0.1131
0.116186
0.119676
0.12356
0.127822
0.132445
0.137405
0.142678
0.148234
0.154038
0.160052
0.166236
0.172544
0.178928
0.185338
0.191724
0.198033
0.204214
0.210215
0.215987
0.221484
0.226661
0.231478
0.235899
0.239893
0.243432
0.246495
0.249065
0.25113
0.252685
0.253729
0.254266
0.254304
0.253856
0.252941
0.251579
0.249795
0.247617
0.245074
0.2422
0.239028
0.235593
0.231932
0.228079
0.224072
0.219944
0.21573
0.211462
0.20717
0.202883
0.198626
0.194422
0.190291
0.186251
0.182316
0.178498
0.174805
0.171243
0.167817
0.164527
0.161372
0.158351
0.155458
0.15269
0.150041
0.147503
0.14507
0.142735
0.140491
0.138332
0.136251
0.134244
0.132305
0.130429
0.128615
0.126858
0.125156
0.123508
0.121914
0.120371
0.11888
0.117441
0.116053
0.114718
0.113435
0.112204
0.111025
0.109898
0.108823
0.1078
0.106826
0.105903
0.105029
0.104203
0.103426
0.102697
0.102017
0.101388
0.100811
0.10029
0.0998299
0.0994373
0.0991204
0.0988894
0.0987565
0.0987364
0.0988455
0.0991028
0.0995285
0.100145
0.100974
0.102039
0.103363
0.104966
0.106866
0.109075
0.111603
0.114449
0.117606
0.121058
0.124776
0.128721
0.132842
0.137078
0.141355
0.14559
0.149692
0.153566
0.157113
0.160233
0.162834
0.164827
0.166138
0.166706
0.166485
0.165451
0.163601
0.16095
0.157537
0.153418
0.148669
0.143377
0.137643
0.131573
0.125277
0.118864
0.112437
0.106093
0.099916
0.093978
0.088337
0.0830361
0.0781037
0.0735546
0.0693912
0.0656048
0.0621781
0.0590871
0.0563026
0.053793
0.0515251
0.0494662
0.0475851
0.0458525
0.0442424
0.0427316
0.0413006
0.0399328
0.0386148
0.037336
0.0360883
0.0348656
0.0336636
0.0324794
0.0313113
0.0301585
0.0290208
0.0278984
0.0267921
0.0257028
0.0246314
0.023579
0.0225467
0.0215357
0.0205469
0.0195814
0.01864
0.0177235
0.0168327
0.0159682
0.0151305
0.01432
0.0135371
0.0127819
0.0120546
0.0113553
0.0106838
0.0100402
0.00942406
0.00883522
0.00827329
0.00773786
0.00722845
0.00674452
0.00628549
0.00585074
0.00543961
0.00505141
0.00468543
0.00434092
0.00401713
0.00371331
0.00342869
0.0031625
0.00291399
0.00268239
0.00246698
0.00226704
0.00208188
0.00191084
0.00175329
0.00160864
0.00147635
0.00135595
0.00124702
0.00114923
0.00106235
0.000986263
0.000921043
0.000866963
0.0008246
0.000794942
0.000779555
0.000780808
0.0008022
0.000848784
0.00104977
