0.104612
0.104847
0.104951
0.104907
0.104707
0.104357
0.103869
0.103265
0.10257
0.101806
0.100999
0.100166
0.0993232
0.0984801
0.0976427
0.0968138
0.0959942
0.0951841
0.0943844
0.0935974
0.0928273
0.0920805
0.0913656
0.0906925
0.0900722
0.0895159
0.0890342
0.0886365
0.0883303
0.088121
0.088011
0.0880003
0.0880858
0.0882616
0.0885196
0.0888489
0.0892371
0.0896699
0.0901323
0.0906082
0.0910817
0.0915372
0.0919597
0.0923355
0.0926528
0.0929016
0.0930742
0.0931654
0.0931728
0.0930965
0.0929393
0.0927067
0.0924064
0.0920483
0.0916441
0.0912071
0.0907518
0.0902937
0.0898487
0.0894333
0.089064
0.0887572
0.0885293
0.0883961
0.0883733
0.0884761
0.0887191
0.0891166
0.0896825
0.09043
0.0913718
0.0925198
0.0938849
0.095477
0.0973044
0.0993736
0.101689
0.104252
0.107061
0.110112
0.113395
0.116898
0.120602
0.124485
0.12852
0.132676
0.136916
0.1412
0.145487
0.14973
0.153883
0.157899
0.161731
0.165334
0.168666
0.17169
0.174373
0.176688
0.178615
0.180139
0.181255
0.181964
0.182274
0.1822
0.181765
0.180994
0.179919
0.178576
0.177003
0.175238
0.173323
0.171296
0.169196
0.167059
0.164918
0.162804
0.160742
0.158755
0.156859
0.155068
0.153392
0.151834
0.150396
0.149075
0.147864
0.146756
0.14574
0.144801
0.143926
0.143099
0.142305
0.141529
0.140756
0.139971
0.139162
0.13832
0.137435
0.136502
0.135516
0.134476
0.133384
0.132244
0.131061
0.129844
0.128602
0.127346
0.126089
0.124843
0.123622
0.122439
0.121305
0.120233
0.119233
0.118315
0.117485
0.11675
0.116114
0.115579
0.115145
0.114812
0.114576
0.114434
0.11438
0.114407
0.114507
0.114673
0.114896
0.115167
0.115476
0.115816
0.116176
0.116549
0.116927
0.117302
0.117668
0.118018
0.118347
0.118651
0.118926
0.119169
0.119377
0.119548
0.119683
0.119779
0.119838
0.11986
0.119845
0.119796
0.119715
0.119603
0.119463
0.119299
0.119113
0.118909
0.118691
0.118464
0.118231
0.117997
0.117767
0.117547
0.11734
0.117152
0.116988
0.116852
0.116748
0.116679
0.11665
0.116661
0.116715
0.116812
0.116952
0.117133
0.117354
0.117612
0.117904
0.118227
0.118576
0.118947
0.119337
0.119741
0.120155
0.120576
0.120999
0.121422
0.12184
0.122248
0.122643
0.12302
0.123372
0.123694
0.123981
0.124225
0.124421
0.124565
0.124652
0.12468
0.12465
0.124563
0.124423
0.124239
0.124018
0.123773
0.123514
0.123255
0.123009
0.122786
0.122597
0.122448
0.122343
0.122283
0.122265
0.122283
0.122328
0.122389
0.122452
0.122504
0.122531
0.12252
0.12246
0.122342
0.12216
0.12191
0.121592
0.121208
0.12076
0.120254
0.119696
0.11909
0.118443
0.117757
0.117033
0.11627
0.115467
0.114618
0.113719
0.112766
0.111753
0.110679
0.109543
0.108352
0.107111
0.105834
0.104537
0.103238
0.101959
0.100722
0.0995496
0.0984626
0.0974787
0.0966122
0.0958728
0.0952653
0.0947893
0.0944399
0.0942073
0.0940783
0.0940367
0.0940641
0.0941413
0.104074
