0.0942172
0.0947128
0.0953398
0.0960984
0.096985
0.0979927
0.099112
0.100331
0.101638
0.10302
0.104465
0.105965
0.107512
0.109103
0.110738
0.112417
0.114148
0.115935
0.117787
0.119713
0.12172
0.123815
0.126004
0.12829
0.130674
0.133154
0.135727
0.138386
0.141123
0.143928
0.146789
0.149692
0.152623
0.155569
0.158513
0.161439
0.164333
0.167178
0.169957
0.172654
0.17525
0.177727
0.180068
0.182253
0.184261
0.186075
0.187674
0.18904
0.190157
0.191009
0.191584
0.191872
0.191868
0.19157
0.190979
0.190101
0.188946
0.187528
0.185862
0.183968
0.181869
0.179588
0.177151
0.174583
0.171912
0.169163
0.166362
0.163535
0.160707
0.157899
0.155134
0.152431
0.149809
0.147283
0.144868
0.142577
0.140418
0.138399
0.136527
0.134804
0.133231
0.131808
0.13053
0.129392
0.128388
0.12751
0.126746
0.126086
0.125519
0.12503
0.124609
0.124241
0.123914
0.123615
0.123333
0.123057
0.122777
0.122485
0.122172
0.121833
0.121464
0.12106
0.12062
0.120143
0.119631
0.119084
0.118505
0.117898
0.117268
0.116619
0.115957
0.115289
0.11462
0.113956
0.113306
0.112674
0.112067
0.111492
0.110954
0.110459
0.110013
0.109618
0.109281
0.109004
0.108789
0.10864
0.108556
0.108539
0.108588
0.108701
0.108876
0.10911
0.1094
0.10974
0.110124
0.110549
0.111006
0.111491
0.111996
0.112517
0.113047
0.113581
0.114116
0.114648
0.115175
0.115696
0.116212
0.116725
0.117236
0.117751
0.118272
0.118808
0.119362
0.119942
0.120554
0.121205
0.1219
0.122644
0.12344
0.124293
0.125203
0.12617
0.127192
0.128267
0.129388
0.13055
0.131744
0.132961
0.134191
0.13542
0.136637
0.137829
0.138981
0.140081
0.141114
0.142067
0.142926
0.143681
0.14432
0.144832
0.14521
0.145446
0.145536
0.145476
0.145265
0.144904
0.144395
0.143742
0.142953
0.142035
0.140997
0.139852
0.138609
0.137283
0.135884
0.134427
0.132923
0.131384
0.12982
0.128242
0.126657
0.125072
0.123493
0.121925
0.120369
0.118828
0.117302
0.115791
0.114293
0.112808
0.111334
0.109867
0.108408
0.106952
0.1055
0.104049
0.102598
0.101146
0.099692
0.0982365
0.0967793
0.0953209
0.0938623
0.0924049
0.0909508
0.0895029
0.0880646
0.0866402
0.0852349
0.0838546
0.0825059
0.0811962
0.0799334
0.0787257
0.0775814
0.0765087
0.0755155
0.0746087
0.0737945
0.0730778
0.072462
0.0719491
0.0715394
0.0712314
0.071022
0.0709067
0.0708794
0.0709331
0.0710596
0.0712504
0.0714964
0.0717887
0.0721185
0.0724776
0.0728584
0.0732542
0.0736593
0.0740691
0.07448
0.0748895
0.0752961
0.0756989
0.0760981
0.0764941
0.076888
0.077281
0.0776745
0.0780698
0.0784683
0.0788709
0.0792787
0.0796923
0.0801126
0.0805399
0.0809747
0.0814177
0.0818694
0.0823307
0.0828024
0.0832857
0.0837815
0.0842911
0.0848153
0.0853549
0.0859103
0.0864814
0.0870675
0.0876676
0.0882799
0.0889021
0.0895316
0.0901653
0.0907995
0.0914301
0.0920526
0.0926616
0.0932506
0.0938121
0.094337
0.104848
