0.0842032
0.0836273
0.0831754
0.0828405
0.0826148
0.0824907
0.0824604
0.0825165
0.0826523
0.0828611
0.0831372
0.083475
0.0838693
0.0843149
0.0848069
0.0853402
0.0859096
0.0865101
0.0871362
0.0877827
0.0884443
0.0891162
0.0897935
0.090472
0.0911479
0.0918178
0.0924789
0.0931292
0.0937668
0.0943908
0.0950004
0.0955954
0.0961759
0.0967422
0.0972952
0.0978356
0.0983644
0.0988826
0.0993913
0.0998917
0.100385
0.100871
0.101352
0.101828
0.1023
0.102767
0.103231
0.10369
0.104145
0.104595
0.105041
0.105481
0.105916
0.106345
0.106767
0.107184
0.107594
0.107999
0.108399
0.108794
0.109187
0.109577
0.109967
0.110359
0.110753
0.111151
0.111556
0.111969
0.112391
0.112825
0.113271
0.113731
0.114205
0.114695
0.1152
0.115721
0.116259
0.116812
0.117381
0.117965
0.118564
0.119176
0.119801
0.120436
0.121081
0.121734
0.122393
0.123056
0.123722
0.124386
0.125048
0.125705
0.126353
0.126991
0.127615
0.128223
0.128812
0.12938
0.129925
0.130445
0.130938
0.131402
0.131836
0.13224
0.132612
0.132952
0.13326
0.133536
0.13378
0.133991
0.13417
0.134316
0.13443
0.134512
0.134562
0.134578
0.134562
0.134511
0.134427
0.134307
0.134153
0.133962
0.133736
0.133473
0.133173
0.132837
0.132464
0.132055
0.131611
0.131133
0.130622
0.130079
0.129506
0.128907
0.128282
0.127635
0.12697
0.126288
0.125595
0.124893
0.124187
0.123482
0.12278
0.122087
0.121408
0.120746
0.120105
0.119491
0.118907
0.118357
0.117843
0.11737
0.116939
0.116552
0.116211
0.115917
0.11567
0.11547
0.115317
0.115209
0.115144
0.115121
0.115136
0.115188
0.115272
0.115385
0.115524
0.115684
0.115862
0.116054
0.116255
0.116461
0.116669
0.116875
0.117076
0.117267
0.117446
0.117611
0.117758
0.117885
0.117991
0.118075
0.118134
0.11817
0.118181
0.118168
0.118132
0.118074
0.117995
0.117898
0.117784
0.117656
0.117518
0.117371
0.117219
0.117065
0.116912
0.116763
0.116622
0.116491
0.116372
0.116269
0.116182
0.116114
0.116066
0.116039
0.116034
0.116051
0.116091
0.116153
0.116237
0.116343
0.116471
0.116619
0.116788
0.116977
0.117185
0.117413
0.117659
0.117924
0.118208
0.118511
0.118831
0.11917
0.119527
0.119901
0.120293
0.120702
0.121127
0.121568
0.122025
0.122496
0.122981
0.12348
0.123992
0.124517
0.125055
0.125605
0.126168
0.126743
0.127331
0.127931
0.128544
0.129168
0.129802
0.130446
0.131098
0.131755
0.132416
0.133077
0.133735
0.134385
0.135025
0.13565
0.136256
0.136837
0.137391
0.137914
0.1384
0.138847
0.139252
0.139612
0.139924
0.140185
0.140394
0.140548
0.140646
0.140685
0.140665
0.140585
0.140442
0.140238
0.139971
0.139641
0.139251
0.138801
0.138295
0.137734
0.137124
0.136468
0.135772
0.135041
0.13428
0.133496
0.132693
0.131878
0.131054
0.130228
0.129401
0.128578
0.127762
0.126954
0.126156
0.12537
0.124596
0.123836
0.123091
0.122362
0.121649
0.134021
