0.113183
0.113949
0.114821
0.115802
0.116897
0.118107
0.119435
0.120883
0.122454
0.124149
0.125971
0.12792
0.129996
0.132197
0.134519
0.136956
0.139498
0.142132
0.144843
0.14761
0.150412
0.153223
0.156016
0.158762
0.161432
0.163997
0.166428
0.1687
0.170787
0.172668
0.174325
0.175743
0.17691
0.177817
0.178459
0.178834
0.178943
0.178787
0.178373
0.177707
0.176799
0.17566
0.174303
0.172742
0.170993
0.169072
0.166999
0.164794
0.162477
0.16007
0.157595
0.155075
0.152531
0.149986
0.147461
0.144973
0.142543
0.140185
0.137912
0.135737
0.133667
0.131709
0.129868
0.128145
0.126539
0.12505
0.123673
0.122406
0.121243
0.120179
0.119209
0.118327
0.117528
0.116806
0.116158
0.115579
0.115064
0.11461
0.114214
0.113872
0.113582
0.113341
0.113147
0.112997
0.11289
0.112824
0.112797
0.112808
0.112856
0.112939
0.113056
0.113205
0.113384
0.113593
0.113828
0.114088
0.114368
0.114665
0.114976
0.115296
0.11562
0.115942
0.116257
0.116559
0.116841
0.117099
0.117326
0.117516
0.117665
0.117767
0.117819
0.117817
0.11776
0.117645
0.117473
0.117243
0.116957
0.116617
0.116227
0.115791
0.115313
0.1148
0.114257
0.113691
0.113109
0.112519
0.111929
0.111346
0.110779
0.110236
0.109724
0.109251
0.108825
0.108453
0.108141
0.107895
0.107721
0.107623
0.107606
0.107673
0.107826
0.108065
0.108392
0.108806
0.109304
0.109883
0.110539
0.111266
0.112059
0.11291
0.113811
0.114754
0.11573
0.116729
0.117742
0.118759
0.119773
0.120773
0.121753
0.122705
0.123624
0.124504
0.125342
0.126136
0.126884
0.127588
0.128249
0.128869
0.129452
0.130004
0.13053
0.131036
0.131528
0.132013
0.132497
0.132986
0.133485
0.133998
0.134529
0.135078
0.135647
0.136233
0.136835
0.137447
0.138063
0.138676
0.139278
0.139858
0.140405
0.140909
0.141358
0.141739
0.142043
0.142257
0.142372
0.142378
0.142269
0.142037
0.141677
0.141185
0.140561
0.139803
0.138913
0.137894
0.136751
0.135488
0.134115
0.132639
0.13107
0.129418
0.127697
0.125917
0.124094
0.12224
0.120369
0.118496
0.116636
0.114801
0.113006
0.111264
0.109585
0.107981
0.10646
0.10503
0.103696
0.102463
0.101332
0.100304
0.099376
0.0985452
0.0978064
0.0971529
0.0965773
0.0960708
0.0956242
0.095228
0.0948724
0.0945478
0.0942451
0.0939557
0.0936717
0.0933861
0.0930929
0.092787
0.0924643
0.092122
0.0917577
0.0913703
0.0909592
0.0905247
0.0900675
0.0895888
0.0890902
0.0885738
0.0880417
0.0874964
0.0869405
0.0863768
0.0858083
0.085238
0.0846692
0.0841053
0.0835497
0.0830059
0.0824775
0.081968
0.0814807
0.0810188
0.0805853
0.0801829
0.0798138
0.0794798
0.0791823
0.0789222
0.0786998
0.0785149
0.0783667
0.0782537
0.078174
0.0781247
0.0781023
0.0781026
0.0781207
0.0781513
0.0781886
0.0782269
0.078261
0.0782863
0.0783
0.0783009
0.0782904
0.0782725
0.0782539
0.0782441
0.0782546
0.0782984
0.0783889
0.0785388
0.0787591
0.0882831
