0.0970265
0.0974034
0.0978659
0.0984245
0.0990907
0.099876
0.100792
0.101847
0.103051
0.10441
0.105925
0.107598
0.109425
0.1114
0.113516
0.115764
0.118132
0.120609
0.123184
0.125846
0.128586
0.131392
0.134258
0.137174
0.140132
0.143123
0.146138
0.149166
0.152194
0.155207
0.158191
0.161125
0.163989
0.166763
0.169424
0.171947
0.174311
0.176493
0.178471
0.180228
0.181747
0.183013
0.184018
0.184753
0.185214
0.185403
0.185321
0.184975
0.184372
0.183524
0.182443
0.181144
0.179641
0.177951
0.176091
0.174079
0.171932
0.16967
0.167311
0.164874
0.162378
0.159841
0.157283
0.154721
0.152174
0.149657
0.147187
0.144779
0.142445
0.140197
0.138046
0.136
0.134066
0.132249
0.130554
0.128983
0.127538
0.12622
0.125026
0.123958
0.123011
0.122185
0.121475
0.120878
0.12039
0.120006
0.11972
0.119526
0.119419
0.11939
0.119432
0.119537
0.119696
0.119899
0.120138
0.120403
0.120683
0.12097
0.121253
0.121523
0.121772
0.121992
0.122176
0.122317
0.12241
0.122451
0.122436
0.122364
0.122234
0.122045
0.121798
0.121497
0.121142
0.12074
0.120293
0.119806
0.119286
0.118737
0.118167
0.117581
0.116985
0.116387
0.115791
0.115206
0.114637
0.114089
0.113569
0.113082
0.112633
0.112226
0.111866
0.111556
0.1113
0.1111
0.110958
0.110876
0.110854
0.110892
0.11099
0.111147
0.11136
0.111627
0.111945
0.112311
0.11272
0.11317
0.113655
0.114173
0.114718
0.115289
0.115881
0.116492
0.11712
0.117764
0.118424
0.119098
0.119788
0.120494
0.121219
0.121964
0.122732
0.123523
0.124341
0.125187
0.126061
0.126965
0.127897
0.128856
0.12984
0.130846
0.131869
0.132904
0.133944
0.134983
0.136011
0.137022
0.138007
0.138955
0.13986
0.140711
0.141502
0.142223
0.142867
0.143428
0.143901
0.144279
0.144557
0.144734
0.144804
0.144765
0.144616
0.144355
0.143981
0.143494
0.142893
0.14218
0.141355
0.140421
0.139379
0.138234
0.136988
0.135647
0.134214
0.132698
0.131103
0.129436
0.127706
0.12592
0.124085
0.122209
0.120301
0.118368
0.116417
0.114456
0.112491
0.110528
0.108575
0.106636
0.104718
0.102827
0.100967
0.0991455
0.0973674
0.0956386
0.0939653
0.0923534
0.0908087
0.0893369
0.0879433
0.0866327
0.0854092
0.0842758
0.0832347
0.0822869
0.0814321
0.0806687
0.0799938
0.0794033
0.078892
0.0784536
0.0780811
0.0777669
0.0775029
0.0772811
0.0770935
0.0769325
0.076791
0.0766627
0.0765422
0.0764249
0.0763074
0.0761872
0.0760629
0.0759339
0.0758006
0.0756642
0.0755264
0.0753895
0.0752562
0.0751294
0.0750124
0.0749084
0.0748207
0.0747528
0.0747079
0.0746896
0.0747012
0.0747461
0.0748278
0.0749498
0.0751156
0.0753286
0.0755922
0.0759094
0.076283
0.0767155
0.0772086
0.0777633
0.0783801
0.0790584
0.0797967
0.0805926
0.0814427
0.0823426
0.083287
0.0842695
0.0852827
0.086318
0.0873657
0.088415
0.0894538
0.0904689
0.0914463
0.0923713
0.0932296
0.0940072
0.0946921
0.0952747
0.0957489
0.106707
