0.13554
0.135592
0.135677
0.135788
0.135919
0.13606
0.136201
0.136333
0.136447
0.136536
0.136594
0.136619
0.136612
0.136575
0.136515
0.136438
0.136352
0.136266
0.136184
0.136111
0.136049
0.135996
0.135947
0.135895
0.135831
0.135745
0.135628
0.13547
0.135267
0.135013
0.13471
0.134361
0.133974
0.133559
0.133129
0.132698
0.132282
0.131899
0.131564
0.131293
0.1311
0.131001
0.131006
0.131129
0.131379
0.131767
0.132301
0.132989
0.133838
0.134853
0.13604
0.137399
0.138932
0.140638
0.14251
0.144542
0.146722
0.149037
0.151467
0.153992
0.156588
0.159226
0.161877
0.164508
0.167085
0.169573
0.171938
0.174144
0.176158
0.177949
0.179486
0.180744
0.181701
0.182338
0.182644
0.182608
0.182228
0.181506
0.180448
0.179067
0.177378
0.175402
0.173163
0.170689
0.168009
0.165155
0.162161
0.159059
0.155885
0.15267
0.149449
0.146252
0.143109
0.140046
0.137087
0.134256
0.131571
0.129049
0.126702
0.124542
0.122576
0.120808
0.119241
0.117873
0.116702
0.115721
0.114922
0.114296
0.11383
0.113512
0.113325
0.113255
0.113285
0.113396
0.113574
0.1138
0.114058
0.114334
0.114613
0.114885
0.115137
0.115363
0.115557
0.115716
0.115838
0.115925
0.115981
0.11601
0.116019
0.116018
0.116013
0.116016
0.116034
0.116078
0.116155
0.116272
0.116435
0.116648
0.116912
0.117227
0.117591
0.118
0.118447
0.118925
0.119423
0.11993
0.120435
0.120924
0.121383
0.121799
0.122156
0.122443
0.122645
0.122751
0.122749
0.12263
0.122385
0.122008
0.121495
0.120842
0.120049
0.119118
0.118051
0.116855
0.115537
0.114108
0.112577
0.11096
0.10927
0.107523
0.105736
0.103927
0.102113
0.100312
0.0985417
0.0968195
0.095161
0.0935813
0.0920935
0.0907095
0.089439
0.08829
0.0872682
0.0863773
0.0856188
0.0849925
0.0844959
0.0841252
0.0838745
0.0837372
0.0837049
0.0837688
0.0839191
0.0841456
0.0844378
0.0847851
0.085177
0.0856031
0.0860535
0.0865185
0.0869893
0.0874575
0.0879157
0.0883575
0.0887775
0.0891716
0.0895368
0.0898718
0.0901769
0.0904537
0.0907056
0.0909374
0.0911553
0.0913667
0.0915799
0.0918038
0.0920474
0.0923197
0.0926287
0.0929819
0.0933848
0.0938416
0.0943544
0.0949231
0.0955457
0.0962179
0.0969336
0.097685
0.0984629
0.0992574
0.100058
0.100853
0.101634
0.102388
0.103108
0.103785
0.104411
0.104981
0.105489
0.10593
0.106302
0.1066
0.106823
0.106968
0.107034
0.107019
0.106922
0.106743
0.106484
0.106144
0.105729
0.105243
0.104692
0.104086
0.103435
0.102751
0.102049
0.101343
0.10065
0.0999855
0.0993653
0.0988044
0.098316
0.0979114
0.0975996
0.0973868
0.0972762
0.0972685
0.0973611
0.0975493
0.0978258
0.0981815
0.0986061
0.0990881
0.0996155
0.100176
0.100759
0.101353
0.101948
0.102536
0.103108
0.103659
0.104185
0.104681
0.105147
0.105579
0.105978
0.106345
0.106678
0.106979
0.107248
0.107485
0.10769
0.107862
0.108002
0.108108
0.10818
0.108217
0.10822
0.119052
