0.246419
0.247122
0.246898
0.245716
0.243582
0.240542
0.236677
0.232096
0.226929
0.221322
0.215429
0.209402
0.203386
0.197513
0.191898
0.186632
0.181778
0.177375
0.173428
0.169917
0.166798
0.164006
0.161468
0.159102
0.156834
0.154601
0.152356
0.150076
0.147759
0.145425
0.143108
0.140856
0.138718
0.136739
0.134954
0.133382
0.132023
0.130858
0.12985
0.12895
0.1281
0.127243
0.126325
0.1253
0.124139
0.122829
0.121374
0.119795
0.11813
0.116425
0.114738
0.11313
0.11166
0.110389
0.10937
0.10865
0.108271
0.108263
0.108651
0.109454
0.110684
0.112347
0.114447
0.116982
0.119949
0.123342
0.12715
0.131361
0.135958
0.140921
0.146225
0.15184
0.157731
0.16386
0.170179
0.176639
0.183185
0.189759
0.196297
0.202736
0.209011
0.215056
0.220806
0.226202
0.231183
0.235697
0.239698
0.243143
0.246
0.248243
0.249857
0.250833
0.251171
0.250883
0.249984
0.248501
0.246466
0.243918
0.240901
0.237463
0.233658
0.229539
0.225162
0.220585
0.215862
0.211048
0.206194
0.20135
0.196561
0.191866
0.187303
0.182902
0.178689
0.174685
0.170905
0.16736
0.164055
0.16099
0.158164
0.155568
0.153194
0.151027
0.149054
0.147256
0.145616
0.144115
0.142734
0.141454
0.140257
0.139125
0.138041
0.136991
0.135961
0.134939
0.133916
0.132882
0.131833
0.130763
0.129669
0.12855
0.127407
0.126239
0.125051
0.123845
0.122626
0.121398
0.120166
0.118937
0.117716
0.116508
0.11532
0.114156
0.113023
0.111926
0.110869
0.109857
0.108897
0.107992
0.107148
0.10637
0.105666
0.105043
0.104507
0.10407
0.103741
0.103534
0.103461
0.103539
0.103785
0.104217
0.104856
0.105721
0.106832
0.108211
0.109873
0.111836
0.114108
0.116697
0.119601
0.122811
0.12631
0.130071
0.134053
0.138209
0.142477
0.146786
0.151058
0.155202
0.159128
0.162739
0.16594
0.168638
0.17075
0.172201
0.172929
0.172891
0.17206
0.170428
0.168012
0.164843
0.160975
0.156479
0.151439
0.14595
0.140116
0.134044
0.12784
0.121607
0.11544
0.109425
0.103634
0.0981284
0.0929526
0.0881381
0.0837022
0.0796499
0.0759749
0.072662
0.0696883
0.0670259
0.0646434
0.0625075
0.0605849
0.0588429
0.0572512
0.0557817
0.0544095
0.0531129
0.0518734
0.0506755
0.0495067
0.0483571
0.047219
0.0460867
0.0449562
0.0438246
0.0426905
0.0415529
0.0404118
0.0392676
0.0381211
0.0369734
0.0358257
0.0346797
0.0335367
0.0323984
0.0312665
0.0301427
0.0290285
0.0279257
0.0268359
0.0257605
0.0247011
0.0236591
0.0226359
0.0216326
0.0206506
0.0196908
0.0187543
0.0178419
0.0169545
0.0160927
0.0152571
0.0144482
0.0136663
0.0129119
0.0121851
0.0114859
0.0108144
0.0101706
0.00955432
0.00896534
0.00840339
0.00786815
0.00735924
0.00687623
0.00641866
0.00598603
0.00557784
0.00519356
0.00483267
0.00449464
0.00417897
0.0038852
0.0036129
0.00336171
0.00313136
0.0029217
0.00273269
0.00256453
0.00241764
0.00229284
0.00219137
0.00211516
0.00206702
0.00205098
0.00207272
0.00214009
0.00226381
0.0027816
