0.110815
0.111525
0.112339
0.11326
0.114292
0.115438
0.116703
0.118089
0.119602
0.121244
0.12302
0.124932
0.126981
0.129166
0.131485
0.13393
0.136494
0.139162
0.141919
0.144745
0.147616
0.150509
0.153395
0.156247
0.159036
0.161732
0.16431
0.166743
0.169008
0.171084
0.172952
0.174598
0.176009
0.177175
0.178088
0.178744
0.179141
0.179277
0.179155
0.178778
0.178151
0.177283
0.176182
0.174859
0.173329
0.171607
0.169709
0.167654
0.165463
0.163157
0.160759
0.158292
0.155778
0.153242
0.150705
0.148187
0.145708
0.143286
0.140935
0.138667
0.136494
0.134423
0.132459
0.130607
0.128867
0.12724
0.125725
0.124318
0.123018
0.121821
0.120722
0.119718
0.118804
0.117977
0.117232
0.116566
0.115975
0.115455
0.115003
0.114616
0.11429
0.114023
0.113811
0.113651
0.113542
0.113481
0.113465
0.113493
0.113561
0.113669
0.113814
0.113994
0.114207
0.114449
0.114718
0.11501
0.115322
0.115649
0.115987
0.116331
0.116675
0.117013
0.117339
0.117648
0.117933
0.118189
0.118409
0.118589
0.118724
0.11881
0.118842
0.11882
0.11874
0.118603
0.118408
0.118156
0.117848
0.117489
0.117081
0.116628
0.116136
0.11561
0.115056
0.114481
0.113891
0.113294
0.112697
0.112108
0.111534
0.110983
0.110462
0.109979
0.10954
0.109152
0.108823
0.108556
0.10836
0.108236
0.108191
0.108227
0.108346
0.10855
0.108839
0.109212
0.109668
0.110203
0.110813
0.111494
0.112239
0.113042
0.113895
0.11479
0.115718
0.11667
0.117637
0.118611
0.119584
0.120547
0.121493
0.122417
0.123312
0.124175
0.125003
0.125793
0.126546
0.127262
0.127941
0.128588
0.129206
0.129798
0.130371
0.130928
0.131476
0.13202
0.132566
0.133117
0.133677
0.134251
0.134839
0.135442
0.13606
0.13669
0.13733
0.137974
0.138615
0.139246
0.139858
0.140441
0.140984
0.141477
0.141907
0.142264
0.142536
0.142712
0.142784
0.142741
0.142578
0.142287
0.141865
0.141308
0.140615
0.139787
0.138825
0.137734
0.136517
0.135183
0.133738
0.132192
0.130555
0.128838
0.127052
0.12521
0.123325
0.121412
0.119483
0.117552
0.115635
0.113743
0.111891
0.11009
0.108353
0.10669
0.10511
0.103622
0.102231
0.100941
0.0997558
0.0986758
0.0977
0.0968255
0.0960481
0.0953618
0.0947594
0.0942328
0.093773
0.0933704
0.0930154
0.0926981
0.092409
0.0921392
0.0918801
0.0916243
0.0913651
0.0910967
0.0908145
0.0905149
0.0901951
0.0898536
0.0894892
0.089102
0.0886923
0.0882611
0.08781
0.0873408
0.0868556
0.0863568
0.0858469
0.0853287
0.084805
0.0842789
0.0837536
0.0832324
0.0827187
0.0822161
0.0817281
0.0812584
0.0808105
0.0803878
0.0799936
0.0796308
0.0793021
0.0790096
0.0787551
0.0785399
0.0783647
0.0782297
0.0781344
0.0780779
0.0780584
0.0780737
0.0781205
0.078195
0.0782927
0.0784081
0.0785355
0.0786685
0.0788011
0.0789272
0.0790421
0.0791424
0.0792267
0.0792961
0.0793545
0.0794089
0.0794686
0.0795456
0.0796531
0.0798047
0.0800132
0.0895926
