0.170127
0.171817
0.173401
0.174859
0.176172
0.177324
0.178298
0.17908
0.179659
0.180026
0.180174
0.180101
0.179804
0.179287
0.178553
0.17761
0.176468
0.175138
0.173634
0.17197
0.170163
0.16823
0.166188
0.164055
0.16185
0.15959
0.157294
0.154978
0.15266
0.150356
0.148081
0.14585
0.143676
0.141571
0.139548
0.137614
0.13578
0.13405
0.13243
0.130923
0.129529
0.128247
0.127075
0.126008
0.125038
0.12416
0.123362
0.122637
0.121974
0.121362
0.120791
0.120253
0.119738
0.119238
0.118746
0.118256
0.117764
0.117266
0.11676
0.116242
0.115714
0.115173
0.114619
0.114054
0.113477
0.112889
0.112291
0.111683
0.111066
0.110441
0.109809
0.109172
0.10853
0.107885
0.107238
0.106592
0.105949
0.10531
0.104677
0.104053
0.10344
0.102839
0.102251
0.101679
0.101122
0.100582
0.100058
0.0995505
0.0990598
0.0985854
0.0981269
0.0976842
0.0972572
0.0968461
0.0964513
0.0960737
0.0957145
0.0953753
0.0950582
0.0947657
0.0945005
0.0942659
0.0940654
0.0939025
0.093781
0.093705
0.0936781
0.0937043
0.0937871
0.09393
0.094136
0.0944078
0.0947475
0.0951568
0.0956366
0.0961872
0.096808
0.0974977
0.098254
0.0990739
0.0999532
0.100887
0.101869
0.102893
0.103952
0.105037
0.106138
0.107248
0.108357
0.109454
0.11053
0.111576
0.112581
0.113537
0.114436
0.115271
0.116035
0.116722
0.117328
0.11785
0.118287
0.118637
0.118902
0.119083
0.119184
0.119209
0.119164
0.119055
0.118889
0.118676
0.118422
0.118137
0.11783
0.11751
0.117185
0.116864
0.116555
0.116265
0.116
0.115767
0.115569
0.115409
0.115292
0.115217
0.115185
0.115195
0.115247
0.115337
0.115461
0.115616
0.115798
0.116
0.116218
0.116446
0.116678
0.116909
0.117134
0.117346
0.117543
0.117719
0.117873
0.118001
0.118102
0.118178
0.118227
0.118252
0.118257
0.118245
0.118222
0.118194
0.118167
0.11815
0.118149
0.118173
0.118229
0.118326
0.11847
0.118668
0.118924
0.119242
0.119624
0.120072
0.120583
0.121157
0.121787
0.122468
0.123193
0.123951
0.124732
0.125525
0.126318
0.127096
0.127848
0.12856
0.129219
0.129812
0.130329
0.130757
0.131088
0.131313
0.131425
0.13142
0.131294
0.131044
0.130671
0.130176
0.129562
0.128833
0.127995
0.127055
0.126022
0.124906
0.123716
0.122465
0.121165
0.119827
0.118465
0.117092
0.11572
0.114363
0.113032
0.11174
0.110498
0.109316
0.108202
0.107165
0.106212
0.105347
0.104574
0.103897
0.103314
0.102826
0.10243
0.102123
0.101899
0.101751
0.101673
0.101656
0.101692
0.10177
0.101883
0.10202
0.102174
0.102336
0.102501
0.102663
0.102819
0.102966
0.103104
0.103232
0.103352
0.103467
0.103579
0.10369
0.103803
0.103919
0.104041
0.104166
0.104296
0.104428
0.104561
0.104693
0.104822
0.104945
0.105062
0.105172
0.105276
0.105375
0.105471
0.105565
0.105661
0.105759
0.105862
0.105969
0.10608
0.106194
0.106306
0.106413
0.10651
0.119125
