2.46271e-54
2.45068e-54
4.33411e-54
8.89082e-54
1.87126e-53
3.94869e-53
8.31916e-53
1.74853e-52
3.6658e-52
7.66578e-52
1.59894e-51
3.32658e-51
6.90325e-51
1.42889e-50
2.95011e-50
6.07534e-50
1.24795e-49
2.55691e-49
5.22554e-49
1.06523e-48
2.16597e-48
4.39299e-48
8.88726e-48
1.79339e-47
3.6098e-47
7.24759e-47
1.45147e-46
2.89951e-46
5.77758e-46
1.14835e-45
2.27671e-45
4.50245e-45
8.88174e-45
1.74766e-44
3.43025e-44
6.71593e-44
1.31159e-43
2.55507e-43
4.96503e-43
9.62398e-43
1.86082e-42
3.58896e-42
6.90481e-42
1.32511e-41
2.53672e-41
4.8441e-41
9.22729e-41
1.7533e-40
3.32325e-40
6.28337e-40
1.18508e-39
2.2296e-39
4.18439e-39
7.83367e-39
1.46294e-38
2.72532e-38
5.06451e-38
9.38834e-38
1.73609e-37
3.20249e-37
5.89301e-37
1.08173e-36
1.9808e-36
3.61822e-36
6.59307e-36
1.19844e-35
2.17314e-35
3.93094e-35
7.09328e-35
1.27685e-34
2.29283e-34
4.10724e-34
7.3396e-34
1.3084e-33
2.32677e-33
4.12775e-33
7.30501e-33
1.28967e-32
2.27135e-32
3.99063e-32
6.9944e-32
1.22296e-31
2.13317e-31
3.71188e-31
6.44345e-31
1.11583e-30
1.92769e-30
3.32229e-30
5.71216e-30
9.79787e-30
1.67664e-29
2.86248e-29
4.87601e-29
8.28804e-29
1.406e-28
2.38124e-28
4.02848e-28
6.81385e-28
1.154e-27
1.96167e-27
3.35956e-27
5.82899e-27
1.03257e-26
1.8856e-26
3.58612e-26
7.1612e-26
1.5062e-25
3.32538e-25
7.63972e-25
1.80619e-24
4.34741e-24
1.05597e-23
2.57148e-23
6.24969e-23
1.51135e-22
3.62952e-22
8.64512e-22
2.04076e-21
4.77205e-21
1.10506e-20
2.53375e-20
5.7518e-20
1.29269e-19
2.87629e-19
6.33628e-19
1.38201e-18
2.98461e-18
6.38239e-18
1.35152e-17
2.8342e-17
5.88619e-17
1.21076e-16
2.46676e-16
4.97817e-16
9.95199e-16
1.97094e-15
3.86712e-15
7.51756e-15
1.44799e-14
2.76364e-14
5.22694e-14
9.7969e-14
1.81983e-13
3.35041e-13
6.11387e-13
1.10588e-12
1.98289e-12
3.52462e-12
6.21119e-12
1.0852e-11
1.87992e-11
3.22918e-11
5.50034e-11
9.29089e-11
1.5564e-10
2.58585e-10
4.26119e-10
6.96511e-10
1.12933e-09
1.81649e-09
2.89863e-09
4.58908e-09
7.2087e-09
1.1236e-08
1.73789e-08
2.66755e-08
4.06358e-08
6.14388e-08
9.2202e-08
1.37351e-07
2.03118e-07
2.98208e-07
4.34685e-07
6.29141e-07
9.0421e-07
1.29055e-06
1.82933e-06
2.5755e-06
3.60178e-06
5.00372e-06
6.906e-06
9.47012e-06
1.29038e-05
1.74724e-05
2.35126e-05
3.14486e-05
4.18115e-05
5.52621e-05
7.26168e-05
9.4879e-05
0.000123273
0.000159287
0.000204713
0.000261704
0.00033283
0.000421139
0.000530231
0.000664334
0.000828391
0.00102815
0.00127025
0.00156237
0.00191328
0.002333
0.00283291
0.00342589
0.0041264
0.00495068
0.00591681
0.00704485
0.00835696
0.00987751
0.0116331
0.0136527
0.0159676
0.0186114
0.0216202
0.0250322
0.0288878
0.0332291
0.0381002
0.0435463
0.0496138
0.0563495
0.0638003
0.0720126
0.0810313
0.0908996
0.101658
0.113343
0.125987
0.139618
0.154255
0.169911
0.186593
0.204296
0.223006
0.242699
0.263338
0.284876
0.307252
0.330394
0.354217
0.378621
0.403499
0.428727
0.454172
0.479693
0.505137
0.530346
0.555154
0.579393
0.602891
0.625476
0.646979
0.667233
0.68608
0.703366
0.71895
0.732704
0.744513
0.754276
0.761913
0.767359
0.770571
0.771524
0.770217
0.766667
0.760911
0.75301
0.743041
0.731101
0.717305
0.701783
0.68468
0.666154
0.646374
0.625517
0.60377
0.581325
0.558376
0.535123
0.511765
0.488503
0.465537
0.443067
0.421295
0.400421
0.380654
0.362207
0.345312
0.330219
0.317219
0.306649
0.298918
0.294517
0.294043
0.298195
0.307764
0.362528
