0.464016
0.46047
0.454514
0.446538
0.436991
0.42633
0.414976
0.403283
0.391533
0.379928
0.368602
0.357635
0.347064
0.336899
0.327135
0.317759
0.308758
0.300119
0.291835
0.283902
0.27632
0.269091
0.262218
0.255705
0.249556
0.243775
0.238361
0.233316
0.228637
0.224321
0.220363
0.216754
0.213486
0.210548
0.207928
0.205613
0.203586
0.201832
0.200331
0.199066
0.198016
0.197159
0.196473
0.195936
0.195523
0.19521
0.194975
0.194792
0.194638
0.194489
0.194321
0.194114
0.193845
0.193494
0.193042
0.192473
0.191771
0.190921
0.189913
0.188737
0.187384
0.185851
0.184133
0.182231
0.180147
0.177885
0.175451
0.172855
0.170108
0.167224
0.164218
0.161108
0.157913
0.154654
0.151353
0.148034
0.144721
0.141441
0.138218
0.13508
0.132051
0.129158
0.126426
0.12388
0.121543
0.119436
0.11758
0.115993
0.114691
0.113687
0.112991
0.112612
0.112554
0.112818
0.113401
0.114298
0.1155
0.116994
0.118763
0.120787
0.123043
0.125504
0.128141
0.130922
0.133812
0.136775
0.139772
0.142764
0.145712
0.148574
0.151311
0.153882
0.156252
0.158381
0.160238
0.161789
0.163008
0.163868
0.164349
0.164435
0.164111
0.163371
0.162212
0.160633
0.158641
0.156246
0.153463
0.150312
0.146814
0.142997
0.13889
0.134527
0.129942
0.125173
0.12026
0.115243
0.110165
0.105067
0.0999937
0.0949864
0.090088
0.0853404
0.0807845
0.0764601
0.0724056
0.0686581
0.0652525
0.0622219
0.059597
0.0574061
0.0556744
0.0544241
0.0536739
0.0534384
0.0537282
0.0545489
0.055901
0.0577793
0.0601726
0.0630632
0.0664267
0.0702318
0.0744398
0.079005
0.0838748
0.0889896
0.0942841
0.0996869
0.105122
0.110511
0.115772
0.120822
0.125579
0.129963
0.133899
0.137315
0.140148
0.142343
0.143854
0.144648
0.144702
0.144004
0.142559
0.14038
0.137496
0.133944
0.129773
0.125043
0.11982
0.114176
0.108187
0.101934
0.0954957
0.0889519
0.0823788
0.0758487
0.0694284
0.0631782
0.0571512
0.0513927
0.0459401
0.0408228
0.0360623
0.0316733
0.0276637
0.0240362
0.0207888
0.0179164
0.0154119
0.0132673
0.0114754
0.0100311
0.00893201
0.00818042
0.00778351
0.0077543
0.00811184
0.00888113
0.0100925
0.0117803
0.0139812
0.0167317
0.0200649
0.0240067
0.0285718
0.0337592
0.0395478
0.0458921
0.0527195
0.0599274
0.0673834
0.0749261
0.082369
0.0895057
0.0961187
0.101988
0.106903
0.110674
0.113144
0.114197
0.11377
0.111855
0.108502
0.103819
0.0979642
0.0911382
0.0835723
0.0755157
0.0672205
0.0589289
0.050861
0.0432048
0.0361097
0.0296832
0.02399
0.0190554
0.0148696
0.0113943
0.00857012
0.00632406
0.00457612
0.00324535
0.00225448
0.00153319
0.00102008
0.000663544
0.000421691
0.000261622
0.000158326
9.33793e-05
5.36234e-05
2.99518e-05
1.62546e-05
8.56048e-06
4.36941e-06
2.15843e-06
1.03032e-06
4.74455e-07
2.10374e-07
8.96342e-08
3.6614e-08
1.43024e-08
5.32746e-09
1.88619e-09
6.32445e-10
1.99994e-10
5.93581e-11
1.64427e-11
4.22296e-12
9.97643e-13
2.14713e-13
4.15972e-14
7.14448e-15
1.06625e-15
1.34514e-16
1.37805e-17
1.07565e-18
5.69152e-20
1.53272e-21
4.6662e-30
