4.4635e-25
3.94548e-25
4.84532e-25
6.98369e-25
1.06841e-24
1.66674e-24
2.61429e-24
4.10284e-24
6.43166e-24
1.00649e-23
1.57201e-23
2.45032e-23
3.81154e-23
5.91678e-23
9.16592e-23
1.41701e-22
2.18613e-22
3.36579e-22
5.17135e-22
7.92921e-22
1.21329e-21
1.85272e-21
2.82334e-21
4.29367e-21
6.51636e-21
9.86948e-21
1.49175e-20
2.25015e-20
3.3872e-20
5.08844e-20
7.62858e-20
1.14135e-19
1.70417e-19
2.53934e-19
3.77615e-19
5.60397e-19
8.29969e-19
1.22673e-18
1.80948e-18
2.66369e-18
3.91321e-18
5.73728e-18
8.39465e-18
1.22581e-17
1.78636e-17
2.59799e-17
3.77081e-17
5.46207e-17
7.89601e-17
1.13916e-16
1.64019e-16
2.35684e-16
3.37984e-16
4.83718e-16
6.90908e-16
9.84874e-16
1.40111e-15
1.98929e-15
2.81877e-15
3.98615e-15
5.62578e-15
7.92408e-15
1.11391e-14
1.56275e-14
2.1881e-14
3.05762e-14
4.26421e-14
5.93517e-14
8.24458e-14
1.143e-13
1.58148e-13
2.18386e-13
3.00974e-13
4.13977e-13
5.68288e-13
7.78586e-13
1.06461e-12
1.45285e-12
1.97878e-12
2.68981e-12
3.64918e-12
4.94103e-12
6.67713e-12
9.00559e-12
1.21223e-11
1.62859e-11
2.18368e-11
2.92227e-11
3.90307e-11
5.2029e-11
6.92213e-11
9.19157e-11
1.21814e-10
1.61124e-10
2.12707e-10
2.8026e-10
3.68554e-10
4.83726e-10
6.33664e-10
8.28475e-10
1.08109e-09
1.40801e-09
1.83026e-09
2.37457e-09
3.07483e-09
3.97395e-09
5.12612e-09
6.59966e-09
8.48051e-09
1.08765e-08
1.39228e-08
1.77882e-08
2.26834e-08
2.88705e-08
3.66752e-08
4.65009e-08
5.88469e-08
7.4329e-08
9.37061e-08
1.1791e-07
1.48085e-07
1.85629e-07
2.32251e-07
2.90033e-07
3.61506e-07
4.4974e-07
5.58455e-07
6.92141e-07
8.56214e-07
1.05719e-06
1.30288e-06
1.60265e-06
1.9677e-06
2.41137e-06
2.94954e-06
3.60106e-06
4.38829e-06
5.33761e-06
6.4802e-06
7.85271e-06
9.49821e-06
1.14671e-05
1.38185e-05
1.66212e-05
1.99552e-05
2.39136e-05
2.86043e-05
3.41519e-05
4.07003e-05
4.8415e-05
5.74862e-05
6.81316e-05
8.06004e-05
9.51767e-05
0.000112184
0.000131989
0.000155007
0.00018171
0.000212626
0.000248352
0.000289557
0.000336991
0.00039149
0.000453987
0.00052552
0.000607239
0.000700418
0.000806463
0.000926921
0.0010635
0.00121805
0.00139262
0.00158944
0.00181092
0.00205969
0.00233861
0.00265074
0.00299939
0.00338814
0.00382079
0.00430144
0.00483445
0.00542446
0.00607639
0.00679546
0.00758719
0.00845737
0.00941212
0.0104578
0.0116011
0.0128491
0.0142088
0.0156878
0.017294
0.0190351
0.0209195
0.0229554
0.0251514
0.0275163
0.0300587
0.0327875
0.0357116
0.0388398
0.042181
0.0457438
0.0495368
0.0535683
0.0578464
0.0623789
0.0671732
0.0722362
0.0775743
0.0831935
0.0890991
0.0952956
0.101787
0.108576
0.115666
0.123057
0.130751
0.138746
0.147042
0.155635
0.164523
0.173701
0.183163
0.192903
0.202912
0.213181
0.223701
0.234461
0.245446
0.256644
0.268039
0.279614
0.291352
0.303234
0.315237
0.32734
0.339519
0.351749
0.364003
0.376253
0.38847
0.400626
0.41269
0.424632
0.436423
0.448032
0.459432
0.470595
0.481498
0.492116
0.502427
0.512412
0.522053
0.53133
0.540225
0.548717
0.556783
0.564393
0.571515
0.578104
0.584111
0.589476
0.594129
0.597997
0.601002
0.603066
0.604123
0.604119
0.603027
0.600856
0.597656
0.593524
0.588606
0.583093
0.577199
0.571143
0.565111
0.559218
0.553459
0.547671
0.541507
0.53443
0.52574
0.514635
0.500313
0.482093
0.459549
0.432635
0.40176
0.36781
0.332093
0.296205
0.261841
0.230589
0.203725
0.182082
0.185967
