0.118311
0.117915
0.117523
0.117159
0.116844
0.116591
0.116408
0.116296
0.116247
0.116247
0.116279
0.116323
0.116359
0.116368
0.116338
0.116257
0.116122
0.115935
0.115701
0.115428
0.115126
0.114805
0.114476
0.114146
0.11382
0.113504
0.113197
0.1129
0.112611
0.112329
0.112053
0.111783
0.111522
0.111271
0.111037
0.110827
0.110647
0.110508
0.110417
0.110385
0.110419
0.110527
0.110713
0.110984
0.11134
0.111782
0.112308
0.112916
0.113601
0.114357
0.115178
0.116056
0.116984
0.117956
0.118964
0.120003
0.12107
0.122161
0.123274
0.124411
0.125573
0.126764
0.127986
0.129247
0.130551
0.131906
0.133315
0.134786
0.13632
0.13792
0.139587
0.141319
0.143109
0.144952
0.146836
0.14875
0.150677
0.152602
0.154503
0.156362
0.158156
0.159864
0.161464
0.162935
0.164259
0.165417
0.166395
0.16718
0.167762
0.168134
0.168294
0.16824
0.167977
0.167509
0.166844
0.165995
0.164972
0.163792
0.162469
0.16102
0.159463
0.157815
0.156095
0.154321
0.152511
0.150683
0.148853
0.147039
0.145258
0.143525
0.141855
0.140264
0.138764
0.13737
0.136091
0.134939
0.133922
0.133047
0.132319
0.131741
0.131314
0.131036
0.130905
0.130913
0.131053
0.131314
0.131683
0.132148
0.132691
0.133297
0.133947
0.134622
0.135305
0.135974
0.136613
0.137201
0.137722
0.138158
0.138493
0.138712
0.138803
0.138753
0.138553
0.138194
0.137671
0.13698
0.136118
0.135088
0.13389
0.13253
0.131015
0.129355
0.127561
0.125645
0.123622
0.121509
0.119321
0.117078
0.114797
0.112497
0.110196
0.107912
0.105662
0.103461
0.101325
0.0992666
0.0972976
0.0954282
0.0936665
0.0920193
0.0904913
0.0890859
0.0878048
0.0866485
0.0856161
0.0847058
0.0839148
0.0832397
0.0826767
0.0822214
0.0818693
0.0816161
0.0814572
0.0813884
0.0814056
0.0815051
0.0816833
0.081937
0.0822632
0.0826589
0.0831214
0.0836479
0.0842354
0.0848808
0.0855807
0.0863313
0.0871283
0.0879669
0.0888418
0.0897473
0.0906772
0.0916248
0.0925831
0.0935449
0.0945028
0.0954497
0.096378
0.0972808
0.0981512
0.0989824
0.099768
0.100502
0.101179
0.101792
0.102337
0.102808
0.103201
0.10351
0.103734
0.103868
0.10391
0.10386
0.103719
0.103489
0.103174
0.102783
0.102323
0.101806
0.101244
0.100652
0.100045
0.0994395
0.0988519
0.0982974
0.0977904
0.0973437
0.0969675
0.0966699
0.0964561
0.0963286
0.0962875
0.0963304
0.096453
0.0966499
0.0969143
0.0972396
0.0976188
0.0980458
0.0985152
0.0990227
0.0995651
0.10014
0.100747
0.101383
0.102049
0.102744
0.103465
0.104211
0.104977
0.105759
0.106551
0.107348
0.108141
0.108925
0.109693
0.110442
0.111169
0.111874
0.112559
0.11323
0.113893
0.114559
0.115239
0.115945
0.11669
0.117484
0.118337
0.119257
0.120249
0.121312
0.122444
0.123638
0.124885
0.126172
0.127482
0.128799
0.130103
0.131375
0.132595
0.133745
0.134807
0.135765
0.136607
0.13732
0.137898
0.138333
0.138622
0.138765
0.138764
0.152853
