0.127467
0.128113
0.128663
0.129111
0.129453
0.129693
0.12984
0.129903
0.129896
0.129834
0.129731
0.129602
0.12946
0.129315
0.129179
0.129058
0.128958
0.128886
0.128845
0.128839
0.128872
0.128948
0.129074
0.129255
0.1295
0.129818
0.130221
0.130719
0.131327
0.132054
0.132913
0.133913
0.135063
0.136365
0.137822
0.139433
0.141191
0.143089
0.145115
0.147254
0.14949
0.151806
0.154182
0.156599
0.159035
0.161472
0.163888
0.166262
0.168576
0.170807
0.172938
0.174947
0.176816
0.178526
0.180059
0.181398
0.182528
0.183437
0.184113
0.184549
0.184739
0.184684
0.184383
0.183842
0.18307
0.182078
0.180879
0.179491
0.17793
0.176218
0.174373
0.172417
0.170369
0.168249
0.166076
0.163868
0.161639
0.159403
0.157172
0.154956
0.152762
0.150597
0.148464
0.146367
0.144306
0.142282
0.140295
0.138343
0.136425
0.134541
0.132688
0.130867
0.129076
0.127316
0.125588
0.123894
0.122235
0.120615
0.119036
0.117502
0.116018
0.114588
0.113216
0.111908
0.110668
0.1095
0.108409
0.1074
0.106476
0.10564
0.104895
0.104245
0.10369
0.103231
0.10287
0.102606
0.102437
0.102362
0.102377
0.102478
0.102661
0.102919
0.103247
0.103635
0.104077
0.104564
0.105087
0.105637
0.106204
0.10678
0.107357
0.107928
0.108485
0.109024
0.109541
0.110034
0.110501
0.110943
0.111363
0.111764
0.112153
0.112534
0.112915
0.113305
0.113711
0.114142
0.114607
0.115114
0.115668
0.116277
0.116946
0.117677
0.118473
0.119333
0.120256
0.12124
0.122278
0.123364
0.124491
0.125649
0.126828
0.128015
0.1292
0.130368
0.131507
0.132602
0.133642
0.134612
0.1355
0.136294
0.136981
0.137553
0.138001
0.138315
0.13849
0.138522
0.138407
0.138143
0.137731
0.137173
0.136472
0.135634
0.134663
0.133569
0.13236
0.131046
0.129636
0.128143
0.126578
0.124952
0.123278
0.121567
0.119832
0.118085
0.116337
0.1146
0.112886
0.111206
0.109569
0.107987
0.106468
0.105021
0.103654
0.102374
0.101185
0.100091
0.099096
0.0981996
0.0974011
0.0966981
0.0960864
0.0955605
0.0951134
0.0947372
0.094423
0.0941614
0.0939427
0.0937573
0.0935958
0.0934494
0.0933099
0.0931702
0.093024
0.0928659
0.0926916
0.0924979
0.092282
0.0920423
0.0917776
0.0914874
0.0911716
0.0908308
0.0904658
0.0900782
0.0896699
0.0892439
0.0888035
0.0883533
0.0878983
0.087445
0.0870002
0.086572
0.0861688
0.0857995
0.085473
0.0851981
0.084983
0.0848348
0.0847595
0.0847613
0.0848426
0.0850036
0.0852424
0.085555
0.0859349
0.086374
0.0868622
0.0873881
0.087939
0.0885019
0.0890632
0.0896094
0.0901275
0.0906055
0.0910324
0.0913985
0.0916956
0.0919173
0.0920588
0.092117
0.0920904
0.091979
0.0917842
0.0915085
0.0911555
0.0907297
0.0902361
0.0896804
0.0890686
0.088407
0.0877022
0.0869612
0.0861911
0.0853995
0.0845942
0.0837838
0.0829771
0.0821834
0.0814127
0.0806752
0.079981
0.0793407
0.0787641
0.0782607
0.0778391
0.0775065
0.077269
0.0771315
0.0770971
0.0851014
