0.28557
0.28474
0.282747
0.279695
0.275721
0.270979
0.265635
0.25986
0.253821
0.247674
0.241559
0.235595
0.229876
0.224466
0.219399
0.214677
0.210274
0.206141
0.202209
0.198404
0.194651
0.190885
0.187062
0.183159
0.179181
0.175158
0.171142
0.1672
0.163402
0.159816
0.156498
0.153484
0.150784
0.148384
0.146246
0.144312
0.142511
0.140767
0.139007
0.137164
0.135192
0.13306
0.130759
0.128303
0.125723
0.123065
0.120388
0.117755
0.115233
0.112885
0.110772
0.108944
0.107445
0.106308
0.105557
0.105209
0.105274
0.105754
0.106648
0.10795
0.109651
0.111741
0.114205
0.11703
0.120199
0.123693
0.127492
0.131576
0.13592
0.140499
0.145287
0.150255
0.155375
0.160617
0.165951
0.171346
0.176773
0.182202
0.187605
0.192956
0.198228
0.203397
0.20844
0.213334
0.21806
0.222598
0.226929
0.231034
0.234898
0.238501
0.241829
0.244864
0.247591
0.249995
0.25206
0.253773
0.255122
0.256095
0.256683
0.256879
0.256677
0.256077
0.255079
0.253688
0.25191
0.249758
0.247245
0.244389
0.24121
0.237733
0.233983
0.229988
0.225779
0.221385
0.21684
0.212174
0.207421
0.20261
0.197772
0.192935
0.188127
0.183372
0.178693
0.174109
0.169638
0.165296
0.161094
0.157044
0.153153
0.149426
0.145867
0.142479
0.139261
0.136212
0.133329
0.130609
0.128047
0.125639
0.123378
0.121258
0.119274
0.117417
0.115681
0.114059
0.112545
0.11113
0.109809
0.108574
0.107419
0.106337
0.105322
0.104368
0.103468
0.102618
0.101812
0.101046
0.100314
0.0996145
0.0989434
0.0982988
0.0976796
0.0970856
0.0965181
0.0959797
0.0954745
0.0950086
0.0945898
0.0942281
0.0939359
0.0937277
0.0936203
0.0936329
0.0937868
0.0941049
0.0946118
0.0953326
0.0962926
0.0975162
0.0990257
0.10084
0.102974
0.105436
0.108227
0.111339
0.114753
0.11844
0.12236
0.126457
0.130667
0.134912
0.139106
0.143154
0.146955
0.150407
0.153409
0.155862
0.157679
0.158782
0.159112
0.158626
0.1573
0.155134
0.152149
0.14839
0.143917
0.138812
0.13317
0.127095
0.1207
0.114098
0.107402
0.100718
0.0941425
0.0877617
0.0816467
0.0758543
0.0704257
0.0653873
0.0607515
0.0565182
0.0526767
0.0492077
0.0460855
0.04328
0.0407586
0.0384882
0.036436
0.0345711
0.032865
0.0312925
0.0298313
0.0284626
0.0271708
0.0259433
0.0247699
0.0236429
0.0225565
0.0215064
0.0204895
0.0195038
0.018548
0.0176212
0.0167232
0.0158536
0.0150125
0.0141998
0.0134157
0.0126601
0.011933
0.0112345
0.0105642
0.00992216
0.00930798
0.00872134
0.00816186
0.00762907
0.00712245
0.00664143
0.00618539
0.00575367
0.00534559
0.0049604
0.00459736
0.0042557
0.00393462
0.00363333
0.00335102
0.00308688
0.0028401
0.00260987
0.00239539
0.00219589
0.00201059
0.00183874
0.00167959
0.00153244
0.00139659
0.00127137
0.00115615
0.00105031
0.000953257
0.000864449
0.000783356
0.000709488
0.000642388
0.000581633
0.00052684
0.000477667
0.000433815
0.000395039
0.000361152
0.000332039
0.00030768
0.000288176
0.000273796
0.000265046
0.00026277
0.000268303
0.000283688
0.00035303
