0.00743292
0.00779592
0.00841172
0.00930974
0.0105171
0.0120554
0.0139376
0.0161649
0.0187248
0.02159
0.0247185
0.0280554
0.0315361
0.0350904
0.0386473
0.0421406
0.0455139
0.0487249
0.0517488
0.0545805
0.0572353
0.059748
0.0621704
0.0645688
0.0670192
0.0696032
0.0724027
0.0754952
0.0789494
0.0828209
0.0871494
0.091956
0.0972425
0.102991
0.109166
0.115714
0.122571
0.129662
0.13691
0.144234
0.151561
0.158821
0.165956
0.172917
0.179665
0.186171
0.192412
0.19837
0.204029
0.209372
0.214377
0.219019
0.223268
0.227088
0.230443
0.233293
0.235601
0.237336
0.238473
0.238998
0.238907
0.238207
0.236922
0.235082
0.23273
0.229917
0.226699
0.223135
0.219285
0.215208
0.21096
0.206592
0.202148
0.197669
0.193187
0.188729
0.184316
0.179965
0.175688
0.171494
0.167391
0.163385
0.159479
0.15568
0.151991
0.148419
0.144969
0.141649
0.138466
0.135429
0.132546
0.129827
0.12728
0.124914
0.122737
0.120754
0.118972
0.117392
0.116017
0.114844
0.113871
0.11309
0.112493
0.112069
0.111802
0.111676
0.111674
0.111774
0.111954
0.112192
0.112465
0.112749
0.113021
0.113259
0.113443
0.113553
0.113572
0.113486
0.113283
0.112955
0.112495
0.111901
0.111173
0.110314
0.109329
0.108227
0.107019
0.105716
0.104334
0.102889
0.101396
0.0998731
0.0983384
0.0968098
0.0953053
0.0938424
0.0924384
0.0911098
0.0898725
0.0887418
0.0877321
0.0868572
0.0861304
0.0855643
0.0851713
0.0849634
0.0849524
0.0851504
0.0855693
0.0862212
0.0871184
0.0882734
0.0896985
0.091406
0.0934076
0.095714
0.0983347
0.101277
0.104545
0.108141
0.11206
0.116296
0.120832
0.125647
0.130714
0.135995
0.141445
0.147011
0.152632
0.158239
0.163757
0.169107
0.174206
0.17897
0.183315
0.187161
0.190436
0.193074
0.19502
0.196232
0.196684
0.196363
0.195275
0.19344
0.190895
0.187692
0.183897
0.179584
0.174839
0.169752
0.164417
0.158926
0.153372
0.147838
0.142404
0.137141
0.132106
0.127349
0.122908
0.118808
0.115067
0.11169
0.108676
0.106016
0.103694
0.101692
0.099987
0.0985534
0.0973659
0.0963986
0.0956261
0.0950241
0.0945697
0.0942419
0.094021
0.0938896
0.0938317
0.0938331
0.0938809
0.0939637
0.0940712
0.0941942
0.0943244
0.0944542
0.0945768
0.0946861
0.0947766
0.0948433
0.0948819
0.0948884
0.0948596
0.0947926
0.0946853
0.094536
0.0943435
0.0941074
0.0938274
0.0935042
0.0931388
0.0927327
0.0922881
0.0918074
0.0912936
0.0907502
0.090181
0.08959
0.0889819
0.0883613
0.0877334
0.0871032
0.0864763
0.0858581
0.0852541
0.0846701
0.0841117
0.0835843
0.0830937
0.0826451
0.0822439
0.0818951
0.0816038
0.0813746
0.081212
0.0811202
0.0811033
0.0811649
0.0813084
0.0815369
0.0818532
0.0822599
0.082759
0.0833524
0.0840416
0.0848279
0.0857121
0.086695
0.0877771
0.088959
0.0902413
0.0916248
0.093111
0.0947018
0.0964003
0.0982105
0.100137
0.102186
0.104364
0.106676
0.109125
0.111712
0.114429
0.117261
0.120182
0.123152
0.126114
0.129
0.131728
0.13421
0.136357
0.156209
