0
8.18215e-33
7.1177e-31
3.07649e-29
8.80931e-28
1.87992e-26
3.18908e-25
4.47961e-24
5.35901e-23
5.57373e-22
5.1198e-21
4.20526e-20
3.11976e-19
2.10782e-18
1.30602e-17
7.46524e-17
3.95666e-16
1.95315e-15
9.01495e-15
3.90404e-14
1.59122e-13
6.12094e-13
2.22776e-12
7.68909e-12
2.52198e-11
7.87597e-11
2.346e-10
6.67619e-10
1.8179e-09
4.74323e-09
1.18748e-08
2.85616e-08
6.60793e-08
1.47225e-07
3.16235e-07
6.55571e-07
1.31301e-06
2.54328e-06
4.76917e-06
8.66655e-06
1.52771e-05
2.61497e-05
4.35078e-05
7.04361e-05
0.000111075
0.00017081
0.000256435
0.000376289
0.000540352
0.000760311
0.00104961
0.00142353
0.00189927
0.00249617
0.00323599
0.00414332
0.00524604
0.00657595
0.00816936
0.0100676
0.0123177
0.0149726
0.0180915
0.0217399
0.0259898
0.0309188
0.0366103
0.0431524
0.0506371
0.0591594
0.0688158
0.079703
0.0919159
0.105546
0.120678
0.13739
0.155748
0.175804
0.197596
0.221142
0.246436
0.273453
0.302137
0.332406
0.364148
0.39722
0.431449
0.466631
0.502532
0.538889
0.575415
0.6118
0.647717
0.682824
0.71677
0.749202
0.779769
0.808132
0.833965
0.856965
0.876855
0.893393
0.906374
0.915638
0.921066
0.922592
0.920195
0.913908
0.90381
0.89003
0.872741
0.852156
0.828527
0.802136
0.773292
0.742325
0.709576
0.675397
0.64014
0.604152
0.567771
0.531321
0.495105
0.459404
0.424472
0.390536
0.357792
0.326406
0.296513
0.268218
0.241597
0.216697
0.193542
0.17213
0.152439
0.134431
0.118048
0.103224
0.0898804
0.0779308
0.0672844
0.0578471
0.0495234
0.0422184
0.0358389
0.030295
0.0255005
0.0213743
0.0178401
0.0148274
0.0122715
0.0101133
0.00829952
0.00678231
0.00551908
0.0044722
0.00360861
0.00289951
0.00231992
0.00184837
0.00146646
0.00115855
0.000911442
0.000714017
0.000556999
0.000432681
0.000334693
0.000257807
0.000197746
0.000151039
0.000114878
8.70073e-05
6.56207e-05
4.92826e-05
3.68566e-05
2.74477e-05
2.03547e-05
1.50311e-05
1.10532e-05
8.09381e-06
5.90185e-06
4.28541e-06
3.0986e-06
2.23105e-06
1.59964e-06
1.1421e-06
8.12005e-07
5.74886e-07
4.05299e-07
2.84538e-07
1.98918e-07
1.38478e-07
9.59969e-08
6.62681e-08
4.55537e-08
3.11827e-08
2.12556e-08
1.4428e-08
9.75239e-09
6.56427e-09
4.39981e-09
2.93666e-09
1.95184e-09
1.29184e-09
8.51418e-10
5.58792e-10
3.65199e-10
2.37674e-10
1.5403e-10
9.94039e-11
6.38812e-11
4.08804e-11
2.60514e-11
1.65317e-11
1.04467e-11
6.57373e-12
4.11925e-12
2.57039e-12
1.59717e-12
9.88272e-13
6.08941e-13
3.73635e-13
2.28293e-13
1.38903e-13
8.41596e-14
5.07773e-14
3.05076e-14
1.82524e-14
1.08744e-14
6.45157e-15
3.81152e-15
2.24236e-15
1.31367e-15
7.6637e-16
4.45211e-16
2.57553e-16
1.48368e-16
8.51116e-17
4.86195e-17
2.7657e-17
1.56666e-17
8.83725e-18
4.96401e-18
2.77666e-18
1.54663e-18
8.57872e-19
4.73841e-19
2.60625e-19
1.42749e-19
7.78583e-20
4.22872e-20
2.28711e-20
1.23179e-20
6.60637e-21
3.52826e-21
1.87643e-21
9.93746e-22
5.24074e-22
2.75222e-22
1.43929e-22
7.49521e-23
3.88681e-23
2.00713e-23
1.03212e-23
5.28517e-24
2.69501e-24
1.36846e-24
6.91958e-25
3.48416e-25
1.74699e-25
8.72273e-26
4.33699e-26
2.14732e-26
1.05871e-26
5.19789e-27
2.54127e-27
1.23722e-27
5.9981e-28
2.89569e-28
1.39208e-28
6.66415e-29
3.17686e-29
1.50807e-29
7.12882e-30
3.3557e-30
1.57297e-30
7.34224e-31
3.41277e-31
1.57963e-31
7.28073e-32
3.34168e-32
1.5273e-32
6.95117e-33
3.15046e-33
1.42209e-33
6.39732e-34
2.87788e-34
1.31935e-34
6.82777e-35
6.59434e-35
