0.0934028
0.0934817
0.0935954
0.0937457
0.0939337
0.0941601
0.0944252
0.0947286
0.0950694
0.0954462
0.0958574
0.0963008
0.0967744
0.0972758
0.0978025
0.0983521
0.0989224
0.0995109
0.100115
0.100733
0.101362
0.102
0.102644
0.103292
0.10394
0.104586
0.105226
0.105858
0.106479
0.107086
0.107676
0.108246
0.108796
0.109323
0.109826
0.110304
0.110758
0.111188
0.111593
0.111976
0.112338
0.11268
0.113004
0.113312
0.113606
0.113888
0.11416
0.114422
0.114677
0.114926
0.115168
0.115406
0.115638
0.115866
0.11609
0.116308
0.116522
0.116729
0.11693
0.117124
0.117309
0.117485
0.117651
0.117805
0.117945
0.118072
0.118182
0.118275
0.118349
0.118403
0.118436
0.118447
0.118435
0.118398
0.118338
0.118253
0.118144
0.118012
0.117857
0.11768
0.117485
0.117271
0.117042
0.1168
0.116547
0.116287
0.116023
0.115757
0.115493
0.115234
0.114982
0.114741
0.114513
0.1143
0.114105
0.113929
0.113774
0.113641
0.113529
0.113441
0.113375
0.113331
0.113308
0.113306
0.113322
0.113356
0.113406
0.113469
0.113543
0.113626
0.113717
0.113813
0.113911
0.11401
0.114108
0.114203
0.114294
0.11438
0.114459
0.11453
0.114594
0.114649
0.114697
0.114737
0.11477
0.114796
0.114817
0.114835
0.114849
0.114863
0.114876
0.114892
0.114912
0.114936
0.114968
0.115007
0.115056
0.115115
0.115185
0.115267
0.115362
0.115469
0.115588
0.11572
0.115863
0.116017
0.11618
0.116352
0.116532
0.116717
0.116907
0.117099
0.117291
0.117483
0.117673
0.117858
0.118038
0.11821
0.118374
0.118528
0.118672
0.118804
0.118924
0.119032
0.119128
0.119211
0.119282
0.119342
0.119391
0.11943
0.11946
0.119484
0.119501
0.119513
0.119521
0.119528
0.119534
0.119541
0.11955
0.119561
0.119576
0.119597
0.119622
0.119654
0.119691
0.119735
0.119786
0.119843
0.119906
0.119974
0.120048
0.120127
0.120209
0.120296
0.120384
0.120475
0.120567
0.12066
0.120753
0.120845
0.120936
0.121025
0.121112
0.121198
0.121281
0.121362
0.121442
0.12152
0.121596
0.121673
0.121749
0.121826
0.121904
0.121984
0.122067
0.122153
0.122243
0.122336
0.122434
0.122535
0.122641
0.12275
0.122863
0.122979
0.123096
0.123215
0.123334
0.123452
0.123569
0.123684
0.123796
0.123903
0.124006
0.124103
0.124193
0.124277
0.124353
0.124422
0.124483
0.124536
0.124581
0.124618
0.124649
0.124673
0.124691
0.124705
0.124716
0.124725
0.124735
0.124748
0.124766
0.124791
0.124826
0.124874
0.124938
0.12502
0.125123
0.12525
0.125403
0.125584
0.125795
0.126037
0.126312
0.126619
0.12696
0.127335
0.127741
0.12818
0.128648
0.129146
0.12967
0.130219
0.13079
0.131381
0.131989
0.132612
0.133247
0.133892
0.134542
0.135197
0.135853
0.136507
0.137158
0.137802
0.138439
0.139065
0.139679
0.14028
0.140866
0.141436
0.141988
0.142523
0.14304
0.143537
0.144014
0.14447
0.144906
0.145319
0.14571
0.160302
