1.46991e-12
1.2781e-12
1.32998e-12
1.5598e-12
1.95646e-12
2.53911e-12
3.34915e-12
4.44927e-12
5.92641e-12
7.89725e-12
1.05162e-11
1.39864e-11
1.85735e-11
2.4624e-11
3.2589e-11
4.30542e-11
5.67787e-11
7.47437e-11
9.82162e-11
1.28828e-10
1.68676e-10
2.20453e-10
2.87606e-10
3.74539e-10
4.86874e-10
6.31766e-10
8.18307e-10
1.05803e-09
1.36553e-09
1.75924e-09
2.26242e-09
2.90432e-09
3.72167e-09
4.76055e-09
6.07857e-09
7.74766e-09
9.85748e-09
1.25195e-08
1.58722e-08
2.00869e-08
2.53757e-08
3.20001e-08
4.02822e-08
5.06181e-08
6.34934e-08
7.95028e-08
9.93728e-08
1.23989e-07
1.54431e-07
1.92007e-07
2.38305e-07
2.95246e-07
3.65148e-07
4.50805e-07
5.55578e-07
6.83499e-07
8.39397e-07
1.02905e-06
1.25933e-06
1.53845e-06
1.87614e-06
2.28396e-06
2.77557e-06
3.36709e-06
4.07756e-06
4.92932e-06
5.94862e-06
7.16619e-06
8.61796e-06
1.03458e-05
1.23985e-05
1.48327e-05
1.77139e-05
2.11182e-05
2.51331e-05
2.98596e-05
3.54135e-05
4.19279e-05
4.95548e-05
5.84681e-05
6.88656e-05
8.09724e-05
9.50436e-05
0.000111368
0.000130273
0.000152124
0.000177336
0.000206372
0.000239751
0.000278052
0.00032192
0.000372072
0.000429304
0.000494495
0.000568614
0.000652731
0.000748017
0.000855757
0.000977355
0.00111434
0.00126837
0.00144126
0.00163494
0.00185152
0.00209327
0.00236259
0.00266209
0.00299453
0.00336284
0.00377014
0.00421972
0.00471504
0.00525974
0.00585764
0.0065127
0.00722905
0.00801097
0.00886288
0.0097893
0.0107949
0.0118844
0.0130625
0.0143342
0.0157043
0.0171777
0.0187593
0.0204538
0.0222659
0.0242003
0.0262614
0.0284533
0.0307803
0.0332461
0.0358543
0.0386079
0.0415101
0.0445631
0.0477693
0.0511302
0.0546471
0.0583209
0.0621519
0.0661399
0.0702841
0.0745836
0.0790364
0.0836406
0.0883932
0.0932911
0.0983306
0.103507
0.108817
0.114254
0.119812
0.125487
0.13127
0.137156
0.143137
0.149204
0.155351
0.161569
0.167848
0.174179
0.180554
0.186961
0.193392
0.199835
0.206279
0.212714
0.219128
0.225509
0.231845
0.238125
0.244336
0.250467
0.256504
0.262436
0.268251
0.273936
0.279481
0.284875
0.290107
0.295167
0.300047
0.304739
0.309235
0.31353
0.31762
0.3215
0.32517
0.328628
0.331874
0.334912
0.337742
0.34037
0.342801
0.345038
0.34709
0.34896
0.350656
0.352182
0.353544
0.354744
0.355786
0.356669
0.357394
0.357956
0.358352
0.358575
0.358615
0.358464
0.358109
0.357538
0.356739
0.3557
0.354408
0.352855
0.351033
0.348939
0.346574
0.343943
0.341057
0.337934
0.334595
0.331071
0.327396
0.323611
0.319761
0.315892
0.312056
0.308301
0.304673
0.301216
0.297964
0.294943
0.292168
0.289641
0.287349
0.285262
0.283336
0.281509
0.279706
0.27784
0.275812
0.273517
0.27085
0.267707
0.26399
0.259617
0.254523
0.248669
0.242041
0.234662
0.22659
0.217923
0.208798
0.199394
0.189925
0.180638
0.171805
0.163708
0.156631
0.150834
0.146541
0.143911
0.143015
0.143823
0.146177
0.149792
0.154254
0.159038
0.163536
0.1671
0.169098
0.168973
0.1663
0.160835
0.152554
0.141656
0.128558
0.113846
0.0982223
0.0824305
0.0671786
0.0530731
0.0405685
0.0299405
0.0212845
0.014536
0.00950761
0.00593487
0.00352112
0.00197614
0.00104356
0.0005158
0.000237881
0.000103045
4.36028e-05
2.03272e-05
1.42008e-05
