0.131076
0.131647
0.132102
0.132438
0.132659
0.132771
0.132786
0.132718
0.132582
0.132392
0.132165
0.131912
0.131646
0.131377
0.131113
0.130859
0.130622
0.130404
0.13021
0.130043
0.129906
0.129807
0.12975
0.129744
0.129799
0.129926
0.130137
0.130446
0.130865
0.131407
0.132084
0.132904
0.133877
0.135004
0.136288
0.137726
0.139313
0.14104
0.142898
0.144872
0.14695
0.149116
0.151353
0.153645
0.155975
0.158327
0.160682
0.163022
0.165331
0.167589
0.169777
0.171876
0.173866
0.175728
0.177442
0.178989
0.180353
0.181518
0.182469
0.183197
0.183693
0.183951
0.18397
0.18375
0.183297
0.182617
0.181721
0.18062
0.17933
0.177866
0.176245
0.174485
0.172604
0.17062
0.16855
0.16641
0.164217
0.161984
0.159725
0.15745
0.15517
0.152894
0.150628
0.148378
0.14615
0.143947
0.141773
0.13963
0.137521
0.135447
0.13341
0.131413
0.129456
0.127542
0.125674
0.123854
0.122083
0.120367
0.118707
0.117106
0.115569
0.114099
0.112699
0.111373
0.110124
0.108955
0.107871
0.106873
0.105964
0.105148
0.104425
0.103798
0.103267
0.102833
0.102496
0.102256
0.102109
0.102054
0.102088
0.102206
0.102404
0.102674
0.10301
0.103405
0.10385
0.104337
0.104857
0.105401
0.10596
0.106526
0.107092
0.107651
0.108196
0.108724
0.109232
0.109718
0.110182
0.110626
0.111053
0.111466
0.111873
0.112279
0.112692
0.113119
0.113569
0.114049
0.114566
0.115127
0.115738
0.116403
0.117126
0.117907
0.118748
0.119646
0.120598
0.1216
0.122646
0.123727
0.124835
0.12596
0.127091
0.128216
0.129325
0.130403
0.131439
0.132421
0.133335
0.134171
0.134917
0.135563
0.136099
0.136517
0.13681
0.136971
0.136997
0.136885
0.136632
0.13624
0.135709
0.135043
0.134246
0.133324
0.132284
0.131136
0.129886
0.128546
0.127126
0.125636
0.124087
0.122491
0.120859
0.1192
0.117527
0.11585
0.114179
0.112524
0.110894
0.1093
0.10775
0.106253
0.104817
0.10345
0.102159
0.10095
0.0998286
0.0987994
0.0978648
0.0970267
0.096285
0.0956383
0.0950836
0.0946164
0.0942307
0.0939196
0.0936748
0.0934875
0.0933483
0.0932476
0.0931759
0.093124
0.0930834
0.0930463
0.0930056
0.0929555
0.092891
0.0928081
0.0927038
0.0925757
0.0924224
0.0922429
0.0920369
0.0918043
0.0915458
0.0912622
0.0909551
0.0906263
0.0902786
0.0899153
0.0895407
0.0891599
0.0887789
0.0884045
0.0880445
0.0877071
0.0874009
0.0871345
0.0869164
0.0867542
0.0866549
0.0866237
0.0866643
0.0867787
0.0869663
0.0872247
0.0875492
0.0879328
0.0883667
0.0888405
0.0893422
0.0898591
0.0903777
0.0908845
0.091366
0.0918097
0.0922036
0.0925375
0.0928022
0.0929905
0.0930968
0.0931173
0.0930501
0.0928947
0.0926526
0.0923263
0.0919196
0.0914376
0.0908859
0.0902708
0.0895992
0.0888782
0.0881152
0.0873179
0.0864939
0.0856514
0.0847984
0.0839436
0.0830959
0.0822644
0.0814588
0.0806892
0.0799656
0.0792983
0.0786973
0.0781723
0.0777319
0.0773839
0.0771348
0.0769896
0.0769518
0.0849274
