0.0184177
0.0191067
0.0201922
0.0216904
0.023605
0.0259249
0.0286217
0.0316497
0.0349471
0.038439
0.0420417
0.0456683
0.0492341
0.0526636
0.0558946
0.0588837
0.0616082
0.064068
0.0662848
0.0683007
0.0701748
0.0719791
0.0737942
0.0757035
0.077789
0.0801256
0.0827777
0.0857948
0.0892097
0.0930362
0.0972692
0.101886
0.106846
0.112098
0.117581
0.12323
0.128979
0.134768
0.140546
0.146272
0.151916
0.157463
0.162906
0.168247
0.173493
0.178653
0.183731
0.188725
0.193629
0.198422
0.203078
0.20756
0.211827
0.215833
0.219533
0.222883
0.225848
0.228397
0.230512
0.232182
0.233408
0.234198
0.234568
0.234538
0.234132
0.233377
0.232295
0.230911
0.229244
0.22731
0.225123
0.222692
0.220026
0.21713
0.214011
0.210675
0.207132
0.203391
0.199466
0.195376
0.19114
0.186784
0.182336
0.177826
0.173288
0.168758
0.16427
0.159862
0.155567
0.15142
0.147451
0.143688
0.140155
0.136871
0.133852
0.131105
0.128637
0.126446
0.124526
0.122867
0.121454
0.120267
0.119285
0.118481
0.117829
0.1173
0.116865
0.116493
0.116158
0.115831
0.115489
0.115107
0.114667
0.114152
0.11355
0.112851
0.112049
0.111142
0.110133
0.109025
0.107825
0.106546
0.105197
0.103795
0.102355
0.100893
0.0994278
0.0979758
0.096555
0.0951824
0.0938745
0.0926465
0.0915127
0.0904858
0.0895772
0.0887967
0.0881526
0.0876516
0.0872989
0.0870983
0.0870523
0.0871622
0.0874283
0.08785
0.0884263
0.0891556
0.0900364
0.091067
0.0922462
0.0935734
0.0950487
0.096673
0.0984487
0.100379
0.102468
0.104722
0.107147
0.10975
0.112539
0.11552
0.118702
0.122087
0.125679
0.129477
0.133476
0.137665
0.142029
0.146543
0.151179
0.155898
0.160653
0.165393
0.170056
0.174575
0.178881
0.182898
0.186552
0.189769
0.19248
0.19462
0.196134
0.196979
0.197123
0.19655
0.195258
0.193263
0.190595
0.187301
0.183439
0.179082
0.174311
0.169214
0.163883
0.158411
0.152891
0.147407
0.142041
0.136863
0.131933
0.1273
0.123002
0.119063
0.115498
0.112309
0.109492
0.107032
0.104908
0.103096
0.101566
0.100287
0.0992272
0.0983551
0.0976397
0.0970521
0.0965653
0.0961549
0.0957991
0.095479
0.0951779
0.0948819
0.0945792
0.0942604
0.0939175
0.0935447
0.0931372
0.092692
0.0922067
0.0916802
0.0911122
0.0905031
0.089854
0.0891666
0.088443
0.0876858
0.0868979
0.0860828
0.085244
0.0843853
0.0835107
0.0826244
0.0817307
0.0808338
0.0799382
0.0790482
0.078168
0.0773018
0.0764537
0.0756276
0.0748273
0.0740563
0.0733179
0.0726154
0.0719514
0.0713287
0.0707495
0.070216
0.0697299
0.0692929
0.0689063
0.0685711
0.0682882
0.0680583
0.0678819
0.0677594
0.0676909
0.0676766
0.0677166
0.0678108
0.0679593
0.0681621
0.0684193
0.0687312
0.0690979
0.06952
0.0699982
0.0705332
0.0711264
0.071779
0.0724931
0.073271
0.0741156
0.0750309
0.0760216
0.0770935
0.0782542
0.0795125
0.0808793
0.0823671
0.0839897
0.085762
0.0876984
0.0898115
0.0921095
0.0945936
0.0972545
0.100069
0.102997
0.10598
0.108941
0.126475
