0.0719609
0.0711091
0.0703642
0.0697195
0.0691621
0.0686759
0.0682443
0.0678526
0.0674902
0.0671506
0.0668324
0.0665383
0.0662744
0.0660494
0.065873
0.0657548
0.0657038
0.0657272
0.06583
0.0660146
0.066281
0.0666261
0.0670445
0.0675284
0.0680676
0.0686503
0.0692629
0.069891
0.0705192
0.0711319
0.0717138
0.0722503
0.0727279
0.0731347
0.0734612
0.0736998
0.0738458
0.0738973
0.0738552
0.073723
0.0735072
0.0732162
0.0728606
0.0724527
0.0720057
0.0715338
0.0710514
0.0705726
0.070111
0.0696798
0.0692906
0.0689542
0.0686799
0.0684759
0.0683491
0.0683052
0.0683491
0.0684847
0.0687155
0.0690444
0.0694743
0.0700077
0.0706471
0.0713951
0.0722542
0.0732266
0.0743143
0.0755191
0.0768418
0.0782825
0.0798402
0.0815128
0.0832967
0.085187
0.0871775
0.0892608
0.0914285
0.0936715
0.0959806
0.0983467
0.100762
0.103218
0.105711
0.108236
0.110794
0.113385
0.116014
0.118688
0.121413
0.124202
0.127064
0.130009
0.133049
0.136191
0.13944
0.142798
0.146262
0.149825
0.153473
0.157188
0.160946
0.164717
0.168468
0.172159
0.175751
0.179199
0.182459
0.185488
0.188244
0.190686
0.19278
0.194495
0.195805
0.196691
0.19714
0.197147
0.196713
0.195844
0.194555
0.192866
0.190801
0.18839
0.185667
0.182668
0.179434
0.176004
0.172421
0.168728
0.164965
0.161173
0.157393
0.15366
0.150009
0.146472
0.143077
0.139849
0.136809
0.133975
0.131361
0.128976
0.126829
0.124921
0.123253
0.121822
0.120623
0.119646
0.118883
0.118321
0.117947
0.117746
0.117704
0.117803
0.118028
0.118363
0.118792
0.119299
0.119869
0.120487
0.12114
0.121815
0.1225
0.123184
0.123858
0.124514
0.125142
0.125738
0.126296
0.12681
0.127279
0.127699
0.12807
0.128389
0.128657
0.128875
0.129044
0.129166
0.129241
0.129274
0.129265
0.129219
0.129137
0.129022
0.128878
0.128707
0.128512
0.128295
0.12806
0.127809
0.127545
0.12727
0.126989
0.126702
0.126415
0.126129
0.12585
0.125579
0.125323
0.125084
0.124868
0.124679
0.124523
0.124405
0.12433
0.124305
0.124334
0.124424
0.124581
0.12481
0.125116
0.125504
0.12598
0.126547
0.127209
0.127968
0.128825
0.129782
0.130838
0.13199
0.133234
0.134567
0.13598
0.137467
0.139018
0.140623
0.142269
0.143945
0.145639
0.147337
0.149028
0.150698
0.152337
0.153934
0.155479
0.156961
0.158373
0.159705
0.160949
0.162094
0.163132
0.164051
0.164841
0.16549
0.165986
0.166316
0.166472
0.166444
0.166226
0.165814
0.16521
0.164419
0.163448
0.162313
0.161028
0.159612
0.158086
0.156471
0.154785
0.153045
0.151267
0.149458
0.147625
0.145769
0.143884
0.141964
0.139997
0.137972
0.135875
0.133694
0.131419
0.129041
0.126558
0.12397
0.12128
0.118499
0.11564
0.112718
0.109752
0.106762
0.103765
0.100779
0.0978196
0.0948975
0.0920206
0.089193
0.0864154
0.0836868
0.0810049
0.0783685
0.0757784
0.0732395
0.0707613
0.0683591
0.0660538
0.0638714
0.0618419
0.0599978
0.0583719
0.0569955
0.055896
0.0611325
