0.170914
0.169981
0.168546
0.166623
0.164231
0.161398
0.158158
0.154551
0.150621
0.146416
0.141983
0.137372
0.132629
0.1278
0.122928
0.118051
0.113205
0.10842
0.103722
0.0991348
0.0946767
0.0903633
0.0862074
0.0822191
0.0784072
0.0747787
0.07134
0.0680972
0.065056
0.0622222
0.0596021
0.0572015
0.0550264
0.0530817
0.0513715
0.0498977
0.0486595
0.0476528
0.0468696
0.046297
0.0459174
0.0457084
0.0456427
0.0456893
0.0458139
0.0459808
0.0461535
0.0462972
0.0463802
0.0463751
0.046261
0.0460241
0.0456587
0.0451676
0.0445621
0.0438614
0.0430915
0.0422842
0.041475
0.0407016
0.0400021
0.0394127
0.0389662
0.0386905
0.0386075
0.038732
0.0390718
0.0396273
0.0403921
0.0413534
0.0424938
0.0437916
0.0452223
0.0467601
0.0483786
0.050052
0.0517558
0.0534669
0.0551642
0.0568286
0.0584427
0.0599904
0.0614567
0.0628276
0.0640893
0.0652288
0.0662333
0.0670907
0.0677896
0.0683203
0.0686747
0.068847
0.0688346
0.0686377
0.0682603
0.06771
0.066998
0.0661389
0.0651506
0.0640532
0.0628694
0.061623
0.0603386
0.0590413
0.0577556
0.0565056
0.0553142
0.0542029
0.0531923
0.0523013
0.0515478
0.0509487
0.0505198
0.0502768
0.0502346
0.050408
0.0508118
0.0514608
0.0523693
0.0535516
0.0550212
0.0567909
0.0588719
0.0612734
0.0640021
0.0670616
0.0704517
0.0741676
0.0781998
0.0825331
0.0871465
0.0920131
0.0970996
0.102367
0.10777
0.113258
0.118778
0.12427
0.129675
0.13493
0.139973
0.144746
0.149191
0.153255
0.156894
0.160068
0.162746
0.164907
0.16654
0.167643
0.168226
0.168306
0.167912
0.167079
0.16585
0.164276
0.162409
0.160305
0.158024
0.155621
0.153153
0.150673
0.14823
0.145866
0.143621
0.141526
0.139605
0.137877
0.136354
0.135041
0.13394
0.133044
0.132346
0.131832
0.131487
0.131293
0.131231
0.131282
0.131426
0.131643
0.131916
0.132227
0.13256
0.132903
0.133243
0.133571
0.133878
0.134161
0.134414
0.134637
0.134829
0.134993
0.135131
0.135249
0.135352
0.135447
0.13554
0.13564
0.135755
0.135893
0.136062
0.136271
0.136526
0.136836
0.137205
0.137641
0.138147
0.138727
0.139384
0.140119
0.140933
0.141824
0.14279
0.143828
0.144933
0.1461
0.147322
0.14859
0.149897
0.151232
0.152585
0.153947
0.155306
0.15665
0.15797
0.159253
0.160491
0.161674
0.162792
0.163839
0.164808
0.165695
0.166495
0.167208
0.167832
0.168371
0.168827
0.169206
0.169514
0.16976
0.169954
0.170107
0.170231
0.170339
0.170445
0.170562
0.170706
0.170889
0.171124
0.171424
0.171798
0.172256
0.172801
0.173437
0.174162
0.17497
0.175854
0.1768
0.17779
0.178805
0.179823
0.18082
0.181775
0.182665
0.183474
0.184191
0.184808
0.185327
0.185754
0.186102
0.186388
0.186629
0.186842
0.187042
0.187236
0.187423
0.187592
0.187726
0.187799
0.187782
0.187643
0.187357
0.186906
0.186286
0.185507
0.184596
0.183592
0.182551
0.181533
0.180601
0.179812
0.179215
0.178843
0.178709
0.17881
0.179122
0.179607
0.180216
0.180892
0.20313
