1.29698e-121
4.50753e-72
9.07258e-70
9.10509e-68
6.07483e-66
3.0313e-64
1.20669e-62
3.99173e-61
1.12864e-59
2.78439e-58
6.08866e-57
1.19488e-55
2.12567e-54
3.45654e-53
5.17349e-52
7.16962e-51
9.24693e-50
1.11486e-48
1.26142e-47
1.34406e-46
1.35282e-45
1.2898e-44
1.16775e-43
1.00625e-42
8.2696e-42
6.49393e-41
4.88119e-40
3.51748e-39
2.43369e-38
1.6189e-37
1.03668e-36
6.39822e-36
3.81012e-35
2.19147e-34
1.21862e-33
6.5575e-33
3.41754e-32
1.72643e-31
8.46014e-31
4.02451e-30
1.85974e-29
8.35378e-29
3.64982e-28
1.55194e-27
6.42591e-27
2.59231e-26
1.01942e-25
3.90971e-25
1.46307e-24
5.34456e-24
1.90664e-23
6.64533e-23
2.26374e-22
7.5399e-22
2.45636e-21
7.82995e-21
2.44295e-20
7.46283e-20
2.23286e-19
6.54519e-19
1.88024e-18
5.29495e-18
1.46213e-17
3.96009e-17
1.05228e-16
2.74393e-16
7.0233e-16
1.76497e-15
4.35574e-15
1.05588e-14
2.51475e-14
5.88562e-14
1.35394e-13
3.06201e-13
6.80929e-13
1.48926e-12
3.20403e-12
6.7821e-12
1.41271e-11
2.89632e-11
5.84548e-11
1.16159e-10
2.27312e-10
4.38132e-10
8.3191e-10
1.55636e-09
2.86936e-09
5.214e-09
9.33996e-09
1.64961e-08
2.87313e-08
4.9356e-08
8.36397e-08
1.39846e-07
2.30742e-07
3.7577e-07
6.0411e-07
9.58934e-07
1.50322e-06
2.32756e-06
3.56048e-06
5.38189e-06
8.04024e-06
1.18742e-05
1.73394e-05
2.50415e-05
3.57749e-05
5.05703e-05
7.07484e-05
9.79832e-05
0.000134374
0.000182523
0.000245631
0.000327589
0.000433092
0.000567754
0.000738237
0.000952387
0.00121939
0.00154991
0.00195629
0.00245272
0.0030554
0.00378281
0.00465583
0.00569804
0.00693587
0.00839883
0.0101197
0.0121348
0.0144838
0.0172103
0.0203615
0.0239882
0.0281449
0.0328893
0.0382824
0.0443875
0.05127
0.0589967
0.0676349
0.0772514
0.0879114
0.0996772
0.112607
0.126754
0.142162
0.15887
0.176902
0.196274
0.216986
0.239024
0.262357
0.286938
0.312699
0.339554
0.367399
0.396106
0.425532
0.455512
0.485864
0.51639
0.546876
0.577098
0.606819
0.635797
0.663786
0.69054
0.715816
0.739375
0.760993
0.780458
0.797574
0.812169
0.824092
0.833219
0.839456
0.842737
0.843027
0.840325
0.834661
0.826094
0.814717
0.800648
0.784034
0.765045
0.743871
0.720723
0.695824
0.669407
0.641715
0.612993
0.583486
0.553435
0.523077
0.492638
0.462331
0.432356
0.402897
0.37412
0.346172
0.319182
0.293259
0.26849
0.244947
0.222681
0.201726
0.182098
0.163802
0.146825
0.131144
0.116725
0.103527
0.0914973
0.0805813
0.070718
0.0618438
0.0538931
0.0467995
0.0404968
0.0349198
0.0300051
0.0256916
0.0219209
0.0186381
0.0157912
0.0133323
0.0112167
0.00940378
0.00785622
0.00654033
0.00542576
0.00448536
0.00369496
0.00303318
0.00248121
0.00202257
0.00164294
0.00132989
0.00107273
0.000862264
0.000690667
0.000551284
0.000438491
0.000347556
0.000274516
0.000216067
0.000169469
0.000132456
0.000103165
8.00711e-05
6.19296e-05
4.77311e-05
3.66594e-05
2.80576e-05
2.13992e-05
1.6264e-05
1.23179e-05
9.29671e-06
6.99205e-06
5.24037e-06
3.91383e-06
2.9129e-06
2.16039e-06
1.5967e-06
1.17597e-06
8.63085e-07
6.31241e-07
4.60067e-07
3.34142e-07
2.41839e-07
1.74424e-07
1.25363e-07
8.97883e-08
6.40848e-08
4.55802e-08
3.23059e-08
2.28178e-08
1.60603e-08
1.12646e-08
7.87351e-09
5.48411e-09
3.80654e-09
2.63294e-09
1.81485e-09
1.2466e-09
8.53304e-10
5.82066e-10
3.95676e-10
2.68052e-10
1.80985e-10
1.21811e-10
8.17567e-11
5.47743e-11
3.67165e-11
2.47663e-11
1.70482e-11
1.23839e-11
1.01927e-11
1.18798e-11
