1.11295e-79
1.27401e-79
2.96803e-79
7.7379e-79
2.03788e-78
5.35916e-78
1.4054e-77
3.67468e-77
9.57975e-77
2.49009e-76
6.4555e-76
1.67388e-75
4.45062e-75
1.4435e-74
9.70715e-74
1.36253e-72
2.27204e-71
3.68686e-70
5.65139e-69
8.17109e-68
1.11699e-66
1.44749e-65
1.7826e-64
2.09098e-63
2.34098e-62
2.5062e-61
2.57016e-60
2.52884e-59
2.3908e-58
2.1748e-57
1.90591e-56
1.61104e-55
1.31496e-54
1.03746e-53
7.9197e-53
5.85487e-52
4.1954e-51
2.91628e-50
1.96797e-49
1.2902e-48
8.22325e-48
5.09874e-47
3.0774e-46
1.80911e-45
1.03645e-44
5.78985e-44
3.15535e-43
1.67841e-42
8.7182e-42
4.42411e-41
2.19423e-40
1.06408e-39
5.04752e-39
2.34291e-38
1.06455e-37
4.73658e-37
2.06442e-36
8.8167e-36
3.69086e-35
1.51494e-34
6.09867e-34
2.40864e-33
9.33522e-33
3.55147e-32
1.32658e-31
4.86643e-31
1.75365e-30
6.20913e-30
2.1606e-29
7.39042e-29
2.48546e-28
8.22014e-28
2.67406e-27
8.55797e-27
2.695e-26
8.35248e-26
2.54812e-25
7.6533e-25
2.26348e-24
6.59286e-24
1.89153e-23
5.34642e-23
1.48899e-22
4.08659e-22
1.10545e-21
2.94773e-21
7.74938e-21
2.0088e-20
5.13521e-20
1.29475e-19
3.22015e-19
7.90107e-19
1.91279e-18
4.56956e-18
1.07735e-17
2.50708e-17
5.75915e-17
1.30609e-16
2.9246e-16
6.46666e-16
1.4121e-15
3.04553e-15
6.48818e-15
1.36549e-14
2.83925e-14
5.83326e-14
1.18428e-13
2.37617e-13
4.71216e-13
9.23689e-13
1.78992e-12
3.42916e-12
6.4957e-12
1.21672e-11
2.25382e-11
4.12909e-11
7.4823e-11
1.34122e-10
2.37844e-10
4.173e-10
7.24451e-10
1.24456e-09
2.11595e-09
3.56057e-09
5.93062e-09
9.77884e-09
1.59633e-08
2.58016e-08
4.12954e-08
6.54533e-08
1.02749e-07
1.59768e-07
2.46096e-07
3.75555e-07
5.6786e-07
8.50854e-07
1.26347e-06
1.85959e-06
2.7131e-06
3.9243e-06
5.62807e-06
8.00408e-06
1.12895e-05
1.57946e-05
2.19214e-05
3.01867e-05
4.12491e-05
5.59403e-05
7.53031e-05
0.000100634
0.000133532
0.000175957
0.000230291
0.000299409
0.00038676
0.000496455
0.000633361
0.000803206
0.0010127
0.00126964
0.00158306
0.00196336
0.00242247
0.00297397
0.00363329
0.00441782
0.00534713
0.00644307
0.00772999
0.0092348
0.0109872
0.0130196
0.0153673
0.0180688
0.0211651
0.0247003
0.0287211
0.0332767
0.0384187
0.0442002
0.0506759
0.0579013
0.0659322
0.0748235
0.084629
0.0953999
0.107184
0.120025
0.133961
0.149022
0.165232
0.182604
0.201141
0.220835
0.241664
0.263595
0.286578
0.310548
0.335427
0.361119
0.387514
0.414484
0.44189
0.469576
0.497374
0.525107
0.552586
0.579615
0.605993
0.631516
0.65598
0.679183
0.700927
0.721023
0.739294
0.755573
0.769711
0.781577
0.791058
0.798066
0.802533
0.804416
0.8037
0.800391
0.794522
0.78615
0.775357
0.762246
0.746939
0.729581
0.710329
0.689358
0.66685
0.643001
0.618009
0.592076
0.565408
0.538203
0.510661
0.482971
0.455314
0.427862
0.400774
0.374196
0.348259
0.32308
0.298759
0.275384
0.253023
0.231733
0.211554
0.192514
0.174626
0.157893
0.142306
0.127848
0.114491
0.102202
0.0909395
0.0806598
0.0713134
0.0628485
0.0552115
0.0483475
0.0422017
0.0367196
0.0318476
0.0275339
0.0237285
0.0203839
0.0174548
0.014899
0.0126769
0.0107519
0.0090901
0.0076607
0.00643552
0.00538909
0.00449846
0.0037431
0.0031047
0.00256704
0.0021158
0.00173841
0.0014239
0.00116272
0.000946618
0.000768478
0.000622206
0.000502613
0.000405304
0.000326586
0.00026339
0.000213204
0.000174034
0.000144394
0.000123338
0.000110597
0.000106859
0.000128118
