0.0901233
0.0893425
0.0886752
0.0881156
0.0876582
0.0872976
0.0870291
0.086848
0.0867497
0.0867298
0.0867837
0.0869067
0.0870937
0.0873392
0.0876378
0.0879837
0.0883711
0.0887943
0.0892477
0.0897261
0.0902249
0.0907397
0.0912668
0.0918031
0.092346
0.0928934
0.0934435
0.0939953
0.0945478
0.0951004
0.0956527
0.0962046
0.0967558
0.0973064
0.0978563
0.0984056
0.0989541
0.0995015
0.100048
0.100592
0.101134
0.101672
0.102206
0.102734
0.103255
0.103767
0.10427
0.10476
0.105238
0.105701
0.106149
0.10658
0.106994
0.107391
0.107771
0.108135
0.108483
0.108817
0.109139
0.10945
0.109754
0.110053
0.110349
0.110647
0.110947
0.111255
0.111572
0.111902
0.112247
0.11261
0.112993
0.113398
0.113826
0.11428
0.114761
0.115268
0.115803
0.116365
0.116955
0.117571
0.118213
0.118878
0.119565
0.120271
0.120994
0.12173
0.122475
0.123226
0.123978
0.124727
0.125468
0.126197
0.126909
0.1276
0.128266
0.128903
0.129508
0.130077
0.130608
0.1311
0.131552
0.131962
0.13233
0.132657
0.132944
0.133191
0.133401
0.133575
0.133714
0.133821
0.133898
0.133945
0.133966
0.133961
0.133932
0.133879
0.133803
0.133705
0.133584
0.133442
0.133276
0.133088
0.132875
0.132637
0.132374
0.132084
0.131766
0.131419
0.131042
0.130634
0.130196
0.129726
0.129224
0.128692
0.128129
0.127537
0.126917
0.126272
0.125603
0.124915
0.124211
0.123495
0.122771
0.122044
0.121321
0.120605
0.119904
0.119222
0.118567
0.117942
0.117355
0.11681
0.116312
0.115865
0.115473
0.11514
0.114866
0.114654
0.114505
0.114417
0.11439
0.114423
0.114511
0.114652
0.114841
0.115074
0.115344
0.115647
0.115974
0.116321
0.11668
0.117045
0.117409
0.117765
0.118107
0.11843
0.118728
0.118996
0.119231
0.119428
0.119586
0.119702
0.119775
0.119805
0.119791
0.119736
0.119641
0.119508
0.119342
0.119145
0.118922
0.118679
0.118419
0.118149
0.117874
0.117599
0.117332
0.117076
0.116837
0.116621
0.116431
0.116272
0.116148
0.116061
0.116014
0.116008
0.116044
0.116122
0.116241
0.1164
0.116598
0.116832
0.117099
0.117396
0.117719
0.118065
0.11843
0.11881
0.119202
0.119603
0.12001
0.120421
0.120833
0.121245
0.121655
0.122063
0.122469
0.122873
0.123276
0.123677
0.124079
0.124483
0.124889
0.1253
0.125717
0.126142
0.126577
0.127024
0.127483
0.127957
0.128447
0.128953
0.129478
0.13002
0.130579
0.131155
0.131747
0.132351
0.132966
0.133586
0.134209
0.134827
0.135437
0.136031
0.136602
0.137144
0.137649
0.13811
0.138522
0.138876
0.139169
0.139395
0.139549
0.13963
0.139634
0.139561
0.13941
0.13918
0.138874
0.138493
0.138038
0.137513
0.13692
0.136263
0.135546
0.134773
0.133948
0.133077
0.132165
0.131218
0.130244
0.129248
0.128238
0.127221
0.126206
0.125199
0.124207
0.123237
0.122294
0.121383
0.120508
0.119672
0.118876
0.118122
0.117409
0.116736
0.116103
0.115506
0.114944
0.126983
