0
1.25353e-42
1.44861e-40
8.33028e-39
3.17829e-37
9.05103e-36
2.05207e-34
3.85834e-33
6.18798e-32
8.64139e-31
1.06743e-29
1.18087e-28
1.18176e-27
1.07875e-26
9.0447e-26
7.00685e-25
5.04104e-24
3.38311e-23
2.12619e-22
1.25569e-21
6.99021e-21
3.67813e-20
1.8339e-19
8.68398e-19
3.91336e-18
1.68146e-17
6.90053e-17
2.70914e-16
1.019e-15
3.67709e-15
1.27461e-14
4.24928e-14
1.36395e-13
4.2197e-13
1.25949e-12
3.63032e-12
1.01137e-11
2.72557e-11
7.11099e-11
1.79746e-10
4.40512e-10
1.04744e-09
2.41806e-09
5.42311e-09
1.18235e-08
2.50742e-08
5.1754e-08
1.04028e-07
2.0375e-07
3.89068e-07
7.24733e-07
1.31764e-06
2.33949e-06
4.05878e-06
6.88437e-06
1.14229e-05
1.85516e-05
2.9508e-05
4.59959e-05
7.03058e-05
0.000105448
0.000155293
0.000224717
0.000319743
0.000447682
0.000617269
0.000838798
0.00112426
0.00148749
0.00194435
0.00251293
0.00321382
0.00407037
0.00510908
0.00635994
0.00785684
0.009638
0.0117463
0.0142297
0.0171413
0.0205397
0.0244888
0.0290578
0.0343211
0.0403572
0.0472485
0.0550807
0.0639409
0.073917
0.0850961
0.0975625
0.111396
0.126671
0.143452
0.161794
0.181736
0.203303
0.226504
0.251326
0.277731
0.305662
0.335034
0.365734
0.397623
0.430535
0.464277
0.498628
0.533345
0.568162
0.602794
0.63694
0.670288
0.70252
0.733314
0.762353
0.789328
0.813943
0.835923
0.855018
0.871004
0.883696
0.89294
0.898628
0.90069
0.899103
0.893886
0.885104
0.872863
0.85731
0.838629
0.817038
0.792786
0.766145
0.737408
0.706882
0.674882
0.641729
0.607742
0.573231
0.538497
0.503828
0.469488
0.435725
0.402758
0.370785
0.339974
0.310467
0.282379
0.255797
0.230783
0.207377
0.185595
0.165431
0.146865
0.129858
0.114358
0.100303
0.087621
0.0762349
0.0660617
0.0570159
0.0490108
0.0419604
0.0357798
0.0303869
0.0257032
0.0216541
0.0181696
0.0151846
0.012639
0.0104779
0.00865151
0.00711477
0.00582752
0.00475402
0.00386271
0.00312591
0.00251952
0.00202261
0.00161719
0.00128785
0.00102147
0.000806944
0.000634915
0.000497559
0.000388355
0.000301905
0.000233759
0.00018027
0.000138464
0.000105927
8.07113e-05
6.12519e-05
4.62981e-05
3.4855e-05
2.61352e-05
1.95184e-05
1.45185e-05
1.07562e-05
7.93695e-06
5.83323e-06
4.26996e-06
3.11313e-06
2.26064e-06
1.63503e-06
1.17782e-06
8.45073e-07
6.03906e-07
4.29838e-07
3.0472e-07
2.15159e-07
1.51313e-07
1.05988e-07
7.39431e-08
5.13807e-08
3.55602e-08
2.45127e-08
1.68298e-08
1.15088e-08
7.83864e-09
5.31759e-09
3.59295e-09
2.41797e-09
1.62074e-09
1.08203e-09
7.1949e-10
4.76514e-10
3.14332e-10
2.06522e-10
1.35147e-10
8.80864e-11
5.71842e-11
3.69748e-11
2.38122e-11
1.52742e-11
9.75841e-12
6.20961e-12
3.93562e-12
2.48443e-12
1.56208e-12
9.78239e-13
6.1017e-13
3.79071e-13
2.3456e-13
1.44562e-13
8.87393e-14
5.42555e-14
3.30397e-14
2.00397e-14
1.21064e-14
7.28449e-15
4.36566e-15
2.60594e-15
1.54933e-15
9.17466e-16
5.41127e-16
3.17888e-16
1.86e-16
1.08397e-16
6.29197e-17
3.63765e-17
2.09469e-17
1.20139e-17
6.86296e-18
3.90486e-18
2.21291e-18
1.24907e-18
7.02223e-19
3.93213e-19
2.19304e-19
1.21823e-19
6.74026e-20
3.7144e-20
2.03876e-20
1.11457e-20
6.06897e-21
3.29144e-21
1.77796e-21
9.56583e-22
5.12611e-22
2.73601e-22
1.45449e-22
7.70141e-23
4.06156e-23
2.13344e-23
1.11617e-23
5.81632e-24
3.01876e-24
1.56053e-24
8.03489e-25
4.12053e-25
2.10471e-25
1.0708e-25
5.42664e-26
2.74032e-26
1.38067e-26
6.9801e-27
3.63021e-27
2.15627e-27
2.22857e-27
