0.174242
0.172982
0.171555
0.169979
0.168268
0.166441
0.164515
0.162508
0.160439
0.158324
0.156182
0.154029
0.151879
0.149747
0.147646
0.145586
0.143575
0.141622
0.139732
0.137909
0.136154
0.13447
0.132855
0.131309
0.12983
0.128415
0.127061
0.125766
0.124526
0.123337
0.122198
0.121104
0.120054
0.119044
0.118074
0.117141
0.116243
0.11538
0.114549
0.113751
0.112983
0.112247
0.11154
0.110864
0.110217
0.1096
0.109014
0.108459
0.107935
0.107445
0.106989
0.106568
0.106185
0.10584
0.105534
0.105269
0.105045
0.104863
0.104721
0.10462
0.104557
0.104532
0.10454
0.104579
0.104646
0.104737
0.104848
0.104974
0.105113
0.105261
0.105415
0.105571
0.105728
0.105883
0.106037
0.106188
0.106336
0.106482
0.106627
0.10677
0.106915
0.107061
0.107212
0.107367
0.10753
0.1077
0.107881
0.108073
0.108277
0.108495
0.108727
0.108976
0.10924
0.109522
0.10982
0.110137
0.110471
0.110823
0.111191
0.111575
0.111973
0.112384
0.112805
0.113234
0.113669
0.114106
0.114542
0.114974
0.115398
0.115811
0.116209
0.116589
0.116949
0.117286
0.117597
0.11788
0.118135
0.118361
0.118556
0.118721
0.118857
0.118965
0.119046
0.119102
0.119136
0.11915
0.119147
0.11913
0.119103
0.119068
0.119029
0.118989
0.118951
0.118917
0.11889
0.118871
0.118861
0.118861
0.118871
0.11889
0.118916
0.118947
0.118981
0.119013
0.11904
0.119058
0.119061
0.119045
0.119005
0.118936
0.118832
0.11869
0.118505
0.118274
0.117994
0.117664
0.117281
0.116847
0.116361
0.115826
0.115244
0.114618
0.113954
0.113256
0.11253
0.111785
0.111026
0.110262
0.109502
0.108753
0.108026
0.107329
0.10667
0.106059
0.105503
0.10501
0.104588
0.104242
0.103978
0.103801
0.103713
0.103717
0.103814
0.104003
0.104283
0.10465
0.105102
0.105632
0.106236
0.106905
0.107632
0.108409
0.109227
0.110077
0.110951
0.11184
0.112735
0.113629
0.114514
0.115383
0.116233
0.117056
0.117852
0.118615
0.119346
0.120044
0.120708
0.121341
0.121943
0.122519
0.12307
0.123601
0.124116
0.124618
0.12511
0.125598
0.126085
0.126573
0.127065
0.127563
0.128069
0.128584
0.129107
0.129638
0.130176
0.130716
0.131258
0.131796
0.132327
0.132845
0.133344
0.133818
0.134261
0.134665
0.135023
0.135329
0.135575
0.135754
0.13586
0.135888
0.135832
0.135688
0.135453
0.135125
0.134704
0.134191
0.133589
0.1329
0.13213
0.131286
0.130375
0.129407
0.128391
0.127336
0.126253
0.125152
0.124043
0.122936
0.121838
0.120758
0.119704
0.11868
0.117693
0.116747
0.115847
0.114994
0.114192
0.113444
0.112751
0.112114
0.111536
0.111016
0.110555
0.110152
0.109806
0.109515
0.109275
0.109084
0.108936
0.108826
0.108748
0.108696
0.108662
0.10864
0.108624
0.108608
0.108586
0.108556
0.108513
0.108456
0.108386
0.108304
0.108211
0.10811
0.108005
0.107898
0.107793
0.107692
0.107596
0.119752
