0.102464
0.102831
0.103167
0.103438
0.103614
0.103679
0.103626
0.103459
0.103187
0.102828
0.1024
0.101924
0.101418
0.100896
0.100368
0.0998422
0.0993213
0.098806
0.0982956
0.0977893
0.0972868
0.0967897
0.0963012
0.095827
0.0953745
0.0949526
0.0945711
0.0942402
0.0939692
0.0937665
0.0936387
0.0935899
0.0936222
0.0937346
0.0939236
0.0941829
0.094504
0.0948762
0.095287
0.0957224
0.0961678
0.0966079
0.0970274
0.0974119
0.0977477
0.0980228
0.0982267
0.0983516
0.0983918
0.0983446
0.0982098
0.0979904
0.0976918
0.0973224
0.0968928
0.0964162
0.0959072
0.0953825
0.0948598
0.0943577
0.0938955
0.0934928
0.0931691
0.0929438
0.0928356
0.0928629
0.0930432
0.0933931
0.0939279
0.0946623
0.0956092
0.0967804
0.0981859
0.0998339
0.101731
0.10388
0.106283
0.108937
0.111839
0.114978
0.118342
0.121914
0.125673
0.129592
0.133642
0.137787
0.141988
0.146205
0.15039
0.154498
0.158481
0.162288
0.165875
0.169194
0.172205
0.174869
0.177155
0.179038
0.1805
0.181529
0.182124
0.18229
0.18204
0.181397
0.180387
0.179046
0.177411
0.175526
0.173436
0.171189
0.168831
0.166407
0.163963
0.161538
0.15917
0.15689
0.154725
0.152696
0.150821
0.14911
0.147568
0.146196
0.14499
0.143942
0.14304
0.14227
0.141616
0.141058
0.140578
0.140156
0.13977
0.139403
0.139034
0.138648
0.138227
0.13776
0.137234
0.136641
0.135976
0.135233
0.134414
0.13352
0.132555
0.131525
0.130439
0.129308
0.128142
0.126954
0.125757
0.124564
0.123388
0.122241
0.121134
0.120078
0.119082
0.118152
0.117294
0.116513
0.115811
0.115187
0.114642
0.114172
0.113775
0.113446
0.11318
0.112971
0.112813
0.112699
0.112624
0.112581
0.112565
0.11257
0.112592
0.112627
0.11267
0.11272
0.112775
0.112831
0.112889
0.112947
0.113005
0.113062
0.11312
0.113177
0.113235
0.113293
0.113352
0.113412
0.113474
0.113537
0.113602
0.113669
0.113738
0.113809
0.113883
0.113959
0.114039
0.114122
0.11421
0.114303
0.114402
0.114508
0.114621
0.114742
0.114871
0.115008
0.115153
0.115305
0.115464
0.115627
0.115793
0.115961
0.116128
0.116294
0.116455
0.116612
0.116761
0.116904
0.117038
0.117165
0.117283
0.117394
0.117498
0.117593
0.11768
0.117757
0.117823
0.117874
0.117909
0.117924
0.117916
0.117881
0.117818
0.117724
0.117601
0.117449
0.117273
0.117077
0.11687
0.11666
0.116457
0.116271
0.116112
0.115989
0.11591
0.115881
0.115903
0.115977
0.116099
0.116263
0.116461
0.116681
0.116913
0.117142
0.117357
0.117545
0.117698
0.117808
0.117869
0.117878
0.117837
0.117748
0.117614
0.117443
0.117239
0.117009
0.116757
0.116489
0.116204
0.115902
0.115581
0.115235
0.114859
0.114448
0.113993
0.113492
0.112941
0.112342
0.111698
0.111016
0.110308
0.109588
0.108873
0.108179
0.107526
0.10693
0.106405
0.105963
0.105612
0.105356
0.105193
0.105119
0.105122
0.105192
0.105311
0.105463
0.10563
0.105792
0.105932
0.117061
