0.082707
0.0822307
0.0818713
0.0816238
0.0814819
0.0814388
0.0814869
0.0816188
0.0818268
0.0821038
0.0824428
0.0828374
0.0832819
0.0837709
0.0842994
0.0848627
0.0854563
0.0860758
0.0867168
0.0873748
0.0880453
0.0887239
0.0894061
0.0900877
0.0907648
0.0914335
0.0920907
0.0927335
0.0933597
0.0939676
0.0945561
0.0951245
0.0956729
0.0962015
0.0967113
0.0972033
0.0976792
0.0981405
0.0985891
0.0990271
0.0994565
0.0998795
0.100298
0.100714
0.101129
0.101545
0.101963
0.102385
0.102811
0.103242
0.103678
0.10412
0.104568
0.105022
0.105481
0.105944
0.106413
0.106885
0.107361
0.10784
0.108322
0.108808
0.109296
0.109787
0.110281
0.110778
0.111279
0.111784
0.112293
0.112807
0.113325
0.113849
0.114377
0.114912
0.115451
0.115995
0.116544
0.117098
0.117656
0.118218
0.118784
0.119352
0.119923
0.120496
0.12107
0.121646
0.122223
0.122799
0.123375
0.12395
0.124524
0.125095
0.125662
0.126224
0.126781
0.127331
0.127871
0.128402
0.12892
0.129425
0.129914
0.130386
0.130838
0.131269
0.131677
0.13206
0.132417
0.132746
0.133045
0.133312
0.133547
0.133748
0.133913
0.134042
0.134132
0.134185
0.134197
0.134169
0.134099
0.133988
0.133834
0.133639
0.133401
0.133121
0.132801
0.132441
0.132042
0.131606
0.131135
0.130631
0.130097
0.129536
0.12895
0.128344
0.12772
0.127083
0.126436
0.125782
0.125127
0.124473
0.123824
0.123185
0.122559
0.121948
0.121357
0.120788
0.120244
0.119727
0.119239
0.118782
0.118357
0.117965
0.117606
0.117281
0.11699
0.116732
0.116506
0.116312
0.116147
0.116012
0.115903
0.11582
0.115761
0.115723
0.115705
0.115705
0.115721
0.115751
0.115793
0.115845
0.115907
0.115975
0.116049
0.116127
0.116207
0.116288
0.116368
0.116447
0.116522
0.116593
0.116658
0.116717
0.116769
0.116813
0.116848
0.116874
0.11689
0.116897
0.116895
0.116883
0.116863
0.116835
0.116799
0.116757
0.116709
0.116657
0.116601
0.116542
0.116482
0.116422
0.116363
0.116305
0.11625
0.116199
0.116152
0.116112
0.116078
0.116052
0.116035
0.116029
0.116034
0.116053
0.116086
0.116136
0.116205
0.116293
0.116404
0.116538
0.116698
0.116886
0.117102
0.117347
0.117623
0.11793
0.118268
0.118637
0.119036
0.119464
0.119921
0.120404
0.120912
0.121443
0.121996
0.122569
0.12316
0.123767
0.124389
0.125024
0.125671
0.126328
0.126993
0.127667
0.128346
0.12903
0.129716
0.130404
0.131091
0.131775
0.132455
0.133127
0.133791
0.134443
0.135082
0.135706
0.136312
0.136899
0.137465
0.138009
0.138528
0.139021
0.139486
0.139921
0.140324
0.140693
0.141025
0.141317
0.141568
0.141773
0.14193
0.142036
0.14209
0.142088
0.14203
0.141914
0.14174
0.141509
0.141221
0.140878
0.140483
0.140037
0.139545
0.13901
0.138434
0.137821
0.137175
0.136499
0.135796
0.135068
0.134319
0.133551
0.132766
0.131967
0.131156
0.130337
0.129513
0.128686
0.12786
0.127039
0.126227
0.13879
