0.141841
0.141983
0.142012
0.141945
0.141798
0.141586
0.141322
0.141018
0.140683
0.140321
0.139937
0.139533
0.139108
0.138661
0.138192
0.1377
0.137183
0.136645
0.136089
0.13552
0.134946
0.134377
0.133824
0.133301
0.132822
0.132399
0.132045
0.131771
0.131587
0.1315
0.131515
0.131634
0.131858
0.132187
0.13262
0.133154
0.133791
0.134528
0.135367
0.13631
0.137359
0.138518
0.139789
0.141176
0.14268
0.144301
0.146038
0.147886
0.149839
0.151887
0.154018
0.156216
0.158465
0.160745
0.163036
0.165316
0.167561
0.169749
0.171855
0.173858
0.175733
0.177459
0.179015
0.180383
0.181544
0.182482
0.183184
0.183639
0.183838
0.183773
0.183443
0.182846
0.181984
0.180863
0.179492
0.177879
0.17604
0.17399
0.171746
0.16933
0.166761
0.164062
0.161257
0.15837
0.155423
0.15244
0.149444
0.146456
0.143495
0.140582
0.137732
0.13496
0.132279
0.129699
0.12723
0.124878
0.122647
0.120542
0.118564
0.116712
0.114987
0.113387
0.111909
0.110551
0.109309
0.108181
0.107164
0.106254
0.105447
0.104742
0.104136
0.103624
0.103206
0.102876
0.102633
0.102473
0.10239
0.102383
0.102444
0.102569
0.102752
0.102987
0.103267
0.103587
0.103939
0.104318
0.104717
0.105132
0.105559
0.105993
0.106433
0.106877
0.107326
0.107781
0.108242
0.108715
0.109201
0.109706
0.110234
0.11079
0.111378
0.112002
0.112665
0.113369
0.114116
0.114905
0.115735
0.116602
0.117503
0.118431
0.11938
0.120341
0.121305
0.122263
0.123203
0.124115
0.124989
0.125812
0.126576
0.12727
0.127885
0.128413
0.128847
0.129181
0.129409
0.129529
0.129538
0.129436
0.129222
0.128898
0.128468
0.127934
0.127302
0.126578
0.125767
0.124877
0.123917
0.122893
0.121814
0.120689
0.119527
0.118335
0.117122
0.115895
0.114663
0.113431
0.112206
0.110994
0.109799
0.108626
0.107477
0.106355
0.105262
0.104198
0.103166
0.102164
0.101193
0.100254
0.0993454
0.0984688
0.0976248
0.0968148
0.0960411
0.0953063
0.0946137
0.0939675
0.0933718
0.0928313
0.0923505
0.0919337
0.0915848
0.0913067
0.0911015
0.09097
0.0909116
0.0909245
0.0910053
0.0911494
0.091351
0.0916031
0.0918984
0.0922286
0.0925857
0.0929615
0.0933482
0.0937386
0.0941263
0.0945055
0.0948713
0.0952197
0.0955475
0.0958518
0.0961307
0.0963823
0.0966049
0.0967974
0.0969583
0.0970867
0.0971814
0.0972418
0.0972677
0.0972593
0.0972176
0.0971445
0.0970428
0.0969165
0.0967705
0.0966105
0.0964433
0.0962759
0.0961156
0.0959697
0.0958446
0.0957463
0.095679
0.0956458
0.0956479
0.0956843
0.0957524
0.0958476
0.0959634
0.096092
0.0962244
0.0963505
0.0964602
0.0965431
0.0965893
0.0965898
0.0965366
0.0964232
0.0962448
0.0959981
0.095682
0.0952969
0.0948454
0.0943312
0.0937597
0.0931376
0.0924724
0.0917722
0.0910455
0.0903012
0.0895477
0.0887934
0.0880461
0.0873134
0.0866021
0.0859184
0.0852685
0.084658
0.0840924
0.083577
0.0831175
0.0827194
0.0823885
0.0821305
0.0819512
0.0818556
0.0818484
0.0902407
