0.0953449
0.095893
0.0965716
0.097377
0.0983017
0.0993354
0.100466
0.101678
0.10296
0.104299
0.105683
0.107106
0.108562
0.11005
0.111573
0.113134
0.114741
0.116402
0.118127
0.119924
0.121803
0.123769
0.125829
0.127985
0.130239
0.132589
0.135032
0.137561
0.140171
0.142852
0.145594
0.148387
0.151219
0.154077
0.156949
0.159822
0.162682
0.165515
0.168304
0.171034
0.173687
0.176244
0.178685
0.18099
0.183135
0.1851
0.186862
0.1884
0.189695
0.190729
0.191486
0.191957
0.192132
0.192007
0.191584
0.190866
0.189861
0.188582
0.187045
0.185268
0.183272
0.181082
0.17872
0.176214
0.17359
0.170875
0.168095
0.165276
0.162444
0.159623
0.156835
0.154103
0.151445
0.14888
0.146422
0.144085
0.14188
0.139816
0.137898
0.136129
0.134511
0.133043
0.131719
0.130535
0.129483
0.128554
0.127736
0.127018
0.126387
0.12583
0.125334
0.124885
0.124471
0.124079
0.123698
0.123318
0.12293
0.122526
0.1221
0.121647
0.121164
0.120648
0.120099
0.119518
0.118907
0.118268
0.117606
0.116925
0.11623
0.115527
0.114822
0.114121
0.113431
0.112759
0.11211
0.111491
0.110908
0.110366
0.109871
0.109428
0.10904
0.108711
0.108444
0.108243
0.108107
0.108038
0.108036
0.1081
0.108229
0.108419
0.108668
0.108971
0.109323
0.109719
0.110153
0.110619
0.11111
0.111621
0.112144
0.112675
0.113208
0.113739
0.114265
0.114784
0.115295
0.115797
0.116294
0.116787
0.117281
0.11778
0.118291
0.118819
0.119372
0.119956
0.120579
0.121246
0.121962
0.122734
0.123563
0.124452
0.125401
0.126409
0.127474
0.12859
0.129751
0.13095
0.132177
0.133421
0.134671
0.135914
0.137137
0.138326
0.139467
0.140546
0.141548
0.142462
0.143273
0.143971
0.144545
0.144985
0.145284
0.145435
0.145434
0.145279
0.144969
0.144505
0.143891
0.143133
0.142237
0.141213
0.140072
0.138824
0.137483
0.136061
0.134574
0.133034
0.131455
0.129849
0.128228
0.126603
0.124983
0.123374
0.121784
0.120215
0.118672
0.117155
0.115665
0.1142
0.112759
0.111339
0.109938
0.108551
0.107176
0.105811
0.104451
0.103095
0.101741
0.100386
0.09903
0.0976711
0.0963092
0.0949442
0.0935767
0.0922075
0.0908382
0.0894712
0.0881091
0.0867558
0.0854157
0.0840941
0.0827972
0.0815319
0.0803057
0.0791267
0.0780034
0.0769441
0.0759572
0.0750506
0.0742314
0.0735056
0.072878
0.0723521
0.0719296
0.0716104
0.071393
0.0712738
0.071248
0.0713093
0.0714502
0.0716622
0.0719365
0.0722637
0.0726345
0.0730399
0.0734713
0.073921
0.074382
0.0748485
0.0753155
0.0757794
0.0762373
0.0766875
0.0771289
0.0775615
0.0779854
0.0784014
0.0788105
0.0792135
0.0796116
0.0800058
0.0803967
0.080785
0.0811712
0.0815556
0.0819386
0.0823205
0.0827019
0.0830833
0.0834658
0.0838502
0.0842382
0.084631
0.0850303
0.0854376
0.0858543
0.0862814
0.0867198
0.0871696
0.0876307
0.0881023
0.0885834
0.0890723
0.0895671
0.0900656
0.090565
0.0910621
0.0915527
0.0920317
0.0924928
0.102717
