7.60452e-46
7.26433e-46
1.16197e-45
2.17737e-45
4.22025e-45
8.22406e-45
1.60152e-44
3.11238e-44
6.03448e-44
1.16719e-43
2.25214e-43
4.33508e-43
8.3243e-43
1.59459e-42
3.04719e-42
5.80901e-42
1.10473e-41
2.09588e-41
3.9667e-41
7.4894e-41
1.41065e-40
2.65064e-40
4.96865e-40
9.29147e-40
1.73336e-39
3.22593e-39
5.98937e-39
1.10935e-38
2.04984e-38
3.77862e-38
6.94881e-38
1.27483e-37
2.33326e-37
4.26028e-37
7.76034e-37
1.41024e-36
2.55666e-36
4.62406e-36
8.34344e-36
1.50189e-35
2.69714e-35
4.83218e-35
8.63688e-35
1.54009e-34
2.73974e-34
4.8624e-34
8.60933e-34
1.52078e-33
2.68005e-33
4.71194e-33
8.26488e-33
1.44629e-32
2.52498e-32
4.39787e-32
7.64208e-32
1.32485e-31
2.29143e-31
3.95396e-31
6.80686e-31
1.16909e-30
2.00328e-30
3.42471e-30
5.84113e-30
9.93942e-30
1.6874e-29
2.85804e-29
4.82962e-29
8.14241e-29
1.36958e-28
2.29837e-28
3.84813e-28
6.42803e-28
1.07129e-27
1.78128e-27
2.95502e-27
4.89091e-27
8.07648e-27
1.33063e-26
2.18724e-26
3.58708e-26
5.86938e-26
9.58184e-26
1.56068e-25
2.53621e-25
4.11214e-25
6.65211e-25
1.07365e-24
1.72892e-24
2.77781e-24
4.45289e-24
7.12189e-24
1.13649e-23
1.80946e-23
2.87441e-23
4.55583e-23
7.2045e-23
1.13674e-22
1.78951e-22
2.81081e-22
4.40502e-22
6.88792e-22
1.07461e-21
1.67278e-21
2.59807e-21
4.02613e-21
6.22518e-21
9.6038e-21
1.4783e-20
2.27044e-20
3.47928e-20
5.31983e-20
8.11593e-20
1.23541e-19
1.87636e-19
2.84352e-19
4.29962e-19
6.48694e-19
9.76532e-19
1.4668e-18
2.19832e-18
3.2874e-18
4.90515e-18
7.30286e-18
1.08486e-17
1.60805e-17
2.3783e-17
3.50977e-17
5.16815e-17
7.59342e-17
1.11323e-16
1.62848e-16
2.37699e-16
3.46195e-16
5.03113e-16
7.29564e-16
1.05564e-15
1.52413e-15
2.19577e-15
3.15657e-15
4.52802e-15
6.48147e-15
9.25799e-15
1.31962e-14
1.87708e-14
2.66461e-14
3.77508e-14
5.33814e-14
7.53465e-14
1.06169e-13
1.49368e-13
2.09859e-13
2.94519e-13
4.12995e-13
5.78878e-13
8.11402e-13
1.13797e-12
1.59789e-12
2.24803e-12
3.17139e-12
4.49024e-12
6.38636e-12
9.13235e-12
1.31402e-11
1.90368e-11
2.77808e-11
4.08443e-11
6.04924e-11
9.02138e-11
1.35379e-10
2.04244e-10
3.09462e-10
4.70364e-10
7.16355e-10
1.09194e-09
1.66415e-09
2.53329e-09
3.84867e-09
5.831e-09
8.80453e-09
1.32424e-08
1.98302e-08
2.95549e-08
4.3827e-08
6.46485e-08
9.48409e-08
1.38353e-07
2.00672e-07
2.89371e-07
4.14827e-07
5.91159e-07
8.37451e-07
1.17932e-06
1.65089e-06
2.29739e-06
3.17824e-06
4.37113e-06
5.97683e-06
8.12534e-06
1.09832e-05
1.47624e-05
1.97311e-05
2.62267e-05
3.46708e-05
4.55871e-05
5.96225e-05
7.75718e-05
0.000100405
0.000129301
0.000165683
0.000211261
0.000268079
0.000338568
0.000425605
0.000532575
0.000663447
0.000822848
0.00101615
0.00124956
0.00153021
0.00186628
0.00226709
0.00274322
0.0033066
0.00397069
0.00475054
0.00566292
0.00672646
0.00796173
0.00939134
0.01104
0.0129347
0.0151046
0.0175811
0.0203978
0.0235906
0.0271974
0.0312581
0.0358144
0.0409095
0.0465878
0.0528945
0.0598755
0.0675765
0.0760426
0.0853179
0.0954445
0.106462
0.118407
0.131312
0.145203
0.160104
0.17603
0.192988
0.21098
0.229996
0.25002
0.271024
0.292971
0.315813
0.339493
0.363943
0.389084
0.414828
0.441078
0.46773
0.49467
0.521782
0.548942
0.576026
0.602906
0.629457
0.655557
0.681088
0.70594
0.730013
0.753217
0.775478
0.796738
0.816957
0.836116
0.854217
0.871287
0.887382
0.902582
0.917004
0.930797
0.944153
0.95731
0.970561
0.98426
0.998827
1.01474
1.03254
1.05279
1.07599
1.10254
1.13261
1.16596
1.20181
1.38784
