0.175313
0.174171
0.172856
0.171382
0.169765
0.168021
0.166169
0.164226
0.162209
0.160136
0.158026
0.155894
0.153756
0.151626
0.149517
0.14744
0.145404
0.143418
0.141487
0.139616
0.137809
0.136067
0.134392
0.132782
0.131237
0.129756
0.128337
0.126978
0.125675
0.124428
0.123233
0.122088
0.120992
0.119941
0.118935
0.11797
0.117046
0.116161
0.115313
0.1145
0.113723
0.112979
0.112267
0.111587
0.110939
0.110322
0.109736
0.109181
0.108658
0.108169
0.107713
0.107292
0.106908
0.106561
0.106252
0.105982
0.105752
0.10556
0.105406
0.10529
0.105208
0.105159
0.10514
0.105147
0.105178
0.105227
0.105293
0.10537
0.105456
0.105547
0.105642
0.105737
0.105832
0.105925
0.106015
0.106104
0.106191
0.106276
0.106362
0.10645
0.10654
0.106634
0.106735
0.106842
0.106959
0.107087
0.107226
0.107378
0.107544
0.107726
0.107924
0.10814
0.108374
0.108627
0.108899
0.109191
0.109502
0.109834
0.110184
0.110552
0.110936
0.111336
0.111749
0.112172
0.112603
0.113039
0.113477
0.113913
0.114345
0.114769
0.115181
0.115579
0.11596
0.116322
0.116661
0.116977
0.117268
0.117534
0.117772
0.117984
0.11817
0.11833
0.118466
0.118578
0.11867
0.118742
0.118798
0.11884
0.11887
0.118891
0.118906
0.118917
0.118927
0.118938
0.118951
0.118968
0.11899
0.119017
0.119049
0.119084
0.119123
0.119161
0.119197
0.119227
0.119248
0.119255
0.119243
0.119209
0.119148
0.119054
0.118924
0.118754
0.118539
0.118277
0.117966
0.117604
0.117189
0.116724
0.116207
0.115643
0.115032
0.11438
0.11369
0.112969
0.112222
0.111457
0.11068
0.109901
0.109126
0.108366
0.107628
0.106921
0.106255
0.105637
0.105076
0.10458
0.104155
0.103808
0.103544
0.103368
0.103283
0.103291
0.103394
0.103592
0.103882
0.104262
0.104729
0.105276
0.105899
0.10659
0.107341
0.108143
0.108988
0.109867
0.110771
0.111689
0.112615
0.113539
0.114453
0.115352
0.116228
0.117078
0.117898
0.118683
0.119434
0.120149
0.120829
0.121474
0.122087
0.122671
0.123227
0.123761
0.124275
0.124774
0.125262
0.125741
0.126216
0.12669
0.127164
0.127641
0.128123
0.128609
0.1291
0.129594
0.13009
0.130586
0.131079
0.131565
0.13204
0.132498
0.132935
0.133344
0.133721
0.134057
0.134348
0.134586
0.134766
0.134881
0.134925
0.134894
0.134783
0.134589
0.134308
0.133939
0.133483
0.132939
0.13231
0.131601
0.130815
0.129961
0.129044
0.128074
0.12706
0.126012
0.124942
0.123858
0.122771
0.12169
0.120626
0.119585
0.118575
0.117602
0.116671
0.115786
0.114952
0.114169
0.113441
0.11277
0.112155
0.111598
0.1111
0.110659
0.110277
0.109952
0.109683
0.109468
0.109303
0.109186
0.109111
0.109074
0.109068
0.109087
0.109125
0.109174
0.109227
0.109279
0.109322
0.109353
0.109366
0.109361
0.109335
0.109289
0.109225
0.109144
0.109051
0.108949
0.108842
0.108732
0.108623
0.120877
