0.0324314
0.031452
0.0306434
0.0300189
0.0295877
0.0293543
0.0293191
0.0294782
0.0298245
0.0303473
0.031033
0.0318654
0.0328261
0.0338945
0.0350488
0.036266
0.0375227
0.0387958
0.0400633
0.0413044
0.0425009
0.0436371
0.0447006
0.0456826
0.0465778
0.0473847
0.0481051
0.0487439
0.049309
0.0498101
0.0502586
0.0506671
0.0510484
0.0514149
0.0517788
0.052151
0.0525412
0.0529576
0.0534069
0.0538941
0.0544231
0.0549964
0.0556156
0.0562818
0.0569955
0.0577574
0.0585682
0.0594291
0.0603418
0.0613085
0.0623321
0.0634158
0.0645629
0.0657768
0.0670601
0.0684146
0.0698405
0.0713364
0.0728985
0.0745205
0.0761934
0.0779057
0.0796429
0.0813886
0.0831246
0.0848315
0.0864896
0.0880797
0.0895844
0.0909883
0.0922793
0.0934496
0.0944954
0.0954182
0.0962244
0.0969251
0.0975361
0.0980771
0.0985711
0.0990432
0.09952
0.100028
0.100593
0.10124
0.101991
0.102863
0.103873
0.10503
0.106344
0.107818
0.109452
0.111245
0.11319
0.115283
0.117515
0.119878
0.122363
0.124961
0.127664
0.130462
0.133348
0.136313
0.139347
0.142441
0.145583
0.148761
0.151961
0.155166
0.158358
0.161516
0.164619
0.167643
0.170561
0.173347
0.175974
0.178414
0.18064
0.182626
0.184346
0.185777
0.1869
0.187697
0.188153
0.188259
0.188008
0.187399
0.186433
0.185118
0.183465
0.18149
0.179213
0.176658
0.17385
0.170819
0.167597
0.164218
0.160714
0.157121
0.153471
0.149797
0.146131
0.1425
0.138931
0.135447
0.132068
0.128812
0.12569
0.122716
0.119896
0.117235
0.114737
0.112403
0.110232
0.108223
0.106373
0.10468
0.103141
0.101752
0.100511
0.0994155
0.098464
0.0976549
0.0969873
0.0964608
0.096075
0.09583
0.0957256
0.0957617
0.0959377
0.0962526
0.0967047
0.0972917
0.0980104
0.0988567
0.0998254
0.100911
0.102105
0.103401
0.10479
0.106261
0.107806
0.109414
0.111073
0.112774
0.114504
0.116254
0.118014
0.119774
0.121526
0.123262
0.124975
0.126661
0.128314
0.129932
0.131512
0.133054
0.134557
0.136023
0.137452
0.138848
0.140212
0.141546
0.142854
0.144135
0.145393
0.146626
0.147836
0.14902
0.150175
0.151299
0.152386
0.153431
0.154427
0.155366
0.156241
0.157043
0.157764
0.158396
0.158931
0.159364
0.159688
0.159901
0.16
0.159984
0.159857
0.15962
0.159281
0.158846
0.158325
0.157728
0.157066
0.156351
0.155595
0.15481
0.154007
0.153196
0.152386
0.151585
0.150799
0.150036
0.149298
0.148591
0.147918
0.147284
0.146693
0.146148
0.145656
0.145221
0.144848
0.14454
0.144298
0.144125
0.144015
0.143965
0.143964
0.144001
0.144062
0.144131
0.144192
0.144232
0.144239
0.144205
0.144129
0.144016
0.143876
0.143724
0.143584
0.143478
0.143432
0.143472
0.143617
0.143885
0.144286
0.144821
0.145485
0.146264
0.147138
0.148082
0.149067
0.150059
0.15103
0.151949
0.15279
0.153534
0.154164
0.154672
0.155057
0.155322
0.155477
0.155535
0.155513
0.155427
0.155292
0.155118
0.154911
0.154667
0.154379
0.154026
0.153587
0.17036
