2.20841e-38
2.04261e-38
2.98e-38
5.12281e-38
9.18711e-38
1.66249e-37
3.01022e-37
5.44215e-37
9.81819e-37
1.76733e-36
3.17402e-36
5.6873e-36
1.01673e-35
1.81346e-35
3.22713e-35
5.72965e-35
1.01495e-34
1.79378e-34
3.16301e-34
5.56468e-34
9.7676e-34
1.71059e-33
2.98891e-33
5.21064e-33
9.06321e-33
1.57284e-32
2.72334e-32
4.7047e-32
8.10919e-32
1.39457e-31
2.39286e-31
4.09649e-31
6.99721e-31
1.1925e-30
2.02772e-30
3.44017e-30
5.82335e-30
9.8353e-30
1.65739e-29
2.78667e-29
4.67489e-29
7.82495e-29
1.30682e-28
2.17761e-28
3.62051e-28
6.00603e-28
9.94109e-28
1.64176e-27
2.70531e-27
4.4479e-27
7.29668e-27
1.19434e-26
1.95058e-26
3.17859e-26
5.1682e-26
8.38457e-26
1.35725e-25
2.19217e-25
3.53286e-25
5.68092e-25
9.11487e-25
1.45923e-24
2.33097e-24
3.71528e-24
5.90867e-24
9.37629e-24
1.48463e-23
2.34557e-23
3.69764e-23
5.81631e-23
9.1289e-23
1.42967e-22
2.23411e-22
3.48355e-22
5.41988e-22
8.41412e-22
1.30341e-21
2.01467e-21
3.10728e-21
4.78203e-21
7.34343e-21
1.12523e-20
1.72044e-20
2.6248e-20
3.99587e-20
6.06994e-20
9.20062e-20
1.39159e-19
2.10022e-19
3.16288e-19
4.75293e-19
7.12696e-19
1.06638e-18
1.59215e-18
2.37204e-18
3.52636e-18
5.23117e-18
7.74353e-18
1.14379e-17
1.68588e-17
2.47957e-17
3.63912e-17
5.32953e-17
7.7885e-17
1.13578e-16
1.65274e-16
2.3999e-16
3.47743e-16
5.02804e-16
7.25465e-16
1.04451e-15
1.50068e-15
2.1515e-15
3.07806e-15
4.39434e-15
6.26026e-15
8.89966e-15
1.26252e-14
1.78726e-14
2.52477e-14
3.55911e-14
5.00667e-14
7.02818e-14
9.84522e-14
1.37625e-13
1.91981e-13
2.67245e-13
3.71238e-13
5.14621e-13
7.11894e-13
9.82736e-13
1.35379e-12
1.86108e-12
2.55312e-12
3.49522e-12
4.77503e-12
6.50993e-12
8.85676e-12
1.20247e-11
1.6292e-11
2.2028e-11
2.97219e-11
4.00206e-11
5.37766e-11
7.21121e-11
9.65002e-11
1.28871e-10
1.71747e-10
2.28418e-10
3.03165e-10
4.0155e-10
5.30773e-10
7.00148e-10
9.21686e-10
1.21085e-09
1.58748e-09
2.07703e-09
2.71201e-09
3.53393e-09
4.59558e-09
5.96405e-09
7.72434e-09
9.98392e-09
1.28784e-08
1.65784e-08
2.12985e-08
2.73072e-08
3.49406e-08
4.46179e-08
5.68611e-08
7.23183e-08
9.17933e-08
1.16279e-07
1.47003e-07
1.85474e-07
2.33546e-07
2.93492e-07
3.68092e-07
4.60738e-07
5.7556e-07
7.17576e-07
8.92868e-07
1.10879e-06
1.37423e-06
1.69987e-06
2.09855e-06
2.58569e-06
3.17971e-06
3.9026e-06
4.78057e-06
5.84476e-06
7.13212e-06
8.68638e-06
1.05592e-05
1.28115e-05
1.55148e-05
1.87534e-05
2.26258e-05
2.72473e-05
3.27525e-05
3.92984e-05
4.70676e-05
5.6272e-05
6.71576e-05
8.00091e-05
9.51557e-05
0.000112977
0.000133913
0.000158466
0.000187217
0.000220833
0.000260079
0.000305831
0.000359094
0.000421016
0.000492908
0.00057627
0.00067281
0.000784475
0.000913481
0.00106235
0.00123394
0.00143149
0.0016587
0.00191972
0.00221925
0.00256261
0.00295578
0.0034055
0.00391933
0.00450575
0.00517425
0.00593545
0.00680117
0.00778458
0.0089003
0.0101645
0.0115951
0.0132119
0.0150365
0.0170928
0.0194069
0.0220073
0.0249248
0.0281931
0.0318486
0.0359304
0.0404804
0.0455438
0.0511686
0.0574056
0.0643087
0.0719346
0.0803427
0.0895949
0.0997552
0.11089
0.123067
0.136354
0.150823
0.166541
0.18358
0.202007
0.221889
0.24329
0.266272
0.29089
0.317199
0.345244
0.375064
0.406693
0.440154
0.47546
0.512615
0.551609
0.592421
0.635014
0.679337
0.725326
0.772901
0.821972
0.872443
0.924213
0.977185
1.03127
1.08639
1.14249
1.19949
1.25733
1.31585
1.37481
1.43376
1.49199
1.54841
1.60156
1.64952
1.69008
1.72081
1.73941
1.95393
