0.107038
0.106817
0.106718
0.10674
0.106878
0.107114
0.107426
0.107786
0.108166
0.108539
0.108884
0.109183
0.109427
0.10961
0.109736
0.10981
0.109842
0.109841
0.109816
0.109776
0.109725
0.109667
0.109602
0.109527
0.109441
0.10934
0.109221
0.109083
0.108927
0.108755
0.108571
0.108382
0.108196
0.108021
0.107867
0.107743
0.107657
0.107616
0.107625
0.107688
0.107806
0.107979
0.108203
0.108474
0.108786
0.109131
0.1095
0.109885
0.110276
0.110664
0.111043
0.111405
0.111746
0.112063
0.112355
0.112625
0.112877
0.113118
0.113357
0.113607
0.11388
0.114192
0.114559
0.114999
0.115528
0.116163
0.116921
0.117814
0.118858
0.12006
0.12143
0.122971
0.124684
0.126569
0.128619
0.130825
0.133174
0.135651
0.138238
0.140912
0.143649
0.146423
0.149207
0.151972
0.154687
0.157322
0.159847
0.162234
0.164453
0.166477
0.168282
0.169845
0.171147
0.172172
0.172905
0.17334
0.173469
0.173294
0.172817
0.172048
0.170998
0.169686
0.168132
0.166361
0.164402
0.162287
0.160048
0.157722
0.155344
0.15295
0.150578
0.14826
0.146029
0.143915
0.141944
0.140138
0.138516
0.137089
0.135869
0.134859
0.134058
0.133462
0.133063
0.132848
0.132804
0.132911
0.13315
0.133501
0.133941
0.134447
0.134997
0.13557
0.136142
0.136694
0.137207
0.137662
0.138043
0.138335
0.138526
0.138603
0.138559
0.138385
0.138076
0.137628
0.13704
0.136311
0.135445
0.134443
0.133312
0.13206
0.130693
0.129223
0.12766
0.126016
0.124303
0.122535
0.120725
0.118886
0.117032
0.115175
0.113328
0.111504
0.109712
0.107964
0.106268
0.104634
0.103068
0.101578
0.100168
0.0988433
0.0976078
0.0964645
0.0954154
0.0944623
0.0936059
0.0928466
0.0921842
0.091618
0.0911471
0.0907698
0.0904845
0.090289
0.090181
0.090158
0.0902172
0.0903556
0.0905702
0.0908576
0.0912145
0.0916373
0.0921221
0.0926651
0.0932621
0.0939086
0.0945998
0.0953308
0.0960961
0.0968897
0.0977055
0.0985367
0.0993763
0.100217
0.101051
0.10187
0.102668
0.103435
0.104165
0.10485
0.105484
0.106062
0.106578
0.107028
0.10741
0.107721
0.107959
0.108124
0.108217
0.108237
0.108185
0.108064
0.107874
0.107617
0.107297
0.106915
0.106476
0.105983
0.105442
0.104859
0.104244
0.103606
0.102956
0.102306
0.101671
0.101064
0.100501
0.0999959
0.0995618
0.0992105
0.0989519
0.098793
0.0987378
0.0987874
0.0989395
0.0991889
0.0995278
0.0999463
0.100433
0.100974
0.101559
0.102174
0.102809
0.103455
0.104102
0.104747
0.105385
0.106016
0.106638
0.107253
0.107862
0.108467
0.10907
0.109671
0.110269
0.110863
0.111449
0.112025
0.112585
0.113127
0.113648
0.114145
0.114619
0.115072
0.115511
0.115941
0.116374
0.11682
0.117293
0.117804
0.118367
0.11899
0.119684
0.120451
0.121293
0.122207
0.123186
0.124219
0.125291
0.126385
0.127482
0.12856
0.129598
0.130575
0.13147
0.132264
0.13294
0.133484
0.133885
0.134135
0.134228
0.14801
