2.40269e-111
5.3462e-76
1.13716e-73
1.20622e-71
8.50721e-70
4.48807e-68
1.88916e-66
6.60906e-65
1.97654e-63
5.15842e-62
1.19347e-60
2.47846e-59
4.66649e-58
8.03226e-57
1.27276e-55
1.86765e-54
2.55094e-53
3.25757e-52
3.90456e-51
4.40797e-50
4.70146e-49
4.7507e-48
4.55929e-47
4.16519e-46
3.62966e-45
3.0228e-44
2.41e-43
1.84239e-42
1.35253e-41
9.54776e-41
6.48933e-40
4.25163e-39
2.68812e-38
1.64184e-37
9.6966e-37
5.54262e-36
3.06895e-35
1.64739e-34
8.57961e-34
4.33828e-33
2.1313e-32
1.01797e-31
4.72992e-31
2.13924e-30
9.42316e-30
4.0448e-29
1.69271e-28
6.90985e-28
2.75268e-27
1.07063e-26
4.06728e-26
1.50985e-25
5.47892e-25
1.94427e-24
6.74961e-24
2.29304e-23
7.62612e-23
2.48369e-22
7.92376e-22
2.47706e-21
7.58999e-21
2.28018e-20
6.71804e-20
1.94167e-19
5.50655e-19
1.53273e-18
4.18833e-18
1.12384e-17
2.96184e-17
7.6684e-17
1.95088e-16
4.87789e-16
1.19894e-15
2.89745e-15
6.88607e-15
1.60972e-14
3.70195e-14
8.37713e-14
1.86561e-13
4.08966e-13
8.82605e-13
1.87557e-12
3.92521e-12
8.09143e-12
1.6432e-11
3.288e-11
6.48356e-11
1.26011e-10
2.41423e-10
4.56034e-10
8.49431e-10
1.56041e-09
2.82744e-09
5.05429e-09
8.91467e-09
1.55165e-08
2.66559e-08
4.52035e-08
7.56824e-08
1.25122e-07
2.04292e-07
3.29477e-07
5.24956e-07
8.2645e-07
1.28582e-06
1.97738e-06
3.00624e-06
4.51917e-06
6.71857e-06
9.88008e-06
1.43746e-05
2.06952e-05
2.94899e-05
4.16006e-05
5.81089e-05
8.039e-05
0.000110174
0.000149614
0.00020137
0.000268689
0.000355506
0.000466552
0.000607466
0.000784922
0.00100676
0.00128215
0.00162173
0.00203776
0.00254434
0.00315758
0.00389576
0.00477958
0.00583235
0.00708016
0.00855211
0.0102805
0.0123009
0.0146523
0.0173774
0.0205223
0.0241367
0.0282736
0.0329892
0.0383426
0.0443955
0.0512111
0.0588543
0.06739
0.0768828
0.0873959
0.0989893
0.11172
0.125637
0.140786
0.157203
0.174912
0.193928
0.214252
0.235871
0.258756
0.282861
0.308124
0.334463
0.361775
0.389943
0.418826
0.448269
0.478097
0.508119
0.538132
0.567918
0.597251
0.625896
0.653617
0.680174
0.705331
0.728857
0.750531
0.770145
0.787507
0.802444
0.814806
0.824466
0.831325
0.835314
0.83639
0.834543
0.829795
0.822194
0.811821
0.798784
0.783216
0.765275
0.745139
0.723005
0.699086
0.673605
0.646793
0.618888
0.590126
0.560744
0.530972
0.501034
0.47114
0.441491
0.41227
0.383647
0.355772
0.328776
0.302775
0.277863
0.254117
0.231594
0.210335
0.190366
0.171696
0.15432
0.138223
0.123376
0.109742
0.0972776
0.0859304
0.0756441
0.0663589
0.0580122
0.05054
0.0438781
0.0379627
0.0327313
0.0281233
0.0240807
0.0205479
0.0174729
0.0148069
0.0125043
0.0105233
0.00882568
0.00737637
0.00614381
0.00509957
0.00421822
0.00347718
0.00285644
0.00233844
0.00190778
0.00155108
0.00125673
0.00101473
0.000816515
0.000654758
0.000523241
0.000416702
0.000330715
0.000261569
0.00020617
0.000161945
0.00012677
9.88936e-05
7.68824e-05
5.95651e-05
4.599e-05
3.53868e-05
2.71347e-05
2.07356e-05
1.57912e-05
1.19845e-05
9.06428e-06
6.8321e-06
5.13196e-06
3.84168e-06
2.86594e-06
2.1307e-06
1.57865e-06
1.16562e-06
8.57707e-07
6.28971e-07
4.59655e-07
3.34767e-07
2.42976e-07
1.7575e-07
1.26689e-07
9.10102e-08
6.51559e-08
4.64868e-08
3.30535e-08
2.34217e-08
1.654e-08
1.16405e-08
8.1647e-09
5.70772e-09
3.97729e-09
2.76325e-09
1.91514e-09
1.32575e-09
9.19219e-10
6.42482e-10
4.59382e-10
3.47106e-10
2.95312e-10
3.47073e-10
