0.13077
0.13075
0.130661
0.1305
0.130271
0.129981
0.129642
0.129268
0.128875
0.128479
0.128096
0.127735
0.127405
0.127106
0.126836
0.126588
0.126351
0.126114
0.125864
0.125589
0.125281
0.124935
0.124549
0.124125
0.12367
0.123192
0.122702
0.12221
0.121728
0.121265
0.120831
0.120432
0.120072
0.119755
0.119482
0.119254
0.119072
0.118938
0.118852
0.118818
0.11884
0.118923
0.119075
0.119302
0.119614
0.120018
0.120524
0.12114
0.121873
0.12273
0.123715
0.124833
0.126085
0.127471
0.128988
0.130633
0.132399
0.134278
0.136261
0.138335
0.14049
0.142709
0.144977
0.147279
0.149595
0.151909
0.1542
0.15645
0.15864
0.160748
0.162757
0.164645
0.166395
0.167989
0.169408
0.170636
0.17166
0.172465
0.173041
0.173379
0.173473
0.17332
0.172919
0.172274
0.171391
0.170281
0.168955
0.167431
0.165728
0.163869
0.161878
0.159781
0.157606
0.155381
0.153136
0.150899
0.148695
0.146552
0.14449
0.142531
0.140692
0.138986
0.137422
0.136007
0.134744
0.133632
0.132666
0.13184
0.131144
0.130568
0.1301
0.129728
0.129437
0.129217
0.129055
0.128942
0.128867
0.128825
0.128809
0.128816
0.128842
0.128887
0.128951
0.129033
0.129135
0.129258
0.129402
0.129566
0.12975
0.129952
0.130167
0.130392
0.13062
0.130844
0.131056
0.131247
0.131406
0.131523
0.131588
0.13159
0.131519
0.131364
0.131117
0.130769
0.130314
0.129745
0.129059
0.128251
0.12732
0.126266
0.125091
0.123796
0.122387
0.120869
0.119249
0.117535
0.115737
0.113866
0.111932
0.109949
0.107927
0.105882
0.103825
0.101771
0.0997315
0.0977198
0.0957478
0.0938269
0.0919675
0.0901791
0.0884701
0.0868481
0.0853193
0.0838888
0.0825609
0.0813388
0.0802247
0.0792201
0.0783256
0.0775415
0.0768671
0.0763017
0.0758439
0.075492
0.0752442
0.0750982
0.0750517
0.0751017
0.0752455
0.0754798
0.075801
0.0762052
0.0766884
0.077246
0.0778734
0.0785655
0.079317
0.0801225
0.0809763
0.0818726
0.0828053
0.0837684
0.0847557
0.0857607
0.086777
0.0877977
0.0888159
0.0898246
0.0908164
0.0917839
0.0927198
0.0936167
0.0944675
0.0952659
0.0960058
0.0966825
0.0972924
0.0978333
0.0983044
0.098707
0.0990437
0.0993191
0.0995389
0.0997105
0.0998419
0.0999415
0.100018
0.10008
0.100134
0.100188
0.100245
0.100309
0.100382
0.100463
0.100551
0.100644
0.100738
0.100828
0.100911
0.100984
0.101043
0.101087
0.101116
0.10113
0.101131
0.101122
0.101109
0.101095
0.101085
0.101084
0.101096
0.101126
0.101175
0.101245
0.101337
0.101452
0.101588
0.101746
0.101925
0.102125
0.102349
0.102599
0.102881
0.103198
0.10356
0.103974
0.104448
0.104992
0.105614
0.10632
0.107117
0.108006
0.108988
0.11006
0.111217
0.112451
0.113749
0.115098
0.116484
0.117889
0.119297
0.120689
0.122048
0.12336
0.124609
0.125782
0.126869
0.127861
0.128752
0.129538
0.130217
0.130789
0.131256
0.13162
0.131887
0.132059
0.132143
0.132142
0.132061
0.145298
