0.164491
0.163417
0.161895
0.159933
0.157547
0.154761
0.151605
0.148115
0.14433
0.140294
0.136053
0.131652
0.127137
0.122552
0.117937
0.113331
0.108767
0.104275
0.0998794
0.0956022
0.0914603
0.0874673
0.0836336
0.0799671
0.0764734
0.073157
0.070021
0.0670684
0.064302
0.0617249
0.0593405
0.0571528
0.055166
0.0533846
0.0518124
0.0504522
0.0493053
0.0483702
0.0476426
0.0471141
0.046772
0.046599
0.0465732
0.0466682
0.046854
0.047098
0.0473656
0.0476227
0.0478362
0.0479765
0.0480186
0.0479434
0.0477392
0.0474022
0.0469368
0.0463555
0.0456784
0.0449323
0.0441491
0.0433644
0.0426156
0.0419402
0.0413737
0.0409482
0.0406908
0.0406224
0.0407574
0.0411028
0.0416586
0.0424182
0.043369
0.0444935
0.0457703
0.0471756
0.0486841
0.0502699
0.0519079
0.0535742
0.0552463
0.0569038
0.0585279
0.0601018
0.0616097
0.0630373
0.0643708
0.0655971
0.0667036
0.0676781
0.0685092
0.0691864
0.0697006
0.0700446
0.0702134
0.0702048
0.0700201
0.0696636
0.0691434
0.0684709
0.0676612
0.0667319
0.0657033
0.0645979
0.0634392
0.0622519
0.0610606
0.0598899
0.0587638
0.0577053
0.0567363
0.0558774
0.0551483
0.0545674
0.0541521
0.0539193
0.0538848
0.0540644
0.0544732
0.0551259
0.0560369
0.0572199
0.0586874
0.0604511
0.0625206
0.0649034
0.0676043
0.0706244
0.073961
0.077607
0.0815499
0.085772
0.0902498
0.0949537
0.0998487
0.104894
0.110043
0.115246
0.120448
0.125592
0.130621
0.135474
0.140094
0.144427
0.148421
0.15203
0.155215
0.157945
0.160196
0.161955
0.163217
0.163988
0.164281
0.16412
0.163537
0.162571
0.161266
0.15967
0.157837
0.155821
0.153675
0.151453
0.149205
0.146978
0.144816
0.142755
0.140828
0.13906
0.137471
0.136074
0.134877
0.133883
0.133088
0.132486
0.132067
0.131817
0.13172
0.131758
0.131914
0.132167
0.132499
0.132892
0.133326
0.133787
0.134258
0.134726
0.13518
0.135608
0.136004
0.13636
0.136674
0.136943
0.137165
0.137343
0.137479
0.137578
0.137644
0.137686
0.13771
0.137724
0.137739
0.137763
0.137807
0.137878
0.137988
0.138144
0.138355
0.138628
0.138971
0.139388
0.139883
0.140461
0.141122
0.141866
0.142693
0.143599
0.14458
0.145631
0.146744
0.147911
0.149124
0.150372
0.151643
0.152927
0.154212
0.155486
0.156737
0.157953
0.159125
0.160241
0.161294
0.162276
0.16318
0.164002
0.164739
0.16539
0.165956
0.166439
0.166843
0.167175
0.167441
0.167652
0.167817
0.167947
0.168057
0.168157
0.168263
0.168387
0.168543
0.168744
0.169002
0.169327
0.169728
0.17021
0.170778
0.171431
0.172166
0.172975
0.173848
0.17477
0.175724
0.176691
0.177651
0.178584
0.179472
0.1803
0.181058
0.181742
0.182354
0.1829
0.183393
0.18385
0.184286
0.184718
0.185158
0.185613
0.18608
0.186549
0.187
0.187407
0.187739
0.187964
0.188054
0.187989
0.18776
0.187374
0.18685
0.186225
0.185546
0.18487
0.184253
0.183751
0.183409
0.183258
0.183314
0.183573
0.184014
0.184603
0.185291
0.186024
0.186746
0.209602
