0.0969656
0.0959811
0.0950975
0.0943124
0.0936237
0.093029
0.0925259
0.0921114
0.0917821
0.091534
0.0913626
0.0912627
0.0912289
0.0912553
0.0913362
0.0914656
0.0916381
0.0918484
0.0920919
0.0923642
0.0926617
0.0929815
0.0933208
0.0936777
0.0940505
0.0944379
0.0948389
0.0952528
0.0956789
0.0961169
0.0965662
0.0970266
0.0974975
0.0979785
0.0984691
0.0989683
0.0994753
0.0999888
0.100507
0.10103
0.101553
0.102076
0.102597
0.103112
0.103619
0.104117
0.104602
0.105073
0.105527
0.105963
0.106381
0.106778
0.107155
0.107512
0.10785
0.108169
0.108471
0.108759
0.109034
0.1093
0.109559
0.109814
0.110069
0.110327
0.110591
0.110865
0.111152
0.111455
0.111778
0.112122
0.112491
0.112887
0.113311
0.113766
0.114252
0.114771
0.115323
0.115908
0.116525
0.117173
0.117851
0.118555
0.119284
0.120034
0.120801
0.12158
0.122367
0.123156
0.123943
0.124722
0.125487
0.126232
0.126954
0.127646
0.128305
0.128927
0.129508
0.130046
0.130538
0.130983
0.131381
0.131732
0.132035
0.132293
0.132507
0.132678
0.132809
0.132903
0.132962
0.132989
0.132988
0.132959
0.132907
0.132834
0.132741
0.13263
0.132504
0.132362
0.132207
0.132038
0.131856
0.13166
0.13145
0.131224
0.130982
0.130721
0.130442
0.13014
0.129816
0.129467
0.129092
0.128689
0.128257
0.127796
0.127304
0.126783
0.126232
0.125653
0.125048
0.124418
0.123768
0.123101
0.122421
0.121732
0.12104
0.12035
0.11967
0.119003
0.118358
0.11774
0.117156
0.116611
0.116111
0.115663
0.115269
0.114935
0.114663
0.114456
0.114315
0.114241
0.114233
0.11429
0.114409
0.114587
0.114819
0.115101
0.115425
0.115785
0.116174
0.116585
0.11701
0.11744
0.117868
0.118286
0.118687
0.119064
0.11941
0.11972
0.119989
0.120213
0.120388
0.120514
0.120587
0.120608
0.120579
0.1205
0.120373
0.120203
0.119994
0.119749
0.119475
0.119178
0.118864
0.118538
0.118209
0.117883
0.117567
0.117267
0.11699
0.116742
0.116528
0.116353
0.116221
0.116136
0.116102
0.116118
0.116187
0.116309
0.116483
0.116707
0.116978
0.117294
0.11765
0.118043
0.118466
0.118915
0.119385
0.11987
0.120364
0.120863
0.121361
0.121856
0.122343
0.12282
0.123284
0.123736
0.124173
0.124596
0.125007
0.125407
0.125797
0.126181
0.126561
0.126941
0.127322
0.127708
0.128102
0.128506
0.128924
0.129355
0.129804
0.130269
0.130753
0.131254
0.131773
0.132308
0.132857
0.133417
0.133986
0.134558
0.135129
0.135693
0.136243
0.136772
0.137274
0.137739
0.13816
0.138529
0.138838
0.139079
0.139246
0.139333
0.139334
0.139247
0.139068
0.138797
0.138433
0.137978
0.137434
0.136805
0.136095
0.135309
0.134453
0.133534
0.132558
0.131531
0.13046
0.129353
0.128217
0.127058
0.125883
0.124701
0.123518
0.122342
0.121181
0.120042
0.118933
0.11786
0.116829
0.115847
0.114919
0.114047
0.113235
0.112484
0.111794
0.111165
0.110594
0.110079
0.109617
0.121331
