0.139827
0.141566
0.143353
0.145073
0.146613
0.147867
0.148753
0.14921
0.149207
0.148742
0.147844
0.146566
0.144981
0.143179
0.14126
0.139327
0.137479
0.135808
0.134392
0.133291
0.132547
0.132175
0.132168
0.132499
0.133118
0.13396
0.13495
0.136009
0.137059
0.138034
0.138879
0.13956
0.14006
0.140385
0.140557
0.14061
0.140587
0.140534
0.140493
0.140496
0.140565
0.140709
0.140924
0.141194
0.141496
0.141802
0.142087
0.14233
0.142517
0.142648
0.142733
0.142793
0.142862
0.14298
0.143195
0.143553
0.144104
0.144887
0.145941
0.147291
0.148956
0.150942
0.153247
0.15586
0.15876
0.161923
0.165315
0.168902
0.172646
0.176508
0.180448
0.184426
0.188404
0.192342
0.196205
0.199955
0.203558
0.206981
0.210189
0.213153
0.21584
0.218222
0.220271
0.221961
0.22327
0.224177
0.224664
0.224717
0.224328
0.223489
0.222201
0.220468
0.2183
0.215711
0.212722
0.209357
0.205646
0.201623
0.197326
0.192795
0.188075
0.18321
0.178247
0.173233
0.168214
0.163236
0.158341
0.153571
0.148963
0.144552
0.140369
0.13644
0.132786
0.129425
0.126371
0.12363
0.121209
0.119107
0.117319
0.115839
0.114656
0.113756
0.113124
0.112742
0.11259
0.112646
0.112888
0.113295
0.113842
0.114506
0.115265
0.116097
0.116978
0.117889
0.11881
0.119722
0.120608
0.121453
0.122242
0.122963
0.123605
0.12416
0.124619
0.124977
0.125232
0.125379
0.125421
0.125357
0.125192
0.12493
0.124578
0.124144
0.123638
0.123072
0.122458
0.121813
0.121152
0.120493
0.119857
0.119264
0.118739
0.118304
0.117987
0.117814
0.117813
0.118012
0.118438
0.119119
0.12008
0.121344
0.122931
0.124855
0.127125
0.129743
0.132703
0.13599
0.139579
0.143433
0.147507
0.151743
0.156073
0.160421
0.164702
0.168826
0.172699
0.176226
0.179316
0.181883
0.183847
0.185144
0.18572
0.185541
0.18459
0.182866
0.180392
0.177207
0.173367
0.168943
0.164019
0.158688
0.153049
0.147202
0.141248
0.135281
0.12939
0.123653
0.118137
0.112896
0.107973
0.103395
0.0991792
0.0953308
0.0918451
0.0887093
0.0859042
0.0834058
0.0811868
0.0792184
0.0774714
0.0759172
0.0745287
0.0732807
0.0721507
0.0711185
0.0701664
0.0692795
0.068445
0.067652
0.0668917
0.0661566
0.0654405
0.0647383
0.0640456
0.0633588
0.0626746
0.0619903
0.0613034
0.0606115
0.0599126
0.0592048
0.0584864
0.0577557
0.0570114
0.056252
0.0554766
0.0546839
0.0538734
0.0530442
0.052196
0.0513284
0.0504413
0.0495349
0.0486095
0.0476653
0.0467032
0.0457238
0.0447282
0.0437175
0.0426929
0.0416559
0.040608
0.0395508
0.0384861
0.0374158
0.0363417
0.035266
0.0341907
0.0331178
0.0320497
0.0309884
0.0299362
0.0288954
0.0278682
0.0268568
0.0258637
0.0248911
0.0239412
0.0230166
0.0221194
0.0212523
0.0204175
0.0196179
0.0188559
0.0181346
0.017457
0.0168264
0.0162467
0.0157221
0.0152576
0.0148592
0.014534
0.0142907
0.0141402
0.0140959
0.0141742
0.0143954
0.0147837
0.0153674
0.0161789
0.0195224
