0.113609
0.114977
0.116355
0.11774
0.119124
0.120494
0.121833
0.123121
0.124334
0.125449
0.12644
0.127282
0.127952
0.12843
0.128696
0.128738
0.128546
0.128115
0.127447
0.126547
0.125426
0.124101
0.12259
0.120916
0.119101
0.117167
0.115137
0.113027
0.110852
0.108619
0.10633
0.103984
0.10157
0.0990784
0.0964934
0.0938004
0.0909862
0.0880415
0.0849626
0.0817531
0.0784256
0.0750018
0.0715126
0.0679978
0.0645047
0.061086
0.0577983
0.0546991
0.0518442
0.0492855
0.0470683
0.0452294
0.0437954
0.0427819
0.0421928
0.0420206
0.0422472
0.0428451
0.043779
0.0450077
0.0464864
0.0481682
0.0500065
0.051956
0.053974
0.0560216
0.0580632
0.0600672
0.0620051
0.0638513
0.0655822
0.0671758
0.0686111
0.0698679
0.0709268
0.0717694
0.072379
0.0727409
0.072844
0.0726809
0.0722491
0.0715517
0.0705976
0.0694017
0.0679848
0.0663735
0.0645986
0.062695
0.0607003
0.0586533
0.0565934
0.054559
0.0525865
0.0507097
0.0489586
0.0473596
0.0459345
0.044701
0.0436723
0.0428575
0.0422619
0.0418876
0.0417333
0.0417954
0.0420678
0.0425428
0.0432112
0.0440624
0.0450852
0.0462675
0.0475967
0.0490598
0.050644
0.0523359
0.0541228
0.055992
0.0579313
0.0599294
0.0619757
0.0640609
0.066177
0.0683179
0.070479
0.072658
0.074855
0.0770722
0.0793147
0.0815898
0.0839074
0.0862796
0.0887208
0.0912467
0.0938744
0.0966216
0.099506
0.102544
0.105752
0.109141
0.112721
0.116496
0.120467
0.124627
0.128964
0.133458
0.138081
0.142801
0.147576
0.152359
0.157096
0.16173
0.1662
0.170442
0.174394
0.177995
0.181185
0.183913
0.186132
0.187805
0.188905
0.189415
0.18933
0.188656
0.187412
0.185627
0.18334
0.180601
0.177465
0.173996
0.17026
0.166325
0.162261
0.158134
0.154009
0.149946
0.145997
0.14221
0.138624
0.13527
0.132172
0.129347
0.126803
0.124543
0.122562
0.120853
0.119403
0.118196
0.117215
0.11644
0.115851
0.115427
0.115148
0.114997
0.114955
0.115006
0.115135
0.115331
0.115581
0.115877
0.116212
0.116578
0.116973
0.117392
0.117834
0.118297
0.118782
0.11929
0.119821
0.120377
0.120961
0.121575
0.122221
0.122901
0.123619
0.124376
0.125174
0.126016
0.126901
0.127832
0.128808
0.12983
0.130897
0.132009
0.133163
0.134359
0.135594
0.136865
0.138169
0.139504
0.140864
0.142248
0.14365
0.145066
0.146493
0.147924
0.149356
0.150784
0.152203
0.153607
0.154991
0.156351
0.15768
0.158974
0.160227
0.161433
0.162587
0.163684
0.164719
0.165687
0.166585
0.167409
0.168157
0.168828
0.169421
0.16994
0.170386
0.170766
0.171086
0.171358
0.171592
0.171804
0.172008
0.172222
0.172466
0.172756
0.173113
0.17355
0.174083
0.174719
0.175462
0.176309
0.177253
0.178276
0.179356
0.180467
0.181578
0.182659
0.183679
0.184614
0.185448
0.186172
0.186787
0.187306
0.187745
0.188128
0.188476
0.188805
0.18912
0.189412
0.189655
0.189806
0.18981
0.189603
0.189123
0.188317
0.187151
0.18562
0.183753
0.181609
0.179285
0.198908
