0.0528421
0.0541577
0.0559742
0.058249
0.0609179
0.063898
0.0670918
0.0703936
0.0736961
0.0768983
0.0799118
0.0826667
0.085116
0.0872373
0.0890337
0.090532
0.0917798
0.0928416
0.0937933
0.0947175
0.0956972
0.0968112
0.0981292
0.0997071
0.101584
0.103782
0.1063
0.109121
0.112208
0.115511
0.118967
0.122512
0.126079
0.129607
0.133046
0.136359
0.139526
0.142543
0.145421
0.148184
0.150865
0.153502
0.156131
0.158784
0.161485
0.164246
0.16707
0.169947
0.172858
0.17578
0.178684
0.181543
0.184332
0.18703
0.189626
0.192115
0.194497
0.196782
0.198981
0.201106
0.20317
0.205182
0.207146
0.209061
0.210915
0.212694
0.214373
0.215924
0.217313
0.218504
0.21946
0.220146
0.22053
0.220584
0.220285
0.21962
0.218579
0.217163
0.21538
0.213246
0.210782
0.208017
0.204983
0.201717
0.198259
0.194649
0.19093
0.187141
0.183321
0.179505
0.175726
0.172012
0.168387
0.164869
0.161472
0.158205
0.155072
0.152075
0.149208
0.146467
0.14384
0.141319
0.138889
0.136538
0.134254
0.132025
0.12984
0.127689
0.125566
0.123465
0.121384
0.119323
0.117283
0.115269
0.113287
0.111345
0.109452
0.10762
0.10586
0.104184
0.102603
0.101129
0.0997734
0.0985467
0.097458
0.0965152
0.0957246
0.0950912
0.0946181
0.0943068
0.094157
0.0941666
0.0943319
0.0946478
0.0951074
0.0957027
0.0964242
0.0972616
0.0982037
0.0992383
0.100353
0.101535
0.102771
0.104049
0.105356
0.10668
0.108011
0.109338
0.110653
0.111949
0.11322
0.114465
0.115682
0.116874
0.118044
0.119201
0.120355
0.121519
0.122708
0.123942
0.125241
0.126627
0.128123
0.129754
0.131542
0.13351
0.135675
0.138054
0.140656
0.143486
0.14654
0.149806
0.153264
0.156883
0.160623
0.164434
0.168259
0.17203
0.175676
0.179119
0.182281
0.185082
0.187448
0.189309
0.190604
0.191285
0.191315
0.190672
0.189353
0.187368
0.184746
0.181529
0.177776
0.173555
0.168946
0.164033
0.158904
0.153649
0.148352
0.143095
0.137951
0.132982
0.128242
0.123771
0.119599
0.115744
0.112213
0.109004
0.106107
0.103504
0.101174
0.0990913
0.0972273
0.0955543
0.094044
0.0926699
0.0914072
0.0902336
0.0891297
0.0880788
0.0870671
0.0860835
0.0851195
0.0841686
0.0832265
0.0822903
0.0813587
0.0804313
0.0795086
0.0785918
0.0776824
0.0767823
0.0758934
0.0750177
0.0741572
0.0733138
0.0724891
0.0716846
0.0709015
0.0701408
0.0694033
0.0686893
0.067999
0.0673323
0.0666889
0.0660682
0.0654693
0.0648912
0.0643326
0.0637921
0.0632683
0.0627593
0.0622635
0.0617791
0.0613041
0.0608367
0.060375
0.0599172
0.0594617
0.0590067
0.0585508
0.0580926
0.0576311
0.0571652
0.0566941
0.0562176
0.0557352
0.0552472
0.0547539
0.0542559
0.0537544
0.0532508
0.0527468
0.0522445
0.0517466
0.051256
0.0507761
0.0503106
0.0498641
0.0494412
0.0490473
0.0486885
0.0483714
0.0481035
0.0478932
0.0477503
0.0476857
0.0477121
0.0478444
0.0480995
0.048497
0.0490592
0.0498107
0.0507778
0.0519876
0.0534657
0.0552334
0.0573042
0.0596794
0.0705421
