0
1.92045e-52
2.76801e-50
1.98713e-48
9.47356e-47
3.37423e-45
9.57709e-44
2.25639e-42
4.53886e-41
7.95756e-40
1.23523e-38
1.71886e-37
2.1658e-36
2.49161e-35
2.6354e-34
2.57804e-33
2.34438e-32
1.99063e-31
1.58443e-30
1.18624e-29
8.37975e-29
5.60076e-28
3.55061e-27
2.13984e-26
1.2285e-25
6.73137e-25
3.52627e-24
1.7689e-23
8.50954e-23
3.93113e-22
1.74617e-21
7.46671e-21
3.07698e-20
1.22327e-19
4.69617e-19
1.74256e-18
6.25497e-18
2.17376e-17
7.31952e-17
2.38975e-16
7.57047e-16
2.32852e-15
6.9582e-15
2.02131e-14
5.71132e-14
1.57053e-13
4.20521e-13
1.09694e-12
2.78894e-12
6.91454e-12
1.67243e-11
3.94808e-11
9.10033e-11
2.049e-10
4.50831e-10
9.69708e-10
2.03981e-09
4.19777e-09
8.45456e-09
1.6671e-08
3.21946e-08
6.09132e-08
1.12953e-07
2.05348e-07
3.66139e-07
6.40492e-07
1.09963e-06
1.85353e-06
3.06851e-06
4.99105e-06
7.9791e-06
1.25424e-05
1.93928e-05
2.95059e-05
4.41945e-05
6.51932e-05
9.47556e-05
0.000135761
0.000191829
0.000267448
0.000368098
0.000500395
0.000672227
0.000892905
0.00117332
0.00152613
0.0019659
0.00250938
0.00317567
0.00398652
0.00496656
0.00614364
0.00754912
0.00921815
0.01119
0.0135082
0.016221
0.0193811
0.0230461
0.0272781
0.0321437
0.0377135
0.0440617
0.0512653
0.0594035
0.0685562
0.0788031
0.0902224
0.102889
0.116872
0.132236
0.149034
0.167309
0.187093
0.208401
0.231231
0.255562
0.281355
0.308545
0.337047
0.366749
0.397519
0.429195
0.461594
0.494511
0.527719
0.56097
0.594001
0.626537
0.658292
0.688973
0.718289
0.745949
0.771673
0.79519
0.816251
0.834624
0.850108
0.862527
0.871741
0.877645
0.880172
0.879292
0.875018
0.867399
0.856524
0.842518
0.825541
0.805781
0.783459
0.758815
0.73211
0.70362
0.67363
0.642432
0.610317
0.577572
0.544478
0.511302
0.478299
0.445702
0.413728
0.382569
0.352396
0.323353
0.295562
0.269121
0.244103
0.220559
0.19852
0.177997
0.158982
0.141453
0.125373
0.110694
0.0973587
0.0853012
0.0744501
0.06473
0.056063
0.0483702
0.0415729
0.0355939
0.0303579
0.0257928
0.0218303
0.0184057
0.0154589
0.0129341
0.0107803
0.00895069
0.00740316
0.00609974
0.00500658
0.0040936
0.0033343
0.00270544
0.0021868
0.00176082
0.0014124
0.00112859
0.00089836
0.000712365
0.000562719
0.000442811
0.000347122
0.000271072
0.000210875
0.000163419
0.000126159
9.7023e-05
7.43309e-05
5.67287e-05
4.31296e-05
3.26654e-05
2.46457e-05
1.85239e-05
1.38697e-05
1.03452e-05
7.68693e-06
5.68994e-06
4.19569e-06
3.08205e-06
2.25537e-06
1.64414e-06
1.19399e-06
8.63779e-07
6.22513e-07
4.46926e-07
3.19644e-07
2.2774e-07
1.61642e-07
1.14291e-07
8.05036e-08
5.64885e-08
3.94865e-08
2.74967e-08
1.90746e-08
1.31818e-08
9.07485e-09
6.22368e-09
4.25206e-09
2.89398e-09
1.96217e-09
1.32532e-09
8.91769e-10
5.97761e-10
3.99161e-10
2.6553e-10
1.75964e-10
1.16166e-10
7.6398e-11
5.00529e-11
3.2668e-11
2.12403e-11
1.37577e-11
8.87721e-12
5.70628e-12
3.65406e-12
2.33102e-12
1.48136e-12
9.37827e-13
5.91468e-13
3.71609e-13
2.32588e-13
1.45023e-13
9.00806e-14
5.57408e-14
3.43607e-14
2.11007e-14
1.29086e-14
7.86702e-15
4.77625e-15
2.88876e-15
1.74054e-15
1.04472e-15
6.24694e-16
3.72118e-16
2.20821e-16
1.30542e-16
7.68784e-17
4.51031e-17
2.63607e-17
1.53481e-17
8.90224e-18
5.14389e-18
2.96096e-18
1.69793e-18
9.69963e-19
5.52e-19
3.1295e-19
1.76754e-19
9.94608e-20
5.57713e-20
3.11854e-20
1.7431e-20
9.8222e-21
5.75067e-21
3.86498e-21
4.21052e-21
