1.85758e-47
1.78776e-47
2.91568e-47
5.56137e-47
1.09538e-46
2.16781e-46
4.28631e-46
8.45724e-46
1.66472e-45
3.26887e-45
6.40311e-45
1.25119e-44
2.43888e-44
4.7424e-44
9.19908e-44
1.78005e-43
3.43605e-43
6.61653e-43
1.27099e-42
2.43557e-42
4.65588e-42
8.87869e-42
1.68905e-41
3.2054e-41
6.06835e-41
1.14606e-40
2.15921e-40
4.05819e-40
7.6089e-40
1.42319e-39
2.65557e-39
4.94317e-39
9.17928e-39
1.70046e-38
3.14255e-38
5.79369e-38
1.06558e-37
1.95513e-37
3.57871e-37
6.53487e-37
1.19044e-36
2.16343e-36
3.92231e-36
7.09421e-36
1.28006e-35
2.30422e-35
4.13794e-35
7.41329e-35
1.32497e-34
2.3625e-34
4.20248e-34
7.45782e-34
1.32035e-33
2.33206e-33
4.10926e-33
7.22372e-33
1.26688e-32
2.21658e-32
3.86909e-32
6.73771e-32
1.17056e-31
2.02888e-31
3.50831e-31
6.0523e-31
1.04166e-30
1.7886e-30
3.06396e-30
5.23646e-30
8.9285e-30
1.51882e-29
2.57762e-29
4.36435e-29
7.37242e-29
1.24248e-28
2.0891e-28
3.50445e-28
5.86506e-28
9.79306e-28
1.63139e-27
2.71139e-27
4.49594e-27
7.43783e-27
1.22763e-26
2.02157e-26
3.3213e-26
5.4441e-26
8.90318e-26
1.45266e-25
2.36476e-25
3.84072e-25
6.2236e-25
1.00618e-24
1.62298e-24
2.61192e-24
4.19384e-24
6.71849e-24
1.07384e-23
1.71246e-23
2.72464e-23
4.32523e-23
6.85049e-23
1.08255e-22
1.70682e-22
2.68498e-22
4.21415e-22
6.59927e-22
1.0311e-21
1.60739e-21
2.50012e-21
3.8799e-21
6.00759e-21
9.28116e-21
1.43063e-20
2.20025e-20
3.37632e-20
5.16939e-20
7.89697e-20
1.20367e-19
1.83056e-19
2.77771e-19
4.20552e-19
6.35306e-19
9.57584e-19
1.44014e-18
2.16105e-18
3.23565e-18
4.83389e-18
7.20565e-18
1.07175e-17
1.59062e-17
2.35557e-17
3.48092e-17
5.13306e-17
7.55373e-17
1.10938e-16
1.62617e-16
2.37946e-16
3.47606e-16
5.07097e-16
7.38962e-16
1.0761e-15
1.56678e-15
2.28232e-15
3.32909e-15
4.86741e-15
7.14219e-15
1.05328e-14
1.56356e-14
2.34023e-14
3.53727e-14
5.4068e-14
8.36589e-14
1.31097e-13
2.08029e-13
3.34026e-13
5.42001e-13
8.87249e-13
1.46245e-12
2.42236e-12
4.02421e-12
6.69327e-12
1.11283e-11
1.84703e-11
3.05691e-11
5.04035e-11
8.27341e-11
1.35113e-10
2.19431e-10
3.54265e-10
5.68417e-10
9.06198e-10
1.43525e-09
2.25801e-09
3.52848e-09
5.47628e-09
8.44125e-09
1.29224e-08
1.96471e-08
2.96668e-08
4.44911e-08
6.62699e-08
9.80426e-08
1.44074e-07
2.10305e-07
3.04949e-07
4.39279e-07
6.28656e-07
8.93864e-07
1.26282e-06
1.77276e-06
2.47302e-06
3.42849e-06
4.72395e-06
6.46945e-06
8.80684e-06
1.19178e-05
1.60337e-05
2.14468e-05
2.85245e-05
3.77258e-05
4.96203e-05
6.4911e-05
8.44603e-05
0.00010932
0.000140767
0.00018034
0.000229887
0.000291613
0.000368136
0.000462551
0.000578495
0.000720222
0.000892689
0.00110164
0.00135369
0.00165646
0.00201864
0.00245012
0.00296212
0.00356728
0.00427978
0.00511551
0.00609209
0.00722909
0.00854803
0.0100725
0.0118284
0.0138436
0.0161484
0.0187751
0.0217586
0.0251354
0.0289444
0.0332262
0.038023
0.0433782
0.0493363
0.0559423
0.0632414
0.0712783
0.0800965
0.0897381
0.100243
0.111646
0.123981
0.137276
0.151552
0.166824
0.183102
0.200385
0.218664
0.237922
0.25813
0.279249
0.301231
0.324013
0.347525
0.371684
0.396395
0.421556
0.447053
0.472765
0.498563
0.524312
0.549871
0.5751
0.599854
0.623992
0.647373
0.669863
0.691336
0.711674
0.730772
0.748539
0.764898
0.779793
0.793186
0.805062
0.815428
0.824317
0.831786
0.83792
0.842833
0.846667
0.849595
0.851824
0.853597
0.8552
0.856965
0.859279
0.862593
0.867426
0.874364
0.88405
0.897155
0.914315
0.936046
0.962613
0.993871
1.15297
