0.269021
0.274566
0.279329
0.283133
0.285903
0.287663
0.288528
0.288684
0.288354
0.287763
0.287114
0.286553
0.286158
0.285936
0.285828
0.285725
0.285493
0.284994
0.284112
0.282767
0.280933
0.278634
0.275947
0.272991
0.269913
0.266873
0.26403
0.261529
0.259491
0.258005
0.257127
0.256879
0.257253
0.258215
0.259711
0.261673
0.264023
0.266682
0.26957
0.272611
0.275738
0.278887
0.282006
0.28505
0.28798
0.290766
0.293384
0.295812
0.298034
0.300037
0.301808
0.303337
0.304613
0.305626
0.306366
0.306822
0.306983
0.30684
0.30638
0.305595
0.304475
0.303012
0.3012
0.299035
0.296516
0.293644
0.290422
0.286858
0.282961
0.278744
0.274223
0.269417
0.264346
0.259033
0.253503
0.247784
0.241901
0.235884
0.22976
0.223559
0.217308
0.211034
0.204764
0.198523
0.192334
0.186221
0.180202
0.174297
0.168524
0.162897
0.15743
0.152136
0.147025
0.142108
0.137394
0.132889
0.128602
0.12454
0.120709
0.117116
0.113767
0.110668
0.107828
0.105253
0.10295
0.100928
0.0991938
0.0977555
0.0966207
0.0957967
0.0952898
0.0951055
0.0952478
0.0957189
0.0965189
0.0976451
0.099092
0.100851
0.102909
0.105249
0.10785
0.110688
0.113732
0.116948
0.120298
0.123738
0.127223
0.130703
0.134126
0.137439
0.140587
0.143516
0.146171
0.148501
0.150458
0.151996
0.153075
0.153662
0.153727
0.153252
0.152222
0.150634
0.148489
0.1458
0.142587
0.138875
0.134699
0.130098
0.125119
0.119811
0.114227
0.108424
0.102458
0.0963857
0.0902638
0.084146
0.0780838
0.0721248
0.0663125
0.0606853
0.0552768
0.0501149
0.0452223
0.040616
0.0363077
0.0323044
0.028608
0.0252166
0.0221241
0.0193217
0.0167973
0.0145373
0.012526
0.0107467
0.00918235
0.00781532
0.00662843
0.00560499
0.00472922
0.00398653
0.00336373
0.00284932
0.00243366
0.00210921
0.00187071
0.00171542
0.00164326
0.00165711
0.00176297
0.00197015
0.00229147
0.00274335
0.00334587
0.00412267
0.00510072
0.00630994
0.00778249
0.0095519
0.0116519
0.0141147
0.0169697
0.0202406
0.0239442
0.0280869
0.0326632
0.037653
0.04302
0.0487099
0.0546502
0.0607498
0.0669005
0.0729791
0.0788506
0.0843722
0.0893994
0.0937907
0.0974148
0.100156
0.101921
0.102644
0.102289
0.100853
0.0983689
0.0949022
0.0905485
0.0854298
0.0796884
0.0734802
0.0669678
0.060313
0.0536699
0.0471791
0.0409627
0.035121
0.0297305
0.0248431
0.0204875
0.0166709
0.013382
0.0105944
0.00827023
0.00636419
0.00482658
0.00360655
0.00265449
0.0019239
0.00137267
0.000963822
0.000665785
0.000452304
0.000302088
0.000198281
0.000127852
8.09537e-05
5.03135e-05
3.06804e-05
1.83469e-05
1.07543e-05
6.17592e-06
3.4729e-06
1.91128e-06
1.02888e-06
5.41483e-07
2.78471e-07
1.39894e-07
6.86436e-08
3.29125e-08
1.54418e-08
7.1133e-09
3.23992e-09
1.47896e-09
6.92643e-10
3.44348e-10
1.88365e-10
1.15437e-10
7.83117e-11
5.70212e-11
4.32341e-11
3.34411e-11
2.60888e-11
2.04132e-11
1.59789e-11
1.24993e-11
9.76648e-12
7.62137e-12
5.93955e-12
4.62282e-12
3.59353e-12
2.79029e-12
2.16469e-12
1.6786e-12
1.30211e-12
1.01191e-12
7.89997e-13
6.22781e-13
5.00496e-13
4.17083e-13
3.70813e-13
3.66367e-13
4.75406e-13
