0.147855
0.146129
0.144377
0.142609
0.140835
0.139063
0.137304
0.135565
0.133855
0.132181
0.13055
0.128968
0.127439
0.125968
0.124558
0.123212
0.121931
0.120717
0.11957
0.118489
0.117475
0.116525
0.115639
0.114812
0.114044
0.113329
0.112665
0.112047
0.111472
0.110934
0.110429
0.109953
0.109503
0.109073
0.10866
0.108262
0.107877
0.107501
0.107134
0.106775
0.106424
0.106082
0.105748
0.105425
0.105113
0.104814
0.104531
0.104265
0.104019
0.103793
0.103591
0.103413
0.103262
0.103138
0.103044
0.102981
0.10295
0.102951
0.102986
0.103057
0.103162
0.103305
0.103484
0.103701
0.103954
0.104246
0.104574
0.104938
0.105337
0.105769
0.106232
0.106724
0.107242
0.107783
0.108345
0.108923
0.109514
0.110116
0.110725
0.111338
0.111952
0.112566
0.113177
0.113784
0.114385
0.11498
0.115568
0.116148
0.116719
0.117282
0.117837
0.118382
0.118917
0.119441
0.119955
0.120455
0.120942
0.121413
0.121867
0.122302
0.122716
0.123107
0.123473
0.123812
0.124122
0.1244
0.124646
0.124857
0.125032
0.12517
0.125269
0.125328
0.125347
0.125325
0.125263
0.125161
0.125019
0.12484
0.124623
0.124372
0.124089
0.123776
0.123437
0.123075
0.122694
0.122298
0.121891
0.121479
0.121064
0.120651
0.120245
0.119849
0.119467
0.119103
0.118759
0.118439
0.118144
0.117876
0.117637
0.117427
0.117246
0.117095
0.116972
0.116876
0.116806
0.11676
0.116736
0.116731
0.116742
0.116767
0.116801
0.116841
0.116884
0.116927
0.116966
0.116998
0.117021
0.11703
0.117025
0.117003
0.116962
0.116902
0.116823
0.116723
0.116605
0.116468
0.116314
0.116146
0.115966
0.115775
0.115578
0.115376
0.115174
0.114974
0.114779
0.114593
0.114417
0.114256
0.11411
0.113982
0.113875
0.113789
0.113726
0.113687
0.113672
0.113683
0.113719
0.113782
0.11387
0.113983
0.114122
0.114286
0.114474
0.114686
0.11492
0.115177
0.115454
0.11575
0.116065
0.116398
0.116746
0.117108
0.117484
0.117872
0.118271
0.11868
0.119098
0.119525
0.11996
0.120405
0.120858
0.121322
0.121796
0.122282
0.122781
0.123296
0.123827
0.124377
0.124946
0.125537
0.12615
0.126786
0.127445
0.128127
0.12883
0.129553
0.130294
0.131048
0.131812
0.132582
0.133352
0.134117
0.13487
0.135604
0.136315
0.136994
0.137635
0.138233
0.138781
0.139274
0.139706
0.140074
0.140373
0.140598
0.140748
0.14082
0.14081
0.140718
0.140542
0.14028
0.139933
0.1395
0.138982
0.13838
0.137698
0.136937
0.136101
0.135195
0.134224
0.133194
0.132112
0.130984
0.129817
0.128619
0.127397
0.126158
0.124907
0.123652
0.122396
0.121144
0.1199
0.118668
0.117449
0.116245
0.11506
0.113893
0.112748
0.111626
0.110529
0.109459
0.108421
0.107416
0.106449
0.105523
0.104641
0.103807
0.103023
0.10229
0.101611
0.100986
0.100414
0.099893
0.0994226
0.0990005
0.0986246
0.0982934
0.0980054
0.09776
0.0975573
0.108546
