0.0935671
0.0939253
0.0943919
0.0949773
0.0956903
0.0965378
0.0975236
0.098649
0.0999121
0.101308
0.102831
0.104472
0.106222
0.108073
0.110017
0.112046
0.114157
0.116345
0.118611
0.120954
0.123376
0.125879
0.128465
0.131135
0.133887
0.136721
0.139629
0.142605
0.145637
0.148712
0.151814
0.154924
0.158021
0.161085
0.164092
0.167018
0.169843
0.172543
0.175097
0.177486
0.179692
0.181698
0.183491
0.185057
0.186386
0.187469
0.188299
0.18887
0.189179
0.189223
0.189003
0.18852
0.187779
0.186787
0.185551
0.184083
0.182398
0.180511
0.17844
0.176207
0.173832
0.171339
0.168752
0.166094
0.163389
0.16066
0.15793
0.155219
0.152547
0.149932
0.14739
0.144934
0.142577
0.14033
0.138202
0.136199
0.134328
0.132592
0.130995
0.129538
0.12822
0.127042
0.126
0.125092
0.124311
0.123654
0.123112
0.122677
0.122342
0.122096
0.121928
0.121828
0.121785
0.121786
0.121821
0.121878
0.121945
0.122013
0.122071
0.12211
0.122121
0.122099
0.122037
0.121929
0.121774
0.121567
0.121309
0.120999
0.120639
0.120231
0.119778
0.119284
0.118754
0.118193
0.117609
0.117006
0.116392
0.115773
0.115157
0.11455
0.113961
0.113394
0.112857
0.112356
0.111897
0.111484
0.111123
0.110817
0.11057
0.110384
0.110261
0.110201
0.110205
0.110271
0.110398
0.110583
0.110823
0.111114
0.111452
0.111831
0.112246
0.112692
0.113165
0.113658
0.114169
0.114692
0.115225
0.115765
0.116311
0.116863
0.117422
0.117988
0.118564
0.119153
0.119759
0.120387
0.12104
0.121724
0.122442
0.123199
0.123997
0.124841
0.12573
0.126666
0.127647
0.128671
0.129735
0.130834
0.13196
0.133107
0.134265
0.135424
0.136572
0.137699
0.138792
0.139839
0.140827
0.141745
0.14258
0.143323
0.143964
0.144493
0.144905
0.145194
0.145355
0.145387
0.145289
0.145061
0.144706
0.144228
0.143631
0.14292
0.142101
0.141183
0.14017
0.139072
0.137893
0.136643
0.135326
0.133949
0.132518
0.131039
0.129516
0.127953
0.126356
0.124728
0.123073
0.121395
0.119696
0.117981
0.116251
0.114511
0.112763
0.111009
0.109252
0.107495
0.105738
0.103986
0.102239
0.1005
0.098771
0.0970551
0.0953554
0.0936753
0.0920191
0.0903915
0.0887979
0.0872442
0.0857369
0.0842828
0.0828888
0.081562
0.080309
0.0791361
0.0780488
0.0770516
0.0761479
0.0753398
0.0746279
0.0740114
0.0734881
0.0730541
0.0727046
0.0724336
0.072234
0.0720984
0.0720187
0.0719871
0.0719956
0.0720368
0.0721038
0.0721906
0.0722921
0.072404
0.0725234
0.0726482
0.0727774
0.0729107
0.0730489
0.0731933
0.0733457
0.0735084
0.0736839
0.0738749
0.0740839
0.0743136
0.0745666
0.0748451
0.0751516
0.0754881
0.0758567
0.0762594
0.0766981
0.0771749
0.0776916
0.0782499
0.0788516
0.0794978
0.0801897
0.0809278
0.0817119
0.0825412
0.0834141
0.0843281
0.0852798
0.0862651
0.0872787
0.0883148
0.0893666
0.0904266
0.0914863
0.0925364
0.0935664
0.0945648
0.0955189
0.0964149
0.097238
0.0979732
0.0986056
0.109821
