0.10228
0.101643
0.10084
0.0999063
0.0988778
0.0977881
0.0966656
0.095532
0.0944017
0.0932829
0.0921784
0.0910877
0.0900085
0.088939
0.0878784
0.0868286
0.0857942
0.0847825
0.0838032
0.0828676
0.0819877
0.0811758
0.0804429
0.079799
0.0792514
0.0788054
0.0784633
0.0782248
0.0780868
0.0780436
0.0780872
0.0782074
0.0783924
0.0786292
0.0789035
0.0792011
0.0795073
0.079808
0.0800901
0.0803417
0.0805525
0.0807142
0.0808208
0.0808684
0.0808559
0.0807842
0.0806567
0.0804789
0.0802581
0.0800031
0.079724
0.0794316
0.0791373
0.0788527
0.0785891
0.0783576
0.0781686
0.0780319
0.0779566
0.0779508
0.0780222
0.0781779
0.0784245
0.0787683
0.0792156
0.0797727
0.0804462
0.0812429
0.0821699
0.0832348
0.0844453
0.0858091
0.0873338
0.0890267
0.0908943
0.0929417
0.0951729
0.0975897
0.100192
0.102977
0.105938
0.109068
0.112354
0.115782
0.119335
0.122992
0.126731
0.130528
0.134356
0.138189
0.141999
0.14576
0.149443
0.153025
0.156479
0.159783
0.162916
0.165858
0.168594
0.171107
0.173385
0.175419
0.1772
0.178723
0.179983
0.180979
0.181712
0.182183
0.182399
0.182366
0.182093
0.18159
0.180871
0.17995
0.178842
0.177565
0.176137
0.174577
0.172904
0.171135
0.169289
0.167383
0.165432
0.163451
0.161451
0.159444
0.157437
0.155437
0.15345
0.151479
0.149526
0.147593
0.145681
0.143791
0.141923
0.140079
0.138261
0.136473
0.134717
0.132998
0.131323
0.129696
0.128126
0.12662
0.125185
0.12383
0.122561
0.121387
0.120314
0.119347
0.118492
0.117753
0.117133
0.116632
0.116253
0.115995
0.115855
0.115832
0.115921
0.116119
0.11642
0.116817
0.117304
0.117873
0.118514
0.119221
0.119982
0.120788
0.121628
0.122492
0.123369
0.124246
0.125114
0.125961
0.126775
0.127546
0.128264
0.128919
0.129503
0.130006
0.130423
0.130747
0.130974
0.131101
0.131125
0.131046
0.130866
0.130587
0.130213
0.129751
0.129206
0.128587
0.127904
0.127167
0.126387
0.125577
0.12475
0.123918
0.123097
0.122298
0.121536
0.120824
0.120176
0.119603
0.119117
0.118727
0.118445
0.118276
0.118228
0.118305
0.11851
0.118842
0.119302
0.119884
0.120584
0.121395
0.122307
0.12331
0.124392
0.125539
0.126739
0.127978
0.129242
0.130516
0.13179
0.133049
0.134283
0.13548
0.136632
0.137728
0.13876
0.13972
0.1406
0.141392
0.142089
0.142685
0.143173
0.143549
0.143811
0.143956
0.143987
0.143908
0.143725
0.143448
0.143089
0.142664
0.142188
0.141678
0.14115
0.140619
0.140098
0.139596
0.139118
0.138666
0.138234
0.137817
0.137399
0.136967
0.136501
0.135982
0.135389
0.134703
0.133907
0.132987
0.131931
0.130733
0.12939
0.127905
0.126281
0.124528
0.122657
0.120678
0.118606
0.11645
0.114223
0.111933
0.109586
0.107187
0.104741
0.102249
0.0997158
0.0971456
0.0945455
0.0919262
0.0893022
0.0866925
0.0841201
0.0816116
0.0791961
0.0769041
0.0747655
0.0728086
0.0710582
0.0695344
0.0682518
0.0672187
0.0664367
0.0659013
0.0656024
0.0724246
