0.145335
0.146873
0.148453
0.150076
0.151739
0.153436
0.155162
0.156909
0.158666
0.160422
0.162163
0.163875
0.165542
0.167147
0.168673
0.170105
0.171427
0.172622
0.173677
0.17458
0.17532
0.175888
0.176277
0.176481
0.176495
0.176319
0.175949
0.175388
0.174635
0.173693
0.172567
0.171261
0.169781
0.168135
0.166333
0.164386
0.162308
0.160113
0.157817
0.155439
0.152998
0.150514
0.148008
0.145501
0.143013
0.140563
0.138169
0.135848
0.133613
0.131478
0.129451
0.127541
0.125752
0.124087
0.122547
0.121133
0.11984
0.118666
0.117607
0.116655
0.115807
0.115055
0.114393
0.113814
0.11331
0.112874
0.1125
0.112179
0.111904
0.111668
0.111462
0.111278
0.111111
0.110951
0.110793
0.110629
0.110455
0.110265
0.110055
0.109823
0.109565
0.10928
0.108969
0.108632
0.108271
0.107887
0.107483
0.107063
0.106631
0.10619
0.105745
0.105299
0.104858
0.104424
0.104003
0.103598
0.103213
0.10285
0.102513
0.102204
0.101926
0.101679
0.101466
0.101286
0.10114
0.101028
0.100947
0.100897
0.100876
0.100881
0.100909
0.100958
0.101022
0.1011
0.101188
0.101281
0.101378
0.101475
0.10157
0.101662
0.101748
0.10183
0.101907
0.101979
0.10205
0.102121
0.102195
0.102276
0.102368
0.102475
0.102601
0.102752
0.102932
0.103145
0.103395
0.103687
0.104024
0.104408
0.104842
0.105328
0.105866
0.106456
0.107099
0.107792
0.108534
0.109322
0.110154
0.111025
0.111931
0.112868
0.11383
0.114812
0.115809
0.116814
0.117822
0.118828
0.119824
0.120806
0.121769
0.122708
0.123618
0.124496
0.125338
0.126142
0.126906
0.127628
0.128308
0.128946
0.129543
0.130099
0.130617
0.131099
0.131547
0.131964
0.132353
0.132717
0.133059
0.133382
0.133688
0.13398
0.13426
0.13453
0.13479
0.135042
0.135285
0.135519
0.135744
0.135958
0.136159
0.136343
0.136509
0.136652
0.136768
0.136854
0.136905
0.136915
0.136882
0.1368
0.136666
0.136476
0.136227
0.135917
0.135545
0.135111
0.134614
0.134058
0.133443
0.132775
0.132057
0.131294
0.130492
0.129657
0.128796
0.127915
0.12702
0.126118
0.125215
0.124315
0.123423
0.122543
0.121678
0.120831
0.120002
0.119192
0.118402
0.117631
0.116878
0.116143
0.115422
0.114714
0.114018
0.113332
0.112652
0.111978
0.111308
0.11064
0.109972
0.109303
0.108631
0.107955
0.107275
0.106589
0.105896
0.105196
0.104488
0.103771
0.103046
0.102312
0.10157
0.100821
0.100065
0.0993042
0.0985398
0.0977739
0.0970091
0.0962477
0.0954927
0.094747
0.0940136
0.0932956
0.092596
0.0919174
0.0912623
0.0906329
0.0900308
0.0894572
0.0889125
0.0883965
0.0879083
0.0874463
0.0870079
0.0865899
0.0861884
0.0857989
0.0854168
0.0850372
0.0846559
0.0842689
0.0838735
0.0834682
0.0830533
0.0826307
0.0822042
0.0817793
0.0813629
0.0809627
0.080587
0.0802437
0.0799398
0.0796808
0.0794704
0.0793102
0.0791995
0.0791359
0.0791154
0.0791334
0.0791851
0.0792666
0.079375
0.0892178
