2.10781e-99
6.90567e-82
1.58725e-79
1.81968e-77
1.38736e-75
7.91365e-74
3.60235e-72
1.36315e-70
4.41043e-69
1.24552e-67
3.11882e-66
7.0112e-65
1.42928e-63
2.66423e-62
4.57273e-61
7.26952e-60
1.07592e-58
1.48913e-57
1.9349e-56
2.36845e-55
2.73959e-54
3.00281e-53
3.12663e-52
3.09965e-51
2.93179e-50
2.65068e-49
2.29477e-48
1.90533e-47
1.51946e-46
1.16546e-45
8.60868e-45
6.13096e-44
4.21455e-43
2.79933e-42
1.7983e-41
1.11832e-40
6.73826e-40
3.9369e-39
2.23213e-38
1.22902e-37
6.57614e-37
3.42169e-36
1.73235e-35
8.53911e-35
4.1003e-34
1.91902e-33
8.75838e-33
3.89999e-32
1.69512e-31
7.19498e-31
2.98358e-30
1.20922e-29
4.79183e-29
1.85735e-28
7.04433e-28
2.61513e-27
9.50608e-27
3.3846e-26
1.18072e-25
4.03692e-25
1.35316e-24
4.44799e-24
1.43422e-23
4.53754e-23
1.40893e-22
4.29468e-22
1.28543e-21
3.77875e-21
1.09125e-20
3.09655e-20
8.63574e-20
2.36745e-19
6.38129e-19
1.6915e-18
4.41013e-18
1.13118e-17
2.8549e-17
7.09102e-17
1.73364e-16
4.1727e-16
9.88909e-16
2.30806e-15
5.3059e-15
1.2016e-14
2.68113e-14
5.89519e-14
1.27751e-13
2.72886e-13
5.74659e-13
1.1932e-12
2.44316e-12
4.93384e-12
9.82815e-12
1.93139e-11
3.7449e-11
7.16534e-11
1.35306e-10
2.52197e-10
4.64045e-10
8.43013e-10
1.51223e-09
2.67897e-09
4.68749e-09
8.10197e-09
1.38349e-08
2.33428e-08
3.89206e-08
6.41378e-08
1.04475e-07
1.68244e-07
2.67886e-07
4.218e-07
6.5686e-07
1.01184e-06
1.54201e-06
2.32524e-06
3.46992e-06
5.12523e-06
7.49411e-06
1.08496e-05
1.55549e-05
2.20882e-05
3.10722e-05
4.33096e-05
5.98246e-05
8.19116e-05
0.000111191
0.000149672
0.000199827
0.000264668
0.000347839
0.000453713
0.000587501
0.000755367
0.000964559
0.00122354
0.00154215
0.00193173
0.00240534
0.00297787
0.00366629
0.00448977
0.00546992
0.00663095
0.00799985
0.00960658
0.0114842
0.013669
0.0162005
0.0191217
0.0224789
0.0263214
0.030702
0.0356759
0.0413009
0.0476369
0.0547452
0.0626875
0.0715259
0.0813212
0.0921322
0.104014
0.117019
0.131191
0.146569
0.163183
0.181051
0.200183
0.220572
0.242202
0.265036
0.289026
0.314104
0.340185
0.367166
0.394926
0.423328
0.452215
0.481418
0.510749
0.540011
0.568993
0.597478
0.625242
0.652056
0.677694
0.701931
0.724549
0.74534
0.764107
0.780672
0.794872
0.806567
0.815642
0.822005
0.825592
0.826367
0.824324
0.819484
0.811897
0.801641
0.788819
0.773561
0.756017
0.736357
0.71477
0.691456
0.66663
0.640511
0.613325
0.585298
0.556656
0.527618
0.498399
0.4692
0.440214
0.411618
0.383576
0.356232
0.329717
0.304142
0.2796
0.256169
0.233907
0.212857
0.193046
0.174487
0.157179
0.141109
0.126254
0.112581
0.10005
0.0886133
0.078219
0.0688109
0.0603301
0.0527161
0.0459077
0.0398438
0.0344642
0.0297105
0.0255262
0.0218573
0.0186527
0.0158643
0.0134473
0.0113602
0.00956471
0.00802591
0.00671202
0.00559434
0.00464709
0.00384726
0.00317438
0.00261039
0.00213938
0.00174748
0.00142257
0.00115418
0.000933282
0.000752129
0.000604104
0.000483583
0.000385808
0.000306769
0.000243105
0.000192007
0.000151141
0.000118574
9.27121e-05
7.22482e-05
5.61126e-05
4.34347e-05
3.35085e-05
2.57643e-05
1.97435e-05
1.5079e-05
1.1478e-05
8.70773e-06
6.58396e-06
4.96152e-06
3.72638e-06
2.78936e-06
2.08099e-06
1.54733e-06
1.1467e-06
8.46978e-07
6.23538e-07
4.57556e-07
3.34701e-07
2.44113e-07
1.77589e-07
1.28971e-07
9.36584e-08
6.8251e-08
5.02759e-08
3.80077e-08
3.03797e-08
2.70347e-08
3.2081e-08
