0.141778
0.141771
0.141718
0.141632
0.141524
0.1414
0.141266
0.141123
0.140968
0.1408
0.140612
0.1404
0.140159
0.139882
0.139568
0.139214
0.138822
0.138395
0.137938
0.137459
0.136968
0.136476
0.135993
0.13553
0.135096
0.134699
0.134344
0.134034
0.133771
0.133554
0.133383
0.133254
0.133168
0.133125
0.133126
0.133175
0.133279
0.133447
0.133688
0.134016
0.134441
0.134978
0.135639
0.136434
0.137373
0.138464
0.13971
0.141113
0.142672
0.144383
0.146239
0.14823
0.150344
0.152567
0.154881
0.157267
0.159705
0.16217
0.164638
0.167084
0.16948
0.171798
0.17401
0.176086
0.177999
0.179722
0.181228
0.182493
0.183496
0.184218
0.184644
0.184762
0.184564
0.184048
0.183214
0.182067
0.180617
0.178879
0.176869
0.174609
0.172122
0.169437
0.166581
0.163583
0.160476
0.15729
0.154054
0.1508
0.147554
0.144343
0.14119
0.138118
0.135144
0.132286
0.129555
0.126963
0.124517
0.122223
0.120084
0.118101
0.116274
0.1146
0.113078
0.111702
0.110468
0.109371
0.108405
0.107564
0.106842
0.106233
0.10573
0.105327
0.105017
0.104794
0.10465
0.104578
0.104571
0.104622
0.104723
0.104868
0.105049
0.105259
0.105493
0.105745
0.106011
0.106287
0.10657
0.10686
0.107155
0.107457
0.107769
0.108093
0.108433
0.108795
0.109183
0.109603
0.11006
0.110559
0.111104
0.111698
0.112344
0.113042
0.11379
0.114588
0.115429
0.116309
0.117221
0.118154
0.1191
0.120046
0.12098
0.121891
0.122764
0.123587
0.124346
0.12503
0.125627
0.126126
0.126517
0.126794
0.126948
0.126977
0.126875
0.126644
0.126282
0.125793
0.125181
0.124451
0.123611
0.122671
0.121639
0.120528
0.119348
0.118113
0.116834
0.115526
0.1142
0.112869
0.111545
0.110237
0.108957
0.107712
0.106511
0.105358
0.104261
0.103221
0.102242
0.101325
0.100469
0.0996733
0.0989357
0.0982531
0.0976218
0.0970373
0.0964947
0.095989
0.0955149
0.0950673
0.0946414
0.094233
0.0938385
0.0934551
0.0930813
0.0927166
0.0923616
0.0920184
0.0916902
0.0913813
0.0910971
0.0908434
0.0906268
0.0904537
0.0903307
0.0902634
0.0902569
0.090315
0.0904402
0.0906332
0.0908934
0.0912183
0.0916041
0.0920454
0.0925358
0.0930677
0.0936332
0.094224
0.0948316
0.095448
0.0960656
0.0966772
0.0972766
0.0978582
0.0984169
0.0989485
0.099449
0.0999151
0.100343
0.10073
0.101074
0.101369
0.101615
0.101808
0.101946
0.102026
0.102049
0.102014
0.101922
0.101775
0.101578
0.101337
0.101057
0.100747
0.100415
0.100071
0.099723
0.0993808
0.0990524
0.0987448
0.0984634
0.0982123
0.0979933
0.0978064
0.0976498
0.09752
0.0974118
0.0973191
0.0972347
0.0971511
0.0970608
0.0969566
0.0968319
0.0966811
0.0964999
0.0962852
0.0960356
0.0957511
0.095433
0.0950842
0.0947084
0.0943106
0.0938963
0.0934714
0.0930422
0.0926145
0.0921943
0.0917867
0.0913964
0.0910273
0.0906825
0.0903647
0.0900759
0.0898177
0.0895916
0.0893991
0.0892421
0.0891227
0.0890437
0.0890083
0.0890203
0.0980574
