0.0439826
0.0432438
0.0425051
0.0417834
0.0410984
0.0404709
0.0399207
0.0394655
0.0391201
0.0388956
0.0387998
0.0388364
0.0390058
0.039305
0.0397277
0.0402649
0.040905
0.0416342
0.0424368
0.0432959
0.0441938
0.0451122
0.0460337
0.0469413
0.0478199
0.0486564
0.04944
0.0501631
0.0508209
0.0514118
0.0519372
0.0524015
0.0528115
0.0531759
0.0535054
0.0538113
0.0541058
0.0544009
0.0547083
0.0550385
0.0554012
0.0558046
0.0562553
0.0567585
0.0573176
0.0579351
0.058612
0.0593486
0.0601446
0.0609991
0.0619115
0.0628809
0.063907
0.0649898
0.0661296
0.0673272
0.0685835
0.0698994
0.0712757
0.0727121
0.0742078
0.0757603
0.0773656
0.0790177
0.0807085
0.0824278
0.0841634
0.0859013
0.0876261
0.0893216
0.0909715
0.0925599
0.0940725
0.0954973
0.0968251
0.0980506
0.0991729
0.100195
0.101127
0.101981
0.102775
0.103532
0.104278
0.105041
0.105852
0.106742
0.107743
0.108883
0.110192
0.111694
0.113409
0.115356
0.117547
0.119988
0.122683
0.12563
0.128821
0.132244
0.135885
0.139722
0.143733
0.14789
0.152163
0.156518
0.160919
0.165327
0.169701
0.173997
0.17817
0.182175
0.185965
0.189493
0.192714
0.195584
0.198063
0.200114
0.201705
0.20281
0.203409
0.203491
0.20305
0.202091
0.200625
0.198673
0.196262
0.193427
0.190209
0.186656
0.182818
0.178748
0.174502
0.170137
0.165708
0.161268
0.156867
0.152552
0.148366
0.144343
0.140517
0.13691
0.133543
0.130429
0.127575
0.124983
0.122652
0.120574
0.118739
0.117135
0.115745
0.114553
0.113541
0.112689
0.11198
0.111394
0.110915
0.110526
0.110212
0.109959
0.109757
0.109594
0.109462
0.109354
0.109265
0.109191
0.109129
0.109078
0.109037
0.109008
0.108991
0.108989
0.109006
0.109042
0.109104
0.109193
0.109314
0.109472
0.109669
0.109911
0.110201
0.110543
0.11094
0.111397
0.111915
0.112498
0.113148
0.113867
0.114657
0.115518
0.11645
0.117454
0.118528
0.119671
0.120881
0.122153
0.123484
0.12487
0.126306
0.127784
0.129298
0.130841
0.132405
0.133983
0.135564
0.137142
0.138707
0.140252
0.141767
0.143245
0.14468
0.146064
0.147393
0.148661
0.149866
0.151004
0.152075
0.153079
0.154016
0.154889
0.155701
0.156456
0.157159
0.157814
0.158428
0.159004
0.159549
0.160066
0.160558
0.161028
0.161475
0.161899
0.162297
0.162664
0.162994
0.163281
0.163517
0.163693
0.163801
0.163832
0.16378
0.16364
0.163407
0.163078
0.162653
0.162133
0.161519
0.160813
0.160018
0.159135
0.158166
0.157109
0.155965
0.154731
0.153405
0.151984
0.150469
0.148862
0.147168
0.145397
0.143564
0.141689
0.139797
0.137915
0.136076
0.134312
0.132654
0.131131
0.129769
0.128586
0.127594
0.126799
0.126196
0.125775
0.125519
0.125407
0.125413
0.12551
0.125669
0.125866
0.126077
0.126283
0.126468
0.126624
0.126746
0.126835
0.126893
0.126928
0.126946
0.126953
0.126955
0.126951
0.126937
0.126901
0.126828
0.126698
0.126485
0.126166
0.125716
0.125118
0.124358
0.137333
