0.0868566
0.0856414
0.0845317
0.0835119
0.0825642
0.0816696
0.0808086
0.0799626
0.0791148
0.0782508
0.0773592
0.0764325
0.0754667
0.0744615
0.0734201
0.0723486
0.0712555
0.070151
0.0690461
0.0679523
0.0668806
0.065841
0.0648424
0.0638919
0.0629948
0.0621547
0.0613735
0.0606514
0.0599877
0.0593808
0.0588285
0.0583288
0.05788
0.0574811
0.0571321
0.0568343
0.0565905
0.0564045
0.0562818
0.0562284
0.0562512
0.0563571
0.0565521
0.0568415
0.0572282
0.0577127
0.0582923
0.0589605
0.0597071
0.0605179
0.0613748
0.0622568
0.0631401
0.0639996
0.0648099
0.0655463
0.0661868
0.0667123
0.067109
0.0673682
0.0674877
0.0674718
0.0673314
0.0670834
0.0667505
0.0663594
0.0659403
0.065525
0.0651454
0.0648325
0.0646143
0.0645152
0.0645547
0.0647465
0.0650988
0.0656136
0.0662872
0.0671107
0.0680708
0.0691505
0.0703303
0.0715888
0.0729043
0.0742548
0.0756192
0.0769778
0.0783125
0.0796069
0.0808466
0.0820188
0.0831126
0.0841186
0.0850288
0.0858366
0.0865369
0.0871262
0.0876026
0.0879663
0.0882198
0.0883683
0.0884196
0.0883847
0.088278
0.0881166
0.087921
0.0877143
0.0875217
0.0873702
0.0872881
0.0873037
0.0874449
0.0877385
0.0882092
0.0888787
0.0897654
0.0908836
0.0922429
0.093848
0.0956982
0.0977873
0.100104
0.10263
0.105344
0.108217
0.111218
0.114311
0.117455
0.120608
0.123725
0.126763
0.129674
0.132415
0.134944
0.137223
0.139216
0.140895
0.142236
0.143223
0.143847
0.144106
0.144007
0.143564
0.142799
0.141739
0.140419
0.138878
0.13716
0.135311
0.133378
0.131411
0.129454
0.127555
0.125752
0.124085
0.122584
0.121277
0.120184
0.119319
0.11869
0.118301
0.118147
0.118222
0.118513
0.119004
0.119676
0.120509
0.121481
0.12257
0.123752
0.125006
0.126311
0.127648
0.128999
0.130349
0.131684
0.132993
0.134266
0.135496
0.136678
0.137807
0.138881
0.139899
0.140859
0.141762
0.142609
0.143401
0.144139
0.144823
0.145455
0.146036
0.146566
0.147044
0.147472
0.147849
0.148173
0.148443
0.148659
0.14882
0.148923
0.148967
0.148952
0.148877
0.14874
0.148542
0.148283
0.147963
0.147584
0.147148
0.146658
0.146117
0.145529
0.1449
0.144234
0.143539
0.142822
0.142091
0.141353
0.140619
0.139897
0.139197
0.13853
0.137905
0.137332
0.136821
0.13638
0.136019
0.135745
0.135564
0.135483
0.135507
0.135639
0.135882
0.136236
0.136703
0.137281
0.137968
0.138761
0.139657
0.140652
0.141741
0.142918
0.144178
0.145513
0.146917
0.148381
0.149897
0.151455
0.153044
0.154652
0.156268
0.157876
0.159466
0.161023
0.162536
0.163995
0.165394
0.166728
0.167998
0.169208
0.170365
0.17148
0.172567
0.173639
0.174709
0.175788
0.176882
0.177992
0.179111
0.180229
0.181327
0.182384
0.183375
0.18428
0.185078
0.185757
0.186314
0.186757
0.187103
0.187379
0.18762
0.187865
0.188155
0.188526
0.189008
0.189622
0.190374
0.19126
0.19226
0.193345
0.194477
0.195611
0.1967
0.197695
0.198553
0.199233
0.199705
0.199944
0.199936
0.199678
0.22246
