0.148079
0.146813
0.145231
0.143334
0.14113
0.13863
0.135853
0.132822
0.129564
0.126112
0.122499
0.118764
0.114941
0.111069
0.107183
0.103314
0.0994931
0.0957464
0.0920961
0.0885607
0.0851546
0.0818885
0.07877
0.0758036
0.0729916
0.0703344
0.0678313
0.065481
0.063282
0.0612331
0.059334
0.0575853
0.0559885
0.0545461
0.0532616
0.0521388
0.0511811
0.0503914
0.0497711
0.0493191
0.0490316
0.048901
0.0489155
0.0490592
0.0493118
0.0496489
0.0500429
0.0504638
0.0508804
0.0512618
0.0515788
0.0518053
0.0519203
0.0519082
0.0517608
0.0514771
0.0510642
0.0505365
0.0499155
0.0492286
0.0485078
0.0477882
0.0471063
0.0464981
0.0459974
0.0456345
0.0454346
0.0454169
0.045594
0.0459718
0.0465493
0.0473192
0.0482687
0.0493805
0.0506337
0.0520051
0.0534702
0.0550044
0.0565835
0.0581845
0.0597861
0.0613687
0.0629146
0.0644076
0.065833
0.067177
0.0684271
0.0695711
0.0705977
0.0714961
0.0722564
0.0728698
0.0733291
0.073629
0.0737666
0.0737417
0.0735573
0.0732197
0.0727384
0.0721266
0.0714001
0.0705781
0.0696816
0.0687338
0.067759
0.0667826
0.0658298
0.0649261
0.0640959
0.0633632
0.0627505
0.0622795
0.0619703
0.0618418
0.0619116
0.0621961
0.0627104
0.0634682
0.064482
0.0657624
0.0673184
0.0691569
0.0712823
0.0736959
0.0763959
0.0793766
0.0826281
0.0861359
0.089881
0.0938388
0.0979803
0.102271
0.106673
0.111142
0.115633
0.120097
0.124482
0.128739
0.132816
0.136666
0.140242
0.143503
0.146415
0.148947
0.151079
0.152795
0.15409
0.154967
0.155436
0.155516
0.155233
0.154617
0.153708
0.152546
0.151175
0.149642
0.147993
0.146275
0.144529
0.142799
0.14112
0.139525
0.138044
0.136698
0.135506
0.13448
0.133628
0.132953
0.132455
0.132128
0.131965
0.131956
0.132087
0.132344
0.132711
0.133173
0.133714
0.134315
0.134962
0.135638
0.136328
0.137019
0.137697
0.13835
0.138968
0.139542
0.140064
0.140528
0.140929
0.141264
0.141532
0.141733
0.141869
0.141942
0.141958
0.141923
0.141844
0.141729
0.141587
0.141429
0.141265
0.141106
0.140962
0.140845
0.140764
0.140729
0.140749
0.140832
0.140985
0.141211
0.141516
0.141902
0.142368
0.142914
0.143537
0.144232
0.144995
0.145818
0.146692
0.14761
0.14856
0.149532
0.150517
0.151503
0.152481
0.153439
0.15437
0.155265
0.156116
0.15692
0.15767
0.158363
0.159
0.159578
0.160101
0.160571
0.160991
0.161369
0.161711
0.162023
0.162316
0.162597
0.162877
0.163166
0.163474
0.163809
0.164182
0.164601
0.165072
0.165601
0.16619
0.166841
0.167552
0.168318
0.16913
0.169981
0.170856
0.171742
0.172625
0.173491
0.174328
0.175126
0.175882
0.176594
0.177266
0.17791
0.178539
0.179168
0.179816
0.180497
0.181224
0.182002
0.18283
0.183695
0.18458
0.185457
0.186294
0.18706
0.187724
0.188261
0.188658
0.188913
0.189038
0.18906
0.189015
0.18895
0.188913
0.188952
0.189107
0.189406
0.189865
0.190481
0.191238
0.192101
0.19303
0.193972
0.194874
0.195681
0.196343
0.220049
