0.092304
0.0923707
0.0924579
0.0925642
0.092688
0.0928281
0.0929837
0.0931542
0.0933395
0.0935397
0.093755
0.0939861
0.0942332
0.0944969
0.0947775
0.0950752
0.0953899
0.0957213
0.0960692
0.096433
0.0968123
0.0972065
0.0976151
0.098038
0.098475
0.0989262
0.0993919
0.0998725
0.100369
0.100881
0.10141
0.101957
0.102521
0.103103
0.103704
0.104321
0.104955
0.105603
0.106265
0.106937
0.107617
0.108302
0.108988
0.109672
0.110351
0.11102
0.111677
0.112317
0.112939
0.113537
0.114111
0.114658
0.115175
0.115662
0.116116
0.116536
0.116923
0.117274
0.117591
0.117873
0.11812
0.118334
0.118514
0.118661
0.118777
0.118864
0.118921
0.118951
0.118956
0.118936
0.118895
0.118833
0.118752
0.118653
0.118539
0.11841
0.118268
0.118114
0.117948
0.117773
0.117587
0.117391
0.117187
0.116973
0.116751
0.116519
0.116278
0.116028
0.115768
0.115499
0.115221
0.114934
0.114639
0.114336
0.114026
0.113711
0.113391
0.113069
0.112747
0.112426
0.112109
0.111799
0.111498
0.111209
0.110936
0.11068
0.110445
0.110234
0.110048
0.109891
0.109763
0.109668
0.109605
0.109576
0.109582
0.109623
0.109698
0.109807
0.109949
0.110122
0.110324
0.110553
0.110808
0.111084
0.11138
0.111691
0.112016
0.11235
0.11269
0.113032
0.113375
0.113713
0.114044
0.114365
0.114674
0.114968
0.115244
0.115501
0.115738
0.115954
0.116146
0.116316
0.116463
0.116588
0.116691
0.116773
0.116835
0.116879
0.116907
0.116921
0.116922
0.116912
0.116894
0.11687
0.116841
0.116809
0.116777
0.116744
0.116714
0.116686
0.116661
0.11664
0.116623
0.11661
0.116601
0.116595
0.116591
0.11659
0.116588
0.116587
0.116585
0.11658
0.116573
0.116561
0.116545
0.116524
0.116498
0.116466
0.11643
0.116388
0.116342
0.116293
0.116241
0.116189
0.116138
0.116088
0.116043
0.116004
0.115972
0.115951
0.115941
0.115945
0.115964
0.116001
0.116056
0.116131
0.116227
0.116346
0.116487
0.116651
0.116838
0.117048
0.11728
0.117533
0.117805
0.118094
0.118399
0.118718
0.119046
0.119382
0.119722
0.120064
0.120403
0.120736
0.121061
0.121373
0.121671
0.121951
0.122212
0.12245
0.122665
0.122854
0.123018
0.123156
0.123267
0.123353
0.123413
0.12345
0.123465
0.12346
0.123437
0.123399
0.12335
0.123293
0.12323
0.123167
0.123107
0.123054
0.123013
0.122987
0.122981
0.122999
0.123045
0.123122
0.123234
0.123383
0.123573
0.123804
0.124078
0.124397
0.124761
0.12517
0.125623
0.12612
0.126659
0.127239
0.127858
0.128514
0.129205
0.129929
0.130683
0.131464
0.132272
0.133102
0.133954
0.134824
0.13571
0.136611
0.137523
0.138446
0.139376
0.140312
0.141251
0.142191
0.143132
0.144069
0.145002
0.145929
0.146847
0.147756
0.148653
0.149538
0.150407
0.15126
0.152095
0.152911
0.153705
0.154476
0.155222
0.155939
0.156626
0.15728
0.157897
0.158475
0.159009
0.159497
0.159934
0.160318
0.160645
0.176482
