0.0546515
0.0541661
0.053712
0.0532724
0.0528377
0.0524051
0.0519787
0.0515677
0.051185
0.0508455
0.0505651
0.0503583
0.0502384
0.0502159
0.0502984
0.0504904
0.0507931
0.0512044
0.0517196
0.0523308
0.0530277
0.0537981
0.0546274
0.0555002
0.0563997
0.0573088
0.0582107
0.0590888
0.0599283
0.0607155
0.0614392
0.0620908
0.062664
0.0631559
0.0635662
0.0638975
0.0641548
0.0643456
0.0644791
0.0645658
0.0646174
0.0646456
0.0646626
0.0646799
0.0647082
0.0647573
0.064836
0.0649515
0.06511
0.0653162
0.0655739
0.0658861
0.0662549
0.066682
0.0671688
0.0677167
0.0683272
0.0690021
0.0697433
0.070553
0.0714336
0.0723874
0.0734165
0.0745224
0.075706
0.0769669
0.0783036
0.0797127
0.0811894
0.0827268
0.0843168
0.0859493
0.0876133
0.0892973
0.0909893
0.0926781
0.0943536
0.0960079
0.0976354
0.0992341
0.100805
0.102355
0.103894
0.105435
0.106998
0.108603
0.110276
0.112043
0.113931
0.115968
0.11818
0.12059
0.123219
0.126081
0.129187
0.13254
0.136138
0.13997
0.144018
0.14826
0.152664
0.157193
0.161804
0.166451
0.171082
0.175643
0.18008
0.184335
0.188353
0.19208
0.195464
0.198456
0.201013
0.203096
0.204674
0.205721
0.206219
0.20616
0.205541
0.204371
0.202664
0.200446
0.197747
0.194608
0.191073
0.187195
0.183028
0.178632
0.174068
0.169397
0.16468
0.159978
0.155345
0.150834
0.146493
0.142363
0.13848
0.134873
0.131565
0.128571
0.125901
0.123559
0.121542
0.119843
0.118449
0.117347
0.116516
0.115935
0.115583
0.115434
0.115463
0.115645
0.115956
0.116371
0.116867
0.117422
0.118015
0.118627
0.119241
0.119841
0.120412
0.120943
0.121423
0.121845
0.122201
0.122487
0.1227
0.122839
0.122904
0.122896
0.122821
0.122682
0.122486
0.122241
0.121955
0.121638
0.121299
0.120949
0.1206
0.120263
0.119948
0.119667
0.119429
0.119244
0.119122
0.119069
0.119091
0.119195
0.119383
0.119658
0.12002
0.120469
0.121001
0.121614
0.122301
0.123056
0.123873
0.124744
0.125658
0.126609
0.127586
0.12858
0.129584
0.13059
0.13159
0.132578
0.133551
0.134504
0.135436
0.136347
0.137237
0.13811
0.138969
0.13982
0.140669
0.141524
0.142392
0.143281
0.144199
0.145153
0.14615
0.147195
0.148291
0.14944
0.150642
0.151893
0.153189
0.154522
0.155883
0.15726
0.15864
0.160009
0.161352
0.162654
0.163899
0.165074
0.166164
0.167156
0.168038
0.168798
0.169426
0.169912
0.170244
0.170413
0.170408
0.17022
0.169837
0.169252
0.168456
0.167445
0.166216
0.164771
0.163116
0.161265
0.159234
0.157045
0.154725
0.152307
0.149821
0.147304
0.144787
0.142301
0.139873
0.137525
0.13527
0.133119
0.131074
0.12913
0.127279
0.125508
0.1238
0.12214
0.120511
0.118898
0.117289
0.115674
0.114051
0.112417
0.110779
0.109141
0.107516
0.105913
0.104345
0.102821
0.101349
0.0999322
0.0985703
0.0972581
0.0959861
0.0947419
0.0935113
0.0922802
0.0910369
0.089774
0.0884903
0.0871917
0.0858923
0.0846136
0.0833837
0.0914345
