0.111084
0.109751
0.108504
0.107346
0.106277
0.105297
0.104405
0.103599
0.102874
0.102227
0.101652
0.101144
0.100698
0.100308
0.0999717
0.0996831
0.099439
0.0992361
0.0990716
0.0989432
0.0988491
0.0987876
0.0987574
0.0987575
0.0987872
0.0988456
0.0989323
0.0990467
0.0991883
0.0993564
0.0995504
0.0997694
0.100012
0.100277
0.100563
0.100868
0.101189
0.101524
0.10187
0.102225
0.102584
0.102945
0.103305
0.103661
0.104011
0.104351
0.10468
0.104996
0.105298
0.105585
0.105857
0.106115
0.106358
0.106589
0.106809
0.107019
0.107221
0.10742
0.107615
0.107812
0.108012
0.108219
0.108435
0.108664
0.108909
0.109172
0.109457
0.109765
0.110101
0.110466
0.110863
0.111293
0.111758
0.112259
0.112796
0.11337
0.113981
0.114627
0.115306
0.116016
0.116754
0.117517
0.118299
0.119096
0.119904
0.120716
0.121528
0.122332
0.123124
0.123898
0.124648
0.12537
0.126059
0.12671
0.127321
0.127888
0.128408
0.128881
0.129304
0.129677
0.13
0.130273
0.130497
0.130673
0.130804
0.130891
0.130936
0.130942
0.130913
0.130851
0.130758
0.13064
0.130498
0.130335
0.130156
0.129962
0.129757
0.129542
0.129319
0.12909
0.128857
0.128618
0.128375
0.128128
0.127875
0.127615
0.127348
0.127072
0.126785
0.126484
0.126169
0.125838
0.125489
0.125122
0.124734
0.124326
0.123897
0.123449
0.122981
0.122497
0.121997
0.121484
0.120961
0.120433
0.119902
0.119374
0.118852
0.118342
0.117849
0.117379
0.116935
0.116523
0.116148
0.115814
0.115526
0.115286
0.115097
0.114963
0.114884
0.11486
0.114892
0.114979
0.115117
0.115306
0.115539
0.115814
0.116124
0.116464
0.116827
0.117206
0.117595
0.117985
0.11837
0.118743
0.119097
0.119425
0.119722
0.119983
0.120203
0.12038
0.12051
0.120592
0.120625
0.120611
0.120549
0.120442
0.120294
0.120107
0.119887
0.119639
0.119367
0.119078
0.118779
0.118475
0.118174
0.117881
0.117604
0.117348
0.11712
0.116925
0.116768
0.116653
0.116585
0.116566
0.116599
0.116686
0.116827
0.117022
0.117271
0.117572
0.117923
0.11832
0.118759
0.119237
0.119748
0.120287
0.120848
0.121426
0.122015
0.12261
0.123205
0.123796
0.124378
0.124948
0.125504
0.126043
0.126564
0.127067
0.127553
0.128024
0.12848
0.128924
0.12936
0.129791
0.13022
0.130649
0.131082
0.13152
0.131967
0.132421
0.132885
0.133357
0.133836
0.134321
0.134808
0.135295
0.135778
0.136251
0.136711
0.137152
0.137569
0.137955
0.138305
0.138613
0.138871
0.139075
0.139217
0.139292
0.139293
0.139214
0.139052
0.1388
0.138455
0.138014
0.137475
0.136838
0.136104
0.135273
0.13435
0.13334
0.132248
0.131082
0.12985
0.128561
0.127226
0.125852
0.124452
0.123034
0.121608
0.120183
0.118767
0.117368
0.115993
0.114649
0.113342
0.112077
0.11086
0.109695
0.108589
0.107545
0.106567
0.105661
0.104829
0.104075
0.1034
0.102805
0.102291
0.101857
0.101501
0.112631
