0.0982176
0.0981844
0.0981378
0.0980761
0.0979976
0.0979009
0.0977848
0.0976488
0.0974928
0.0973175
0.0971242
0.0969151
0.0966927
0.0964606
0.0962224
0.0959824
0.0957449
0.0955146
0.0952957
0.0950924
0.0949087
0.094748
0.0946132
0.0945068
0.0944307
0.0943865
0.094375
0.094397
0.0944528
0.0945425
0.0946661
0.0948236
0.0950148
0.0952396
0.0954977
0.0957889
0.0961129
0.0964693
0.0968574
0.0972766
0.0977258
0.0982037
0.0987088
0.0992393
0.0997932
0.100368
0.100962
0.101572
0.102195
0.102829
0.103472
0.10412
0.104771
0.105423
0.106073
0.106719
0.107359
0.107991
0.108614
0.109226
0.109825
0.110411
0.110981
0.111535
0.112071
0.112589
0.113088
0.113567
0.114025
0.11446
0.114873
0.115263
0.115629
0.11597
0.116285
0.116574
0.116837
0.117073
0.117281
0.117462
0.117615
0.117741
0.117839
0.117909
0.117952
0.117969
0.117959
0.117924
0.117864
0.117781
0.117675
0.117546
0.117397
0.117229
0.117042
0.116838
0.116619
0.116386
0.11614
0.115884
0.115619
0.115348
0.115072
0.114793
0.114514
0.114238
0.113966
0.113701
0.113445
0.113201
0.112972
0.112759
0.112566
0.112393
0.112243
0.112117
0.112018
0.111946
0.111902
0.111887
0.111901
0.111945
0.112019
0.112122
0.112253
0.112411
0.112596
0.112806
0.11304
0.113294
0.113569
0.11386
0.114166
0.114484
0.114812
0.115146
0.115485
0.115824
0.116161
0.116493
0.116818
0.117132
0.117433
0.117718
0.117986
0.118233
0.118458
0.118659
0.118835
0.118985
0.119108
0.119203
0.119269
0.119308
0.119318
0.119301
0.119256
0.119185
0.11909
0.11897
0.118828
0.118666
0.118484
0.118286
0.118072
0.117846
0.11761
0.117365
0.117115
0.116861
0.116606
0.116353
0.116103
0.115859
0.115623
0.115396
0.115182
0.114981
0.114794
0.114624
0.11447
0.114334
0.114217
0.114118
0.114039
0.113979
0.113938
0.113916
0.113912
0.113927
0.113959
0.114009
0.114075
0.114156
0.114253
0.114364
0.114488
0.114625
0.114773
0.114931
0.115099
0.115275
0.115457
0.115646
0.11584
0.116037
0.116236
0.116437
0.116638
0.116839
0.117039
0.117237
0.117435
0.11763
0.117824
0.118017
0.118209
0.118401
0.118594
0.118788
0.118985
0.119186
0.119391
0.119602
0.11982
0.120047
0.120282
0.120528
0.120786
0.121056
0.121341
0.12164
0.121957
0.122291
0.122645
0.123018
0.123413
0.12383
0.12427
0.124734
0.125223
0.125735
0.126272
0.126832
0.127416
0.128021
0.128649
0.129296
0.129962
0.130645
0.131344
0.132058
0.132786
0.133525
0.134276
0.135038
0.135809
0.136589
0.137378
0.138175
0.138979
0.13979
0.140607
0.141429
0.142256
0.143086
0.143917
0.144749
0.145579
0.146407
0.14723
0.148046
0.148854
0.149652
0.150437
0.151208
0.151963
0.152699
0.153415
0.154109
0.154777
0.155419
0.15603
0.156608
0.157151
0.157655
0.158116
0.158531
0.158896
0.159209
0.159464
0.15966
0.159792
0.159857
0.159854
0.159781
0.159635
0.159417
0.159126
0.174211
