6.98453e-17
6.08015e-17
6.69488e-17
8.47862e-17
1.14869e-16
1.60218e-16
2.26069e-16
3.20244e-16
4.53946e-16
6.42969e-16
9.09427e-16
1.28415e-15
1.81001e-15
2.54649e-15
3.57589e-15
5.01193e-15
7.01138e-15
9.78989e-15
1.36436e-14
1.89783e-14
2.63488e-14
3.65127e-14
5.05016e-14
6.9718e-14
9.60649e-14
1.32119e-13
1.81361e-13
2.48488e-13
3.39821e-13
4.63848e-13
6.31953e-13
8.59364e-13
1.16642e-12
1.58021e-12
2.13679e-12
2.884e-12
3.88521e-12
5.22422e-12
7.01158e-12
9.39288e-12
1.25594e-11
1.67622e-11
2.23297e-11
2.96909e-11
3.94055e-11
5.22014e-11
6.90238e-11
9.10981e-11
1.20009e-10
1.57802e-10
2.07111e-10
2.71327e-10
3.54794e-10
4.63081e-10
6.03302e-10
7.84531e-10
1.01832e-09
1.31934e-09
1.7062e-09
2.20242e-09
2.83775e-09
3.64962e-09
4.68515e-09
6.00347e-09
7.67863e-09
9.80322e-09
1.24927e-08
1.5891e-08
2.01767e-08
2.55715e-08
3.23496e-08
4.08496e-08
5.1489e-08
6.47813e-08
8.13567e-08
1.01988e-07
1.27618e-07
1.59399e-07
1.98734e-07
2.47325e-07
3.07241e-07
3.8098e-07
4.71563e-07
5.82627e-07
7.1855e-07
8.84584e-07
1.08702e-06
1.33337e-06
1.63261e-06
1.99542e-06
2.43446e-06
2.96476e-06
3.6041e-06
4.37346e-06
5.29754e-06
6.40537e-06
7.73103e-06
9.31436e-06
1.12019e-05
1.34479e-05
1.61155e-05
1.92778e-05
2.30196e-05
2.74388e-05
3.26482e-05
3.87776e-05
4.59761e-05
5.44143e-05
6.42871e-05
7.58169e-05
8.92564e-05
0.000104893
0.000123051
0.000144098
0.000168448
0.000196566
0.000228976
0.000266261
0.000309074
0.000358143
0.000414277
0.000478373
0.000551422
0.000634519
0.000728868
0.000835793
0.000956741
0.0010933
0.00124718
0.00142028
0.00161461
0.00183237
0.00207594
0.00234786
0.00265086
0.00298786
0.00336199
0.00377654
0.00423504
0.0047412
0.00529893
0.00591234
0.00658575
0.00732364
0.00813071
0.00901181
0.00997195
0.0110163
0.0121502
0.0133791
0.0147084
0.0161439
0.0176912
0.0193559
0.0211439
0.0230607
0.0251122
0.0273038
0.029641
0.0321293
0.0347736
0.0375791
0.0405504
0.043692
0.0470081
0.0505025
0.0541786
0.0580395
0.062088
0.066326
0.0707554
0.0753773
0.0801923
0.0852006
0.0904015
0.0957939
0.101376
0.107145
0.113099
0.119233
0.125542
0.132022
0.138666
0.145467
0.152419
0.159511
0.166737
0.174085
0.181545
0.189106
0.196756
0.204483
0.212272
0.220111
0.227986
0.235882
0.243784
0.251678
0.259549
0.267381
0.27516
0.282871
0.2905
0.298034
0.305458
0.31276
0.319929
0.326951
0.333818
0.340518
0.347042
0.353381
0.359526
0.365469
0.371201
0.376715
0.382002
0.387052
0.391858
0.396409
0.400695
0.404704
0.408425
0.411846
0.414953
0.417734
0.420177
0.42227
0.424002
0.425366
0.426355
0.426966
0.427201
0.427065
0.426567
0.425723
0.424553
0.423081
0.421336
0.419351
0.41716
0.414799
0.412302
0.4097
0.407021
0.404283
0.401496
0.398657
0.395753
0.392754
0.389618
0.386287
0.382691
0.378753
0.374385
0.369502
0.364018
0.357862
0.350978
0.343336
0.334941
0.325835
0.316107
0.305894
0.295386
0.284816
0.274457
0.264606
0.255565
0.247614
0.240985
0.235824
0.232165
0.229899
0.228762
0.228331
0.228041
0.227226
0.225173
0.221196
0.214718
0.205351
0.192954
0.177672
0.159935
0.140425
0.119996
0.0995838
0.0800938
0.0623022
0.0467782
0.0338423
0.0235628
0.0157888
0.0102088
0.00642086
0.00400115
0.00255803
0.00176688
0.00155056
