0.130122
0.131276
0.132523
0.133867
0.135308
0.136847
0.138479
0.140201
0.142006
0.143886
0.145832
0.147834
0.149881
0.151959
0.154056
0.156159
0.158253
0.160324
0.162355
0.164331
0.166235
0.168048
0.169751
0.171326
0.172752
0.174009
0.175078
0.175941
0.17658
0.176981
0.177132
0.177025
0.176654
0.176019
0.175124
0.173975
0.172585
0.17097
0.169146
0.167136
0.164964
0.162654
0.160231
0.157722
0.155152
0.152546
0.149927
0.147318
0.144738
0.142207
0.13974
0.137352
0.135056
0.132862
0.130778
0.128813
0.126971
0.125257
0.123671
0.122215
0.120887
0.119686
0.118607
0.117644
0.116792
0.116042
0.115386
0.114814
0.114317
0.113884
0.113506
0.113173
0.112875
0.112604
0.112353
0.112114
0.111882
0.111654
0.111426
0.111196
0.110963
0.110727
0.110488
0.110249
0.11001
0.109774
0.109545
0.109323
0.109113
0.108916
0.108736
0.108574
0.108434
0.108317
0.108225
0.108159
0.108119
0.108107
0.10812
0.108159
0.108222
0.108306
0.108408
0.108525
0.108653
0.108787
0.108922
0.109052
0.109172
0.109277
0.109362
0.10942
0.109447
0.10944
0.109395
0.10931
0.109183
0.109014
0.108803
0.108553
0.108266
0.107947
0.107601
0.107233
0.106851
0.106462
0.106075
0.105697
0.105338
0.105006
0.104711
0.104459
0.10426
0.104121
0.104048
0.104047
0.104123
0.104281
0.104522
0.10485
0.105264
0.105765
0.10635
0.107019
0.107767
0.108589
0.109481
0.110437
0.111448
0.112508
0.113608
0.11474
0.115893
0.117059
0.118228
0.11939
0.120537
0.121658
0.122745
0.123792
0.12479
0.125734
0.12662
0.127444
0.128204
0.128901
0.129534
0.130106
0.130622
0.131086
0.131503
0.131881
0.132227
0.132549
0.132854
0.13315
0.133444
0.133742
0.134049
0.134369
0.134706
0.135061
0.135433
0.135822
0.136224
0.136636
0.137052
0.137466
0.13787
0.138257
0.138618
0.138944
0.139226
0.139455
0.139623
0.139721
0.139742
0.139679
0.139526
0.139278
0.13893
0.138481
0.137929
0.137274
0.136519
0.135665
0.134717
0.133682
0.132568
0.131382
0.130135
0.128838
0.127503
0.126141
0.124765
0.123388
0.122021
0.120677
0.119364
0.118094
0.116873
0.115709
0.114607
0.113569
0.112598
0.111693
0.110853
0.110074
0.109353
0.108684
0.108062
0.107479
0.106929
0.106404
0.105898
0.105404
0.104915
0.104426
0.103931
0.103426
0.102906
0.10237
0.101814
0.101236
0.100636
0.100013
0.0993674
0.0986989
0.0980087
0.0972982
0.0965691
0.0958233
0.0950631
0.0942912
0.0935105
0.092724
0.0919351
0.0911474
0.0903645
0.0895903
0.0888283
0.0880824
0.0873562
0.086653
0.085976
0.085328
0.0847113
0.0841279
0.0835792
0.0830661
0.0825889
0.0821472
0.0817397
0.0813648
0.0810197
0.0807012
0.0804051
0.0801267
0.0798612
0.0796032
0.0793477
0.0790902
0.0788274
0.078557
0.0782788
0.0779944
0.0777079
0.0774253
0.0771547
0.0769054
0.0766877
0.0765119
0.0763875
0.0763223
0.0763218
0.0763888
0.0765231
0.0767217
0.0769792
0.0866277
