0.107425
0.106111
0.104779
0.103415
0.102008
0.100547
0.0990226
0.0974287
0.0957613
0.0940204
0.0922093
0.0903352
0.0884082
0.0864412
0.084449
0.0824477
0.080454
0.0784841
0.0765537
0.0746764
0.0728644
0.0711274
0.0694726
0.0679051
0.0664276
0.0650407
0.0637437
0.0625342
0.0614095
0.0603663
0.0594016
0.0585128
0.0576985
0.0569583
0.0562934
0.0557063
0.0552009
0.0547824
0.0544566
0.0542296
0.0541074
0.0540947
0.0541946
0.0544078
0.0547317
0.0551601
0.055683
0.0562861
0.0569513
0.0576569
0.0583786
0.05909
0.0597645
0.0603757
0.0608997
0.0613158
0.0616081
0.0617661
0.061786
0.0616709
0.0614305
0.0610815
0.0606462
0.0601518
0.0596292
0.0591114
0.0586319
0.0582232
0.0579152
0.057734
0.057701
0.0578315
0.0581349
0.0586142
0.0592666
0.0600833
0.0610512
0.0621529
0.0633682
0.0646752
0.0660509
0.0674724
0.0689174
0.070365
0.0717958
0.0731921
0.0745382
0.0758198
0.0770244
0.0781408
0.079159
0.0800701
0.0808664
0.0815412
0.0820895
0.0825077
0.0827944
0.0829505
0.0829796
0.0828881
0.0826859
0.082386
0.0820046
0.0815611
0.0810775
0.0805784
0.0800901
0.07964
0.0792564
0.0789672
0.0787999
0.0787806
0.0789333
0.0792799
0.0798392
0.080627
0.0816552
0.0829322
0.0844621
0.086245
0.0882764
0.0905478
0.0930459
0.0957531
0.0986474
0.101703
0.10489
0.108174
0.111519
0.114886
0.118234
0.121519
0.124701
0.127736
0.130585
0.13321
0.135576
0.137656
0.139424
0.140863
0.141962
0.142718
0.143133
0.143218
0.142992
0.142477
0.141704
0.140708
0.139528
0.138204
0.136779
0.135297
0.1338
0.132328
0.130918
0.129604
0.128415
0.127374
0.126501
0.125808
0.125303
0.12499
0.124866
0.124925
0.125158
0.125552
0.126093
0.126763
0.127546
0.128424
0.129379
0.130394
0.131452
0.132538
0.133638
0.13474
0.135833
0.136906
0.137951
0.138961
0.13993
0.140853
0.141725
0.142543
0.143303
0.144004
0.144644
0.14522
0.145732
0.146178
0.146559
0.146874
0.147124
0.147309
0.147431
0.147492
0.147494
0.14744
0.147333
0.147177
0.146976
0.146735
0.146458
0.146152
0.14582
0.145469
0.145103
0.144729
0.14435
0.143973
0.143601
0.143239
0.142891
0.14256
0.142251
0.141965
0.141707
0.141478
0.141281
0.141119
0.140994
0.140908
0.140863
0.140862
0.140906
0.140998
0.14114
0.141333
0.141581
0.141884
0.142244
0.142662
0.143139
0.143675
0.144271
0.144926
0.145641
0.146413
0.147243
0.148128
0.149067
0.150059
0.1511
0.152189
0.153322
0.154495
0.155704
0.156943
0.158205
0.159482
0.160764
0.162043
0.163305
0.164541
0.16574
0.166891
0.167988
0.169026
0.170003
0.170924
0.171794
0.172627
0.173436
0.174239
0.175054
0.175896
0.17678
0.177712
0.178694
0.179721
0.180779
0.181848
0.182902
0.183917
0.184864
0.185724
0.18648
0.187129
0.187676
0.188139
0.188547
0.188933
0.189339
0.189802
0.190359
0.191037
0.191851
0.192803
0.193882
0.195062
0.196308
0.197575
0.198813
0.199971
0.200997
0.201846
0.202478
0.20286
0.202971
0.226587
