6.59121e-75
7.33611e-75
1.6264e-74
4.06277e-74
1.02746e-73
2.59586e-73
6.54114e-73
1.64357e-72
4.11789e-72
1.02875e-71
2.5627e-71
6.36556e-71
1.57663e-70
3.89381e-70
9.58907e-70
2.35469e-69
5.76568e-69
1.40775e-68
3.42748e-68
8.32261e-68
2.01718e-67
4.90212e-67
1.22177e-66
3.43906e-66
1.40894e-65
9.84121e-65
9.20487e-64
9.15921e-63
8.97843e-62
8.51797e-61
7.79662e-60
6.88622e-59
5.87401e-58
4.84385e-57
3.86514e-56
2.98712e-55
2.23784e-54
1.62647e-53
1.14772e-52
7.86897e-52
5.24552e-51
3.40198e-50
2.14792e-49
1.32101e-48
7.91838e-48
4.62856e-47
2.63971e-46
1.46954e-45
7.98955e-45
4.24402e-44
2.20359e-43
1.11883e-42
5.55711e-42
2.70116e-41
1.28537e-40
5.9901e-40
2.73475e-39
1.22354e-38
5.36631e-38
2.30792e-37
9.73601e-37
4.02978e-36
1.63696e-35
6.52785e-35
2.55615e-34
9.83097e-34
3.71453e-33
1.37915e-32
5.03288e-32
1.80557e-31
6.36942e-31
2.20984e-30
7.54197e-30
2.53255e-29
8.36877e-29
2.72193e-28
8.71531e-28
2.74761e-27
8.53034e-27
2.6085e-26
7.85775e-26
2.33216e-25
6.82081e-25
1.96607e-24
5.5861e-24
1.5647e-23
4.32138e-23
1.17692e-22
3.16126e-22
8.37567e-22
2.18918e-21
5.64546e-21
1.43657e-20
3.60761e-20
8.94178e-20
2.18773e-19
5.28415e-19
1.26014e-18
2.96738e-18
6.90054e-18
1.58488e-17
3.59546e-17
8.05759e-17
1.78398e-16
3.9026e-16
8.43604e-16
1.80213e-15
3.80483e-15
7.94014e-15
1.63797e-14
3.34047e-14
6.73552e-14
1.34288e-13
2.64753e-13
5.16208e-13
9.95458e-13
1.89878e-12
3.58274e-12
6.68781e-12
1.23514e-11
2.25709e-11
4.08148e-11
7.30399e-11
1.29364e-10
2.26783e-10
3.93541e-10
6.76065e-10
1.14985e-09
1.93637e-09
3.22898e-09
5.33222e-09
8.72077e-09
1.41268e-08
2.2668e-08
3.60332e-08
5.6748e-08
8.85519e-08
1.36926e-07
2.09823e-07
3.18672e-07
4.79734e-07
7.15925e-07
1.05923e-06
1.55386e-06
2.26037e-06
3.26094e-06
4.66607e-06
6.62298e-06
9.32613e-06
1.30301e-05
1.80654e-05
2.48573e-05
3.39489e-05
4.60276e-05
6.19575e-05
8.28153e-05
0.000109934
0.00014495
0.00018986
0.000247083
0.000319531
0.000410683
0.000524676
0.000666397
0.000841585
0.00105694
0.00132026
0.00164053
0.0020281
0.00249481
0.00305415
0.00372136
0.00451368
0.00545042
0.00655314
0.00784581
0.00935493
0.0111096
0.0131417
0.015486
0.0181798
0.0212634
0.0247798
0.0287747
0.0332959
0.0383936
0.0441195
0.0505269
0.0576695
0.0656014
0.0743762
0.0840457
0.0946599
0.106265
0.118904
0.132612
0.147421
0.163353
0.180421
0.198628
0.217968
0.23842
0.259952
0.282516
0.306053
0.330486
0.355724
0.38166
0.408175
0.435132
0.462384
0.489768
0.517114
0.544239
0.570954
0.597066
0.622375
0.646684
0.669796
0.691519
0.711666
0.730064
0.746547
0.760968
0.773194
0.783113
0.790631
0.79568
0.79821
0.7982
0.79565
0.790585
0.783054
0.773129
0.760903
0.746492
0.730027
0.711659
0.69155
0.669877
0.646825
0.622585
0.597353
0.571328
0.544704
0.517676
0.490432
0.46315
0.436001
0.409145
0.382729
0.356886
0.331736
0.307383
0.283918
0.261417
0.239938
0.219529
0.200222
0.182036
0.16498
0.149051
0.134235
0.120511
0.107849
0.0962132
0.0855625
0.0758513
0.0670305
0.0590491
0.0518544
0.0453931
0.039612
0.0344585
0.0298812
0.0258307
0.0222591
0.0191213
0.0163744
0.0139782
0.0118956
0.0100918
0.0085352
0.00719666
0.00604981
0.00507083
0.00423831
0.00353314
0.00293839
0.00243914
0.00202235
0.00167676
0.00139281
0.00116255
0.000979719
0.000839845
0.000740666
0.000682869
0.000671522
0.000805148
