0.0919027
0.091674
0.091453
0.0912414
0.0910416
0.0908563
0.0906881
0.0905397
0.0904132
0.0903106
0.090233
0.0901811
0.0901549
0.0901538
0.0901768
0.0902223
0.0902887
0.0903741
0.0904768
0.0905951
0.0907276
0.0908729
0.0910302
0.0911987
0.0913778
0.0915673
0.0917666
0.0919755
0.0921934
0.0924201
0.0926549
0.0928972
0.0931464
0.0934019
0.0936632
0.0939299
0.094202
0.0944794
0.0947626
0.0950523
0.0953494
0.0956552
0.0959713
0.0962994
0.0966416
0.0969998
0.0973762
0.0977729
0.098192
0.0986353
0.0991044
0.0996007
0.100125
0.100679
0.101261
0.101872
0.102511
0.103176
0.103867
0.10458
0.105312
0.106062
0.106824
0.107596
0.108373
0.109151
0.109926
0.110695
0.111451
0.112193
0.112916
0.113618
0.114294
0.114943
0.115563
0.116152
0.116709
0.117234
0.117726
0.118186
0.118616
0.119015
0.119386
0.119731
0.120051
0.12035
0.12063
0.120892
0.121142
0.12138
0.12161
0.121833
0.122054
0.122273
0.122493
0.122715
0.12294
0.123168
0.123402
0.123639
0.123879
0.124122
0.124365
0.124607
0.124845
0.125077
0.1253
0.12551
0.125705
0.125881
0.126035
0.126165
0.126268
0.126342
0.126384
0.126394
0.12637
0.126313
0.126222
0.126098
0.125942
0.125756
0.125543
0.125305
0.125044
0.124765
0.12447
0.124164
0.12385
0.123531
0.123213
0.122897
0.122587
0.122287
0.122
0.121727
0.12147
0.121232
0.121013
0.120814
0.120634
0.120474
0.120332
0.120207
0.120097
0.119999
0.119912
0.119833
0.119758
0.119684
0.119608
0.119527
0.119439
0.11934
0.119228
0.119101
0.118957
0.118795
0.118615
0.118416
0.118198
0.117963
0.117711
0.117444
0.117164
0.116875
0.116578
0.116278
0.115976
0.115678
0.115387
0.115106
0.114838
0.114588
0.114358
0.114151
0.11397
0.113817
0.113694
0.113603
0.113543
0.113515
0.11352
0.113555
0.113621
0.113714
0.113832
0.113974
0.114134
0.11431
0.114498
0.114694
0.114893
0.115091
0.115285
0.11547
0.115643
0.1158
0.115939
0.116058
0.116155
0.11623
0.116281
0.11631
0.116317
0.116305
0.116276
0.116234
0.11618
0.116121
0.116059
0.116
0.115948
0.115908
0.115885
0.115882
0.115904
0.115955
0.116039
0.116159
0.116317
0.116516
0.116758
0.117044
0.117375
0.117752
0.118173
0.118638
0.119146
0.119695
0.120283
0.120906
0.121561
0.122246
0.122954
0.123683
0.124427
0.125183
0.125945
0.126709
0.127472
0.128228
0.128975
0.12971
0.130431
0.131136
0.131825
0.132496
0.13315
0.133787
0.13441
0.135019
0.135616
0.136203
0.136782
0.137355
0.137923
0.138488
0.139052
0.139615
0.140179
0.140744
0.141309
0.141876
0.142442
0.143009
0.143574
0.144136
0.144693
0.145243
0.145783
0.14631
0.146819
0.147307
0.147769
0.1482
0.148595
0.148948
0.149253
0.149507
0.149703
0.149837
0.149905
0.149904
0.149832
0.149686
0.149466
0.149174
0.148809
0.148376
0.147877
0.147316
0.146698
0.146029
0.145314
0.144559
0.14377
0.142954
0.142116
0.155548
