4.94152e-08
4.33231e-08
4.26623e-08
4.58612e-08
5.22839e-08
6.18111e-08
7.46441e-08
9.12192e-08
1.12177e-07
1.38362e-07
1.70839e-07
2.10924e-07
2.60222e-07
3.20681e-07
3.94652e-07
4.84962e-07
5.95001e-07
7.28826e-07
8.9128e-07
1.08813e-06
1.32623e-06
1.61372e-06
1.96023e-06
2.37713e-06
2.87785e-06
3.47816e-06
4.19663e-06
5.05499e-06
6.07868e-06
7.29739e-06
8.74573e-06
1.04639e-05
1.24987e-05
1.49041e-05
1.77427e-05
2.10866e-05
2.50188e-05
2.96346e-05
3.50433e-05
4.13701e-05
4.87577e-05
5.73687e-05
6.73881e-05
7.90256e-05
9.25187e-05
0.000108136
0.000126179
0.000146988
0.000170945
0.000198478
0.000230063
0.000266234
0.000307581
0.000354763
0.000408507
0.000469617
0.000538978
0.000617564
0.000706444
0.000806787
0.000919867
0.00104708
0.00118992
0.00135003
0.00152918
0.00172927
0.00195234
0.00220058
0.00247634
0.00278212
0.00312055
0.00349446
0.00390681
0.00436073
0.00485948
0.00540651
0.00600538
0.00665981
0.00737362
0.00815079
0.00899536
0.00991149
0.0109034
0.0119753
0.0131317
0.0143766
0.0157146
0.0171497
0.0186862
0.0203282
0.0220795
0.0239439
0.0259251
0.0280262
0.0302503
0.0326002
0.0350782
0.0376864
0.0404263
0.043299
0.0463054
0.0494455
0.0527191
0.0561254
0.0596628
0.0633296
0.0671231
0.0710404
0.0750779
0.0792314
0.0834961
0.0878671
0.0923386
0.0969045
0.101558
0.106293
0.111102
0.115978
0.120912
0.125897
0.130925
0.135988
0.141079
0.146188
0.151308
0.156431
0.16155
0.166657
0.171745
0.176806
0.181835
0.186825
0.191769
0.196661
0.201497
0.206269
0.210973
0.215603
0.220155
0.224622
0.229001
0.233286
0.237471
0.241552
0.245522
0.249377
0.25311
0.256715
0.260187
0.263519
0.266705
0.269739
0.272613
0.275322
0.277861
0.280223
0.282403
0.284397
0.2862
0.287812
0.289228
0.29045
0.291477
0.292311
0.292957
0.293419
0.293705
0.293821
0.293779
0.29359
0.293266
0.292821
0.292271
0.291629
0.290914
0.29014
0.289323
0.288478
0.28762
0.286762
0.285913
0.285082
0.284277
0.283499
0.282749
0.282025
0.281318
0.280621
0.279919
0.279197
0.278435
0.277613
0.276706
0.275691
0.274541
0.273233
0.271741
0.270044
0.268122
0.265959
0.263544
0.26087
0.257938
0.254754
0.251332
0.247693
0.243866
0.239887
0.235798
0.231649
0.227495
0.223393
0.219405
0.215593
0.212018
0.208736
0.205801
0.203258
0.201142
0.199475
0.19827
0.19752
0.197205
0.197288
0.197716
0.19842
0.199316
0.200307
0.201288
0.202145
0.202762
0.203021
0.202811
0.202027
0.200579
0.198391
0.195407
0.191592
0.186937
0.181457
0.175195
0.168218
0.16062
0.152519
0.144056
0.13539
0.126702
0.118183
0.110037
0.102475
0.0957087
0.0899446
0.0853774
0.08218
0.0804934
0.0804141
0.0819828
0.0851708
0.0898706
0.0958874
0.102937
0.110648
0.118576
0.126221
0.133057
0.138566
0.142277
0.143806
0.142888
0.13941
0.13342
0.125131
0.114901
0.103208
0.0906001
0.0776533
0.0649193
0.0528822
0.0419247
0.0323083
0.0241685
0.0175235
0.0122941
0.00833024
0.00543965
0.00341485
0.00205507
0.00118166
0.000646636
0.000335177
0.000163614
7.46735e-05
3.1573e-05
1.22189e-05
4.25812e-06
1.30589e-06
3.40963e-07
7.25289e-08
1.26517e-08
3.64084e-09
