9.37476e-128
4.1389e-70
8.09411e-68
7.89187e-66
5.11507e-64
2.47933e-62
9.58638e-61
3.0799e-59
8.45691e-58
2.02597e-56
4.30165e-55
8.19617e-54
1.41554e-52
2.23445e-51
3.24623e-50
4.36637e-49
5.46532e-48
6.39431e-47
7.02026e-46
7.25765e-45
7.08698e-44
6.55466e-43
5.75636e-42
4.81101e-41
3.83453e-40
2.92006e-39
2.12828e-38
1.48702e-37
9.97455e-37
6.43209e-36
3.99251e-35
2.38829e-34
1.37834e-33
7.68252e-33
4.13952e-32
2.1582e-31
1.08969e-30
5.33252e-30
2.53115e-29
1.16619e-28
5.21902e-28
2.27017e-27
9.60388e-27
3.95376e-26
1.58487e-25
6.18912e-25
2.3558e-24
8.74452e-24
3.16682e-23
1.11943e-22
3.86406e-22
1.30299e-21
4.29403e-21
1.3835e-20
4.35954e-20
1.34403e-19
4.05533e-19
1.19795e-18
3.46565e-18
9.82195e-18
2.72776e-17
7.42566e-17
1.98201e-16
5.18844e-16
1.33242e-15
3.35761e-15
8.30448e-15
2.01647e-14
4.80807e-14
1.12603e-13
2.59074e-13
5.85721e-13
1.3015e-12
2.84296e-12
6.10612e-12
1.28977e-11
2.67978e-11
5.47784e-11
1.10187e-10
2.18142e-10
4.2513e-10
8.1575e-10
1.54144e-09
2.86886e-09
5.25999e-09
9.50239e-09
1.69173e-08
2.96867e-08
5.13573e-08
8.76057e-08
1.47378e-07
2.44561e-07
4.00384e-07
6.46823e-07
1.03133e-06
1.62331e-06
2.52281e-06
3.87202e-06
5.87021e-06
8.79281e-06
1.30154e-05
1.90434e-05
2.75481e-05
3.941e-05
5.57694e-05
7.80863e-05
0.000108208
0.000148446
0.000201662
0.000271365
0.000361812
0.000478127
0.000626421
0.000813928
0.00104915
0.001342
0.001704
0.00214841
0.00269046
0.00334753
0.00413936
0.00508827
0.00621938
0.00756082
0.00914396
0.0110036
0.013178
0.0157093
0.0186434
0.0220298
0.0259219
0.0303766
0.0354541
0.0412175
0.0477324
0.0550659
0.0632864
0.0724622
0.0826604
0.0939462
0.106381
0.120022
0.134918
0.151112
0.168636
0.18751
0.207743
0.229327
0.252239
0.27644
0.301869
0.32845
0.356083
0.38465
0.414014
0.444014
0.474476
0.505203
0.535986
0.5666
0.596811
0.626373
0.655039
0.682558
0.708679
0.73316
0.755766
0.776274
0.794481
0.8102
0.823269
0.833553
0.840943
0.845361
0.84676
0.845127
0.840479
0.832868
0.822375
0.809112
0.793219
0.774859
0.754221
0.731512
0.706954
0.680782
0.65324
0.624577
0.595042
0.564882
0.534341
0.503649
0.473029
0.442689
0.412819
0.383595
0.355171
0.327683
0.301248
0.27596
0.251896
0.229113
0.20765
0.187529
0.168757
0.151324
0.13521
0.120384
0.106802
0.0944172
0.0831721
0.0730065
0.0638562
0.0556547
0.0483347
0.0418288
0.0360703
0.0309944
0.0265384
0.0226427
0.0192504
0.0163085
0.0137672
0.0115808
0.00970724
0.00810798
0.00674826
0.00559671
0.00462526
0.00380892
0.00312558
0.00255578
0.00208247
0.00169083
0.00136799
0.00110289
0.000886022
0.000709288
0.000565804
0.000449753
0.000356245
0.000281183
0.000221154
0.000173328
0.000135366
0.000105345
8.16938e-05
6.31293e-05
4.86116e-05
3.73007e-05
2.85209e-05
2.17308e-05
1.6499e-05
1.24827e-05
9.41088e-06
7.07001e-06
5.29272e-06
3.94828e-06
2.93499e-06
2.17408e-06
1.60478e-06
1.18039e-06
8.6518e-07
6.31914e-07
4.59919e-07
3.33561e-07
2.41069e-07
1.73611e-07
1.24591e-07
8.90983e-08
6.34926e-08
4.50868e-08
3.19042e-08
2.24968e-08
1.58076e-08
1.10683e-08
7.72277e-09
5.36955e-09
3.72028e-09
2.56855e-09
1.76715e-09
1.21153e-09
8.27689e-10
5.63477e-10
3.8226e-10
2.58415e-10
1.74081e-10
1.1686e-10
7.81738e-11
5.21136e-11
3.46227e-11
2.29273e-11
1.51383e-11
9.97471e-12
6.57274e-12
4.35455e-12
2.9404e-12
2.09319e-12
1.69291e-12
1.96376e-12
