4.34345e-90
8.97428e-88
2.20331e-85
2.71462e-83
2.22478e-81
1.36438e-79
6.67845e-78
2.71793e-76
9.45923e-75
2.87395e-73
7.74368e-72
1.87349e-70
4.11109e-69
8.25019e-68
1.52475e-66
2.61055e-65
4.16187e-64
6.20581e-63
8.6888e-62
1.14624e-60
1.42918e-59
1.68887e-58
1.89622e-57
2.02744e-56
2.06856e-55
2.01778e-54
1.88501e-53
1.6892e-52
1.45418e-51
1.20426e-50
9.60591e-50
7.38902e-49
5.48715e-48
3.93793e-47
2.73385e-46
1.83764e-45
1.19702e-44
7.56224e-44
4.63703e-43
2.76176e-42
1.59877e-41
9.00175e-41
4.93259e-40
2.63201e-39
1.36839e-38
6.93545e-38
3.4285e-37
1.65391e-36
7.78932e-36
3.58314e-35
1.61061e-34
7.07714e-34
3.04116e-33
1.2785e-32
5.26016e-32
2.1188e-31
8.35828e-31
3.23017e-30
1.22335e-29
4.54177e-29
1.6534e-28
5.90376e-28
2.06824e-27
7.11061e-27
2.39971e-26
7.95183e-26
2.58782e-25
8.27299e-25
2.59867e-24
8.02221e-24
2.43437e-23
7.26302e-23
2.13096e-22
6.14957e-22
1.74586e-21
4.87698e-21
1.34075e-20
3.62807e-20
9.6652e-20
2.53528e-19
6.54926e-19
1.6664e-18
4.17693e-18
1.03155e-17
2.5104e-17
6.02118e-17
1.42353e-16
3.31788e-16
7.62471e-16
1.72788e-15
3.86179e-15
8.51345e-15
1.85149e-14
3.97272e-14
8.41129e-14
1.75751e-13
3.62447e-13
7.3783e-13
1.4828e-12
2.94224e-12
5.76486e-12
1.11549e-11
2.13186e-11
4.02454e-11
7.50561e-11
1.38299e-10
2.51802e-10
4.53064e-10
8.05685e-10
1.4162e-09
2.46086e-09
4.22766e-09
7.18144e-09
1.20634e-08
2.00414e-08
3.2933e-08
5.35344e-08
8.60958e-08
1.37003e-07
2.1574e-07
3.36231e-07
5.18684e-07
7.92106e-07
1.19766e-06
1.79314e-06
2.65879e-06
3.90482e-06
5.68104e-06
8.18898e-06
1.16969e-05
1.65584e-05
2.3235e-05
3.23229e-05
4.45859e-05
6.09925e-05
8.27606e-05
0.000111408
0.000148811
0.00019727
0.000259581
0.000339124
0.000439947
0.00056687
0.000725594
0.000922819
0.00116637
0.00146535
0.00183025
0.00227315
0.00280785
0.00345006
0.00421755
0.00513035
0.00621092
0.00748431
0.00897832
0.0107236
0.012754
0.0151062
0.0178202
0.0209391
0.0245091
0.0285794
0.0332017
0.0384305
0.0443221
0.0509345
0.0583265
0.0665574
0.0756858
0.0857687
0.0968609
0.109013
0.122272
0.136677
0.152261
0.169048
0.187052
0.206274
0.226706
0.248323
0.271086
0.294941
0.319818
0.345628
0.372268
0.399616
0.427535
0.455872
0.484458
0.513113
0.541643
0.569846
0.597512
0.624426
0.650371
0.67513
0.698489
0.720244
0.740196
0.758161
0.773972
0.787476
0.798545
0.807069
0.812966
0.816178
0.816673
0.814448
0.809525
0.801954
0.791811
0.779197
0.764234
0.747068
0.72786
0.706791
0.684052
0.659847
0.634386
0.607884
0.580556
0.552619
0.524282
0.49575
0.467217
0.438868
0.410874
0.383392
0.356564
0.330516
0.305358
0.281182
0.258063
0.236063
0.215224
0.195577
0.177136
0.159905
0.143873
0.129021
0.115321
0.102735
0.0912211
0.0807305
0.0712109
0.0626068
0.0548609
0.047915
0.0417108
0.0361903
0.0312971
0.0269764
0.0231757
0.019845
0.0169371
0.0144078
0.0122159
0.0103234
0.00869542
0.00730012
0.00610858
0.00509475
0.00423522
0.00350916
0.00289802
0.00238546
0.00195712
0.00160042
0.00130445
0.00105972
0.000858086
0.00069254
0.0005571
0.000446681
0.000356974
0.000284348
0.000225757
0.000178652
0.000140913
0.000110783
8.68107e-05
6.78036e-05
5.27855e-05
4.09603e-05
3.16814e-05
2.4426e-05
1.87728e-05
1.43839e-05
1.09894e-05
8.37452e-06
6.36949e-06
4.84069e-06
3.684e-06
2.81936e-06
2.18693e-06
1.7449e-06
1.46965e-06
1.36006e-06
1.62433e-06
