0.0866686
0.0856533
0.0846555
0.0836993
0.0827989
0.0819592
0.0811779
0.0804476
0.079758
0.0790989
0.0784616
0.0778404
0.0772332
0.0766418
0.0760712
0.0755291
0.0750247
0.0745683
0.0741694
0.0738368
0.0735773
0.0733958
0.0732944
0.0732729
0.0733283
0.0734554
0.0736465
0.0738921
0.0741809
0.0745003
0.0748369
0.0751765
0.0755052
0.0758092
0.0760757
0.0762931
0.0764516
0.0765433
0.0765627
0.0765067
0.0763748
0.0761694
0.075895
0.0755587
0.0751694
0.0747381
0.0742766
0.073798
0.0733157
0.0728434
0.0723941
0.0719807
0.0716147
0.0713071
0.0710672
0.0709034
0.0708228
0.0708313
0.0709339
0.0711347
0.0714371
0.0718443
0.072359
0.0729837
0.0737212
0.0745743
0.0755458
0.0766386
0.0778559
0.0792003
0.0806746
0.0822807
0.08402
0.085893
0.0878989
0.0900358
0.0923004
0.094688
0.0971925
0.0998069
0.102523
0.105331
0.108223
0.111188
0.114217
0.117301
0.120432
0.123603
0.126807
0.130039
0.133293
0.136567
0.139856
0.143155
0.14646
0.149764
0.153059
0.156335
0.15958
0.162777
0.165909
0.168954
0.171891
0.174692
0.177333
0.179784
0.18202
0.184014
0.185742
0.187181
0.188312
0.189122
0.189599
0.189739
0.189541
0.18901
0.188154
0.186986
0.185526
0.183793
0.181811
0.179606
0.177205
0.174637
0.17193
0.169113
0.166211
0.163254
0.160264
0.157267
0.154285
0.151339
0.148446
0.145625
0.142892
0.14026
0.137743
0.135351
0.133094
0.130981
0.129017
0.12721
0.125561
0.124075
0.122751
0.121589
0.120588
0.119745
0.119055
0.118513
0.118113
0.117849
0.117711
0.117693
0.117785
0.117979
0.118265
0.118634
0.119078
0.119586
0.120152
0.120765
0.121419
0.122104
0.122814
0.123541
0.124277
0.125017
0.125752
0.126477
0.127185
0.12787
0.128525
0.129144
0.129722
0.130253
0.130731
0.131151
0.131509
0.131799
0.132019
0.132164
0.132232
0.132222
0.132132
0.131963
0.131716
0.131392
0.130996
0.130532
0.130005
0.129421
0.12879
0.128118
0.127417
0.126696
0.125966
0.125239
0.124528
0.123844
0.1232
0.122608
0.122079
0.121627
0.121261
0.120993
0.120831
0.120783
0.120858
0.121059
0.121393
0.121861
0.122464
0.123201
0.124069
0.125064
0.126178
0.127404
0.12873
0.130146
0.131637
0.133191
0.134792
0.136425
0.138076
0.13973
0.141372
0.14299
0.144573
0.146109
0.147588
0.149003
0.150345
0.151607
0.152782
0.153864
0.154844
0.155717
0.156474
0.157108
0.157612
0.157979
0.158205
0.158285
0.15822
0.15801
0.157661
0.157181
0.15658
0.155872
0.15507
0.154192
0.153252
0.152264
0.151239
0.150187
0.14911
0.148008
0.146878
0.145709
0.14449
0.143205
0.141836
0.140368
0.138782
0.137063
0.135201
0.133187
0.131018
0.128695
0.126224
0.123615
0.120883
0.118045
0.11512
0.112127
0.109085
0.106012
0.102922
0.0998275
0.0967373
0.0936576
0.0905926
0.0875454
0.0845194
0.0815194
0.0785533
0.0756328
0.0727741
0.0699983
0.0673308
0.0648008
0.0624396
0.0602794
0.0583511
0.0566826
0.0552975
0.0542134
0.053441
0.0586742
