4.79889e-58
4.86702e-58
8.98126e-58
1.91287e-57
4.16752e-57
9.09491e-57
1.98111e-56
4.30465e-56
9.32909e-56
2.01653e-55
4.34745e-55
9.34819e-55
2.00487e-54
4.28854e-54
9.14957e-54
1.94697e-53
4.13225e-53
8.74748e-53
1.84693e-52
3.88945e-52
8.16958e-52
1.71153e-51
3.57637e-51
7.45378e-51
1.54948e-50
3.21273e-50
6.64415e-50
1.37051e-49
2.81973e-49
5.78646e-49
1.1844e-48
2.41807e-48
4.92405e-48
1.00014e-47
2.0262e-47
4.09443e-47
8.25259e-47
1.65911e-46
3.32698e-46
6.6545e-46
1.32761e-45
2.64192e-45
5.24397e-45
1.03823e-44
2.05034e-44
4.03879e-44
7.93549e-44
1.55523e-43
3.04027e-43
5.9283e-43
1.15305e-42
2.23701e-42
4.32903e-42
8.35634e-42
1.60896e-41
3.09016e-41
5.91999e-41
1.13128e-40
2.15637e-40
4.10004e-40
7.7761e-40
1.47111e-39
2.77615e-39
5.22578e-39
9.81234e-39
1.83785e-38
3.43369e-38
6.39924e-38
1.18964e-37
2.20607e-37
4.08081e-37
7.53006e-37
1.38607e-36
2.54518e-36
4.66265e-36
8.52288e-36
1.5549e-35
2.83285e-35
5.15961e-35
9.41407e-35
1.72729e-34
3.2088e-34
6.10448e-34
1.20969e-33
2.55029e-33
5.82792e-33
1.45325e-32
3.91525e-32
1.11598e-31
3.29081e-31
9.8628e-31
2.96877e-30
8.90996e-30
2.65504e-29
7.83675e-29
2.2883e-28
6.60548e-28
1.88435e-27
5.31149e-27
1.47928e-26
4.07074e-26
1.10689e-25
2.97423e-25
7.89798e-25
2.07285e-24
5.37731e-24
1.37895e-23
3.49586e-23
8.76236e-23
2.17163e-22
5.32212e-22
1.2899e-21
3.09195e-21
7.3308e-21
1.71928e-20
3.9889e-20
9.15596e-20
2.07937e-19
4.67273e-19
1.03908e-18
2.28668e-18
4.9804e-18
1.07364e-17
2.29099e-17
4.83929e-17
1.01197e-16
2.09512e-16
4.29472e-16
8.71716e-16
1.75209e-15
3.48747e-15
6.87482e-15
1.34227e-14
2.59579e-14
4.97258e-14
9.43629e-14
1.77401e-13
3.30425e-13
6.09786e-13
1.11506e-12
2.0205e-12
3.62817e-12
6.4567e-12
1.13882e-11
1.99088e-11
3.44991e-11
5.92611e-11
1.00916e-10
1.70372e-10
2.8518e-10
4.73309e-10
7.78938e-10
1.27122e-09
2.05743e-09
3.30252e-09
5.25785e-09
8.30313e-09
1.30069e-08
2.02132e-08
3.11641e-08
4.76717e-08
7.23576e-08
1.08982e-07
1.62895e-07
2.41642e-07
3.55778e-07
5.19954e-07
7.5433e-07
1.08643e-06
1.55356e-06
2.20581e-06
3.11002e-06
4.35461e-06
6.05574e-06
8.36478e-06
1.14776e-05
1.56459e-05
2.11906e-05
2.85182e-05
3.814e-05
5.06949e-05
6.69758e-05
8.79605e-05
0.000114847
0.000149095
0.000192469
0.000247097
0.000315521
0.000400766
0.000506415
0.000636681
0.000796501
0.000991626
0.00122872
0.00151548
0.00186073
0.00227457
0.00276847
0.00335543
0.00405009
0.00486887
0.00583011
0.00695417
0.00826357
0.00978309
0.0115398
0.0135633
0.0158854
0.0185407
0.0215658
0.0249999
0.0288844
0.0332625
0.0381794
0.0436815
0.0498165
0.0566324
0.0641775
0.0724994
0.0816444
0.0916569
0.102578
0.114446
0.127294
0.14115
0.156033
0.171958
0.18893
0.206943
0.225982
0.246023
0.267026
0.288941
0.311706
0.335244
0.359465
0.384269
0.40954
0.435151
0.460964
0.486831
0.512595
0.53809
0.563147
0.587591
0.611245
0.633931
0.655476
0.675709
0.694467
0.711594
0.726947
0.740394
0.751821
0.761126
0.768229
0.773067
0.775598
0.775799
0.77367
0.769232
0.762526
0.753613
0.742574
0.729506
0.714527
0.697765
0.679365
0.659481
0.638277
0.615924
0.592598
0.568476
0.543739
0.518564
0.493124
0.467591
0.442126
0.416886
0.392017
0.367656
0.34393
0.320956
0.298841
0.277682
0.257566
0.238573
0.220777
0.204248
0.189054
0.175265
0.162963
0.152245
0.143234
0.136096
0.131057
0.128425
0.128615
0.132171
0.156607
