0.157658
0.159536
0.161395
0.163225
0.165016
0.166757
0.168438
0.170045
0.171568
0.172994
0.174309
0.175501
0.176558
0.177465
0.178212
0.178786
0.179178
0.179379
0.179382
0.179183
0.178779
0.178172
0.177364
0.176361
0.175171
0.173806
0.172279
0.170603
0.168795
0.166873
0.164852
0.162751
0.160587
0.158374
0.15613
0.153868
0.1516
0.14934
0.147096
0.14488
0.142699
0.140563
0.138478
0.136451
0.13449
0.1326
0.130786
0.129053
0.127406
0.125847
0.124379
0.123003
0.12172
0.120528
0.119426
0.118411
0.117479
0.116626
0.115847
0.115136
0.114488
0.113896
0.113356
0.112863
0.11241
0.111994
0.11161
0.111254
0.110923
0.110613
0.110321
0.110043
0.109776
0.109517
0.109262
0.109007
0.108748
0.108481
0.108202
0.107908
0.107595
0.107259
0.106897
0.106509
0.106091
0.105644
0.105167
0.10466
0.104127
0.103567
0.102986
0.102386
0.101771
0.101145
0.100514
0.0998836
0.0992581
0.0986434
0.0980454
0.0974697
0.0969219
0.0964075
0.0959318
0.0954999
0.0951163
0.0947854
0.094511
0.0942962
0.0941437
0.0940553
0.0940324
0.0940753
0.0941838
0.0943568
0.0945925
0.0948885
0.0952416
0.095648
0.0961036
0.0966037
0.0971432
0.0977172
0.0983202
0.0989472
0.0995928
0.100252
0.100921
0.101594
0.102269
0.102941
0.103607
0.104266
0.104915
0.105554
0.10618
0.106794
0.107395
0.107984
0.108562
0.109129
0.109686
0.110235
0.110777
0.111314
0.111847
0.112377
0.112906
0.113436
0.113968
0.114503
0.115043
0.115589
0.116141
0.116702
0.117272
0.117852
0.118442
0.119043
0.119654
0.120276
0.120908
0.121549
0.122197
0.122851
0.123509
0.124169
0.124826
0.125478
0.12612
0.12675
0.127363
0.127954
0.12852
0.129057
0.129562
0.130031
0.130461
0.130852
0.131201
0.131508
0.131773
0.131997
0.132181
0.132328
0.132439
0.132518
0.132568
0.132592
0.132594
0.132575
0.13254
0.13249
0.132428
0.132356
0.132275
0.132186
0.13209
0.131987
0.131877
0.13176
0.131635
0.131501
0.131358
0.131205
0.131041
0.130864
0.130674
0.130468
0.130246
0.130005
0.129745
0.129462
0.129155
0.128823
0.128461
0.12807
0.127646
0.127187
0.126693
0.126161
0.125591
0.124982
0.124335
0.123649
0.122928
0.122171
0.121383
0.120565
0.119722
0.118857
0.117975
0.117079
0.116175
0.115266
0.114358
0.113453
0.112555
0.111669
0.110796
0.109939
0.1091
0.108281
0.107482
0.106705
0.10595
0.105218
0.104509
0.103822
0.103159
0.102518
0.101901
0.101307
0.100737
0.10019
0.099667
0.0991681
0.0986931
0.0982418
0.0978138
0.0974085
0.0970245
0.0966606
0.0963145
0.0959838
0.0956654
0.0953556
0.0950502
0.0947447
0.0944341
0.0941135
0.0937779
0.0934228
0.0930443
0.0926397
0.0922074
0.0917472
0.0912608
0.0907514
0.0902239
0.0896848
0.0891413
0.0886014
0.0880735
0.0875651
0.0870831
0.0866329
0.0862184
0.0858416
0.0855032
0.0852021
0.0849365
0.084704
0.0845025
0.0843303
0.0841868
0.0840728
0.0839903
0.0839426
0.0839339
0.0941688
