0.396632
0.386614
0.375698
0.364373
0.353037
0.341987
0.331422
0.321454
0.312125
0.303432
0.295336
0.287784
0.280717
0.274077
0.267812
0.261877
0.256235
0.250855
0.245717
0.2408
0.236092
0.231582
0.227263
0.223128
0.219175
0.2154
0.211802
0.208382
0.205139
0.202075
0.199191
0.19649
0.193975
0.191647
0.189509
0.187563
0.185811
0.184254
0.182892
0.181724
0.180749
0.179964
0.179365
0.178948
0.178706
0.178631
0.178714
0.178944
0.179311
0.179801
0.1804
0.181092
0.181862
0.182692
0.183564
0.18446
0.18536
0.186246
0.187097
0.187895
0.18862
0.189255
0.18978
0.19018
0.190439
0.190541
0.190474
0.190226
0.189788
0.189152
0.188312
0.187264
0.186008
0.184544
0.182876
0.181009
0.178952
0.176714
0.174309
0.171751
0.169057
0.166247
0.163341
0.160361
0.157331
0.154276
0.151223
0.148198
0.145227
0.142339
0.139561
0.136918
0.134438
0.132145
0.130062
0.128211
0.126612
0.125282
0.124236
0.123485
0.123038
0.1229
0.123074
0.123557
0.124345
0.125426
0.126789
0.128417
0.130288
0.132379
0.134662
0.137106
0.13968
0.142346
0.145067
0.147804
0.150517
0.153164
0.155706
0.158101
0.16031
0.162295
0.164021
0.165454
0.166565
0.167326
0.167715
0.167713
0.167307
0.166487
0.165248
0.16359
0.161519
0.159046
0.156183
0.152952
0.149375
0.145481
0.141299
0.136866
0.132218
0.127395
0.122441
0.117397
0.112311
0.107228
0.102194
0.097257
0.0924624
0.0878564
0.0834839
0.0793884
0.0756119
0.0721942
0.0691726
0.066582
0.0644538
0.0628158
0.0616919
0.0611013
0.0610583
0.0615715
0.0626436
0.0642706
0.0664418
0.0691388
0.0723358
0.0759989
0.0800863
0.0845484
0.0893277
0.0943597
0.0995731
0.104891
0.110232
0.11551
0.120639
0.125531
0.130099
0.134261
0.137937
0.141056
0.143554
0.145376
0.14648
0.146835
0.146423
0.145239
0.143293
0.140606
0.137214
0.133163
0.12851
0.123321
0.11767
0.111635
0.105298
0.0987448
0.0920571
0.0853165
0.0786004
0.0719808
0.0655232
0.0592858
0.0533188
0.047664
0.0423553
0.0374183
0.0328714
0.0287267
0.0249905
0.0216653
0.0187504
0.0162442
0.0141448
0.012452
0.0111688
0.0103022
0.0098641
0.00987235
0.0103504
0.0113271
0.0128354
0.0149109
0.0175888
0.0209012
0.0248724
0.0295151
0.034825
0.0407764
0.0473175
0.054367
0.0618118
0.0695064
0.0772749
0.0849144
0.0922022
0.0989046
0.104787
0.109629
0.113232
0.115437
0.116134
0.115267
0.112846
0.108941
0.103684
0.097259
0.0898937
0.0818434
0.0733777
0.0647641
0.0562539
0.0480698
0.0403958
0.0333721
0.0270921
0.021604
0.0169149
0.0129972
0.00979635
0.00723919
0.00524194
0.00371725
0.00257995
0.00175138
0.00116205
0.000753049
0.000476246
0.000293682
0.000176425
0.000103146
5.8626e-05
3.23568e-05
1.73193e-05
8.97815e-06
4.50072e-06
2.1782e-06
1.01588e-06
4.55663e-07
1.96124e-07
8.08013e-08
3.17756e-08
1.18901e-08
4.21826e-09
1.41304e-09
4.44824e-10
1.30867e-10
3.57469e-11
8.99527e-12
2.06545e-12
4.27653e-13
7.86462e-14
1.2593e-14
1.70827e-15
1.88639e-16
1.59144e-17
9.12901e-19
2.6745e-20
1.39589e-28
