0.163082
0.163815
0.164166
0.164146
0.163768
0.163048
0.161998
0.160633
0.158964
0.157003
0.154762
0.152252
0.149484
0.14647
0.143223
0.139757
0.136089
0.132237
0.128221
0.124067
0.1198
0.115449
0.111047
0.106628
0.102227
0.0978802
0.0936249
0.0894958
0.0855258
0.0817436
0.0781733
0.0748324
0.0717314
0.0688729
0.0662514
0.0638536
0.0616587
0.0596402
0.0577669
0.0560051
0.0543207
0.0526814
0.0510589
0.0494308
0.0477821
0.0461065
0.0444069
0.0426953
0.0409921
0.0393252
0.0377285
0.0362395
0.0348974
0.0337408
0.0328057
0.0321231
0.0317176
0.031606
0.0317968
0.0322895
0.0330752
0.0341368
0.0354508
0.036988
0.0387154
0.0405976
0.0425983
0.0446819
0.0468141
0.048963
0.0510995
0.053197
0.0552317
0.057182
0.0590281
0.0607512
0.0623333
0.0637572
0.0650057
0.0660621
0.0669109
0.0675375
0.0679296
0.0680778
0.0679761
0.0676226
0.0670204
0.0661774
0.0651069
0.0638269
0.0623601
0.0607333
0.058976
0.0571205
0.0551999
0.0532479
0.0512973
0.0493799
0.047525
0.0457594
0.044107
0.0425884
0.041221
0.0400191
0.0389941
0.0381545
0.0375068
0.0370553
0.0368026
0.0367502
0.0368985
0.0372473
0.0377958
0.0385432
0.0394883
0.0406301
0.0419679
0.0435009
0.0452287
0.0471512
0.0492683
0.0515806
0.0540885
0.0567929
0.0596945
0.0627942
0.0660926
0.0695901
0.0732862
0.0771797
0.0812683
0.0855478
0.0900123
0.0946535
0.0994601
0.104418
0.109509
0.114711
0.119998
0.125341
0.130705
0.136052
0.14134
0.146524
0.151556
0.156388
0.16097
0.165252
0.169189
0.172735
0.17585
0.178501
0.18066
0.182305
0.183426
0.184019
0.184089
0.183651
0.18273
0.181355
0.179565
0.177406
0.174924
0.172175
0.169211
0.166088
0.162859
0.159578
0.156292
0.153046
0.14988
0.146827
0.143916
0.141169
0.138603
0.13623
0.134058
0.132087
0.130317
0.128745
0.127363
0.126163
0.125135
0.124271
0.123559
0.122989
0.122552
0.122238
0.122037
0.121943
0.121946
0.122041
0.122221
0.122478
0.122809
0.123205
0.123663
0.124176
0.12474
0.125348
0.125997
0.126679
0.127391
0.128127
0.128884
0.129656
0.13044
0.131232
0.13203
0.132831
0.133634
0.134439
0.135243
0.136049
0.136857
0.13767
0.138489
0.139319
0.140162
0.141023
0.141906
0.142816
0.143757
0.144735
0.145754
0.146818
0.14793
0.149094
0.150312
0.151585
0.152914
0.154299
0.155736
0.157224
0.158758
0.160333
0.161942
0.163577
0.16523
0.166892
0.168553
0.170203
0.171832
0.173428
0.174984
0.176488
0.177934
0.179314
0.180623
0.181857
0.183014
0.184094
0.185099
0.186032
0.1869
0.18771
0.18847
0.189191
0.18988
0.190547
0.191198
0.191839
0.19247
0.193089
0.193687
0.194253
0.194768
0.195212
0.195559
0.195784
0.19586
0.195765
0.195479
0.194993
0.194304
0.193419
0.192353
0.191131
0.189781
0.188334
0.186818
0.185256
0.183659
0.182029
0.180352
0.178607
0.176761
0.174781
0.172639
0.170315
0.16781
0.165143
0.162361
0.159533
0.156746
0.154103
0.151706
0.149656
0.148033
0.164808
