0
1.61918e-48
2.14873e-46
1.41979e-44
6.22804e-43
2.04039e-41
5.32512e-40
1.15325e-38
2.1317e-37
3.43309e-36
4.89366e-35
6.25117e-34
7.22815e-33
7.62832e-32
7.39926e-31
6.63556e-30
5.52982e-29
4.3015e-28
3.13543e-27
2.14904e-26
1.38931e-25
8.49491e-25
4.92503e-24
2.71349e-23
1.42368e-22
7.12657e-22
3.40942e-21
1.56137e-20
6.8548e-20
2.88896e-19
1.1703e-18
4.56223e-18
1.71341e-17
6.20582e-17
2.16978e-16
7.3301e-16
2.39473e-15
7.57199e-15
2.31904e-14
6.88447e-14
1.98244e-13
5.54099e-13
1.5042e-12
3.96848e-12
1.0181e-11
2.54127e-11
6.17504e-11
1.46144e-10
3.37049e-10
7.57857e-10
1.66215e-09
3.55744e-09
7.43343e-09
1.5171e-08
3.02551e-08
5.89834e-08
1.12458e-07
2.09777e-07
3.83014e-07
6.84768e-07
1.19929e-06
2.05842e-06
3.46389e-06
5.71738e-06
9.26028e-06
1.47245e-05
2.29954e-05
3.52887e-05
5.32394e-05
7.90043e-05
0.000115376
0.000165903
0.000235025
0.000328201
0.00045205
0.000614492
0.000824896
0.00109422
0.00143521
0.00186251
0.00239296
0.00304576
0.00384274
0.00480869
0.00597164
0.0073632
0.00901891
0.0109786
0.0132865
0.0159918
0.0191484
0.0228153
0.0270565
0.0319404
0.0375399
0.0439318
0.0511958
0.0594137
0.0686687
0.0790434
0.090619
0.103473
0.117679
0.133301
0.150396
0.16901
0.189174
0.210903
0.234195
0.259029
0.285362
0.313127
0.342233
0.372563
0.403977
0.436307
0.46936
0.502921
0.536752
0.570594
0.604173
0.637201
0.669381
0.70041
0.729984
0.757805
0.783583
0.807041
0.827924
0.845999
0.861061
0.872937
0.881491
0.886623
0.888272
0.886422
0.881093
0.87235
0.860295
0.84507
0.826849
0.805841
0.782279
0.756422
0.728545
0.69894
0.667904
0.635739
0.602748
0.569226
0.535459
0.501719
0.46826
0.435319
0.403109
0.371818
0.341612
0.31263
0.284986
0.258769
0.234043
0.210851
0.189214
0.169132
0.15059
0.133556
0.117985
0.103822
0.0910024
0.0794535
0.069099
0.0598591
0.0516521
0.0443962
0.0380104
0.0324161
0.0275372
0.0233012
0.0196399
0.0164893
0.0137901
0.0114877
0.00953236
0.00787901
0.00648702
0.00532013
0.00434613
0.0035366
0.00286665
0.00231455
0.0018615
0.00149129
0.00119006
0.000945976
0.000749026
0.00059077
0.000464137
0.000363229
0.000283152
0.00021987
0.000170067
0.000131033
0.000100565
7.68816e-05
5.8547e-05
4.44114e-05
3.35578e-05
2.5258e-05
1.89371e-05
1.41429e-05
1.05213e-05
7.79669e-06
5.7552e-06
4.23175e-06
3.09948e-06
2.26135e-06
1.64345e-06
1.18975e-06
8.57956e-07
6.16289e-07
4.40976e-07
3.14308e-07
2.23155e-07
1.57823e-07
1.11184e-07
7.80242e-08
5.45414e-08
3.79782e-08
2.63424e-08
1.82007e-08
1.25266e-08
8.58793e-09
5.86486e-09
3.98969e-09
2.70354e-09
1.8249e-09
1.22704e-09
8.2185e-10
5.48325e-10
3.64416e-10
2.41251e-10
1.59095e-10
1.04509e-10
6.8386e-11
4.45753e-11
2.89424e-11
1.87193e-11
1.20603e-11
7.73998e-12
4.94808e-12
3.151e-12
1.99882e-12
1.26303e-12
7.95e-13
4.98467e-13
3.11329e-13
1.93695e-13
1.20041e-13
7.41069e-14
4.55724e-14
2.79164e-14
1.70346e-14
1.03543e-14
6.26934e-15
3.78129e-15
2.27182e-15
1.35963e-15
8.10559e-16
4.81353e-16
2.84746e-16
1.6779e-16
9.84899e-17
5.7588e-17
3.35419e-17
1.94607e-17
1.12472e-17
6.47509e-18
3.71333e-18
2.12127e-18
1.2071e-18
6.84237e-19
3.86354e-19
2.1731e-19
1.21756e-19
6.79539e-20
3.77794e-20
2.09223e-20
1.1542e-20
6.34261e-21
3.47192e-21
1.89317e-21
1.02833e-21
5.56433e-22
2.99982e-22
1.61215e-22
8.65318e-23
4.67286e-23
2.61149e-23
1.67343e-23
1.78805e-23
