0.117328
0.115882
0.114514
0.113227
0.112024
0.110903
0.109864
0.108904
0.10802
0.107208
0.106463
0.105781
0.105159
0.104593
0.104078
0.103612
0.103193
0.102816
0.102482
0.102187
0.10193
0.10171
0.101525
0.101376
0.10126
0.101178
0.101129
0.101111
0.101125
0.10117
0.101243
0.101345
0.101473
0.101626
0.101801
0.101996
0.102208
0.102435
0.102673
0.102919
0.10317
0.103423
0.103676
0.103925
0.104169
0.104405
0.104633
0.10485
0.105058
0.105255
0.105442
0.105621
0.105791
0.105954
0.106113
0.10627
0.106425
0.106583
0.106745
0.106914
0.107093
0.107284
0.10749
0.107713
0.107957
0.108223
0.108515
0.108835
0.109184
0.109566
0.109981
0.110432
0.110919
0.111444
0.112005
0.112602
0.113235
0.113902
0.114601
0.115327
0.116079
0.116851
0.11764
0.11844
0.119246
0.120053
0.120855
0.121647
0.122424
0.12318
0.123912
0.124614
0.125282
0.125913
0.126505
0.127053
0.127558
0.128015
0.128426
0.128789
0.129103
0.129369
0.129588
0.12976
0.129886
0.129969
0.13001
0.130012
0.129976
0.129907
0.129805
0.129675
0.129519
0.129342
0.129144
0.12893
0.128703
0.128464
0.128216
0.12796
0.127699
0.127433
0.127163
0.12689
0.126612
0.12633
0.126043
0.12575
0.125449
0.125141
0.124823
0.124495
0.124156
0.123804
0.123439
0.123061
0.12267
0.122267
0.121852
0.121427
0.120994
0.120555
0.120112
0.119668
0.119226
0.11879
0.118364
0.117951
0.117555
0.11718
0.116831
0.11651
0.116222
0.115969
0.115755
0.115582
0.115452
0.115366
0.115326
0.115331
0.115382
0.115475
0.115611
0.115785
0.115995
0.116236
0.116505
0.116796
0.117103
0.117421
0.117743
0.118065
0.11838
0.118682
0.118965
0.119225
0.119457
0.119656
0.119821
0.119947
0.120034
0.12008
0.120085
0.12005
0.119977
0.119867
0.119723
0.11955
0.119351
0.11913
0.118894
0.118647
0.118395
0.118143
0.117898
0.117664
0.117448
0.117255
0.11709
0.116957
0.116861
0.116805
0.116792
0.116824
0.116905
0.117034
0.117213
0.117441
0.117718
0.118042
0.11841
0.118822
0.119272
0.119758
0.120275
0.120819
0.121386
0.12197
0.122568
0.123174
0.123783
0.124393
0.124998
0.125596
0.126185
0.126761
0.127324
0.127874
0.128409
0.128932
0.129442
0.129943
0.130435
0.13092
0.131402
0.131882
0.132362
0.132843
0.133326
0.133812
0.134299
0.134786
0.135271
0.135751
0.136224
0.136683
0.137126
0.137546
0.137939
0.138299
0.138621
0.138898
0.139127
0.1393
0.139414
0.139464
0.139444
0.139351
0.139181
0.13893
0.138594
0.138171
0.137659
0.137056
0.136361
0.135576
0.1347
0.133737
0.132689
0.131562
0.130361
0.129093
0.127766
0.126389
0.124972
0.123524
0.122057
0.120578
0.1191
0.11763
0.116178
0.114752
0.113358
0.112003
0.110691
0.109429
0.10822
0.107068
0.105977
0.104949
0.10399
0.103101
0.102286
0.101548
0.100888
0.10031
0.0998138
0.0993998
0.0990673
0.110009
