0.138832
0.138815
0.13881
0.138821
0.13885
0.138894
0.138947
0.139002
0.139051
0.139085
0.139096
0.139077
0.139022
0.138927
0.138794
0.138622
0.138417
0.138185
0.137933
0.137671
0.137405
0.137142
0.136888
0.136645
0.136412
0.136188
0.135968
0.135747
0.13552
0.135281
0.135026
0.134756
0.13447
0.134174
0.133877
0.133587
0.133321
0.133092
0.132918
0.132815
0.132802
0.132895
0.133109
0.133458
0.133953
0.134604
0.13542
0.136404
0.137562
0.138893
0.140398
0.142071
0.143908
0.145901
0.148038
0.150305
0.152686
0.155161
0.157708
0.160303
0.162916
0.16552
0.168081
0.170567
0.172945
0.17518
0.17724
0.179092
0.180707
0.182057
0.183117
0.183868
0.184293
0.184382
0.184126
0.183526
0.182585
0.181311
0.179719
0.177825
0.175654
0.173229
0.17058
0.167737
0.164734
0.161603
0.158378
0.155094
0.151781
0.148473
0.145196
0.14198
0.138847
0.13582
0.132917
0.130154
0.127545
0.1251
0.122825
0.120727
0.118808
0.117069
0.115508
0.114122
0.112907
0.111858
0.110967
0.110225
0.109624
0.109154
0.108804
0.108563
0.108419
0.108361
0.108375
0.108451
0.108576
0.108738
0.108927
0.109133
0.109347
0.109562
0.109771
0.10997
0.110157
0.11033
0.110491
0.110641
0.110784
0.110927
0.111076
0.111237
0.11142
0.11163
0.111877
0.112167
0.112507
0.112901
0.113352
0.113862
0.114431
0.115057
0.115735
0.116458
0.11722
0.11801
0.118816
0.119626
0.120427
0.121204
0.121942
0.122627
0.123244
0.12378
0.12422
0.124553
0.124769
0.124857
0.124811
0.124625
0.124296
0.123821
0.123201
0.12244
0.121543
0.120515
0.119367
0.118109
0.116753
0.115314
0.113806
0.112246
0.11065
0.109034
0.107417
0.105813
0.104239
0.10271
0.101239
0.0998384
0.0985183
0.0972875
0.0961528
0.0951189
0.0941887
0.0933633
0.092642
0.0920223
0.0915004
0.0910712
0.0907283
0.0904646
0.090272
0.0901422
0.0900663
0.0900354
0.0900404
0.0900727
0.090124
0.0901863
0.0902526
0.0903168
0.0903739
0.0904198
0.0904522
0.0904701
0.0904739
0.0904658
0.0904494
0.0904297
0.0904129
0.0904065
0.0904183
0.0904569
0.0905305
0.0906474
0.0908146
0.0910383
0.0913233
0.0916724
0.0920867
0.0925656
0.0931062
0.0937039
0.0943527
0.095045
0.0957723
0.0965253
0.0972945
0.0980702
0.098843
0.0996041
0.100345
0.101059
0.101738
0.102378
0.102971
0.103515
0.104003
0.104433
0.104799
0.1051
0.10533
0.105486
0.105567
0.10557
0.105493
0.105338
0.105104
0.104796
0.104419
0.103978
0.103484
0.102945
0.102373
0.101781
0.101182
0.100589
0.100015
0.0994711
0.0989685
0.0985156
0.0981191
0.0977834
0.0975105
0.0973003
0.0971506
0.0970573
0.0970147
0.0970159
0.0970536
0.0971196
0.0972061
0.0973056
0.0974112
0.0975169
0.0976179
0.0977105
0.0977922
0.0978617
0.0979187
0.0979639
0.0979987
0.0980249
0.0980448
0.0980605
0.0980741
0.0980873
0.0981015
0.0981173
0.098135
0.0981543
0.0981744
0.0981944
0.0982136
0.0982314
0.0982478
0.0982635
0.0982802
0.10817
