0.0032072
0.0033971
0.00372294
0.00420685
0.00487519
0.0057574
0.0068842
0.0082853
0.00998674
0.0120082
0.0143602
0.0170424
0.0200419
0.0233331
0.0268785
0.0306306
0.0345354
0.0385357
0.0425757
0.0466054
0.0505845
0.0544861
0.0582984
0.0620266
0.0656924
0.0693327
0.0729972
0.0767453
0.0806416
0.084752
0.0891388
0.0938563
0.0989474
0.104439
0.110343
0.116648
0.123327
0.130332
0.137601
0.145054
0.152603
0.160154
0.16761
0.174877
0.181865
0.188497
0.194703
0.200427
0.205627
0.210269
0.214332
0.217803
0.220671
0.222933
0.224587
0.225629
0.226059
0.225878
0.225086
0.223689
0.221698
0.219129
0.216008
0.212368
0.208255
0.203721
0.198828
0.193646
0.18825
0.182716
0.177123
0.171546
0.166056
0.160719
0.155591
0.15072
0.146144
0.14189
0.137976
0.13441
0.131191
0.128312
0.125757
0.123509
0.121542
0.119832
0.118352
0.117073
0.115969
0.115014
0.114184
0.113457
0.112816
0.112243
0.111728
0.111259
0.11083
0.110438
0.110081
0.10976
0.109477
0.109237
0.109043
0.108902
0.108817
0.108793
0.108834
0.108942
0.109117
0.109359
0.109663
0.110024
0.110436
0.110889
0.111371
0.11187
0.112372
0.112861
0.113324
0.113742
0.114102
0.114388
0.114586
0.114685
0.114672
0.11454
0.114282
0.113894
0.113373
0.112721
0.11194
0.111038
0.110021
0.108901
0.10769
0.106403
0.105055
0.103666
0.102254
0.100841
0.0994478
0.0980987
0.0968173
0.0956285
0.0945579
0.0936316
0.0928765
0.0923192
0.0919867
0.0919055
0.0921016
0.0925998
0.0934233
0.0945929
0.0961265
0.0980381
0.100337
0.103028
0.106108
0.109567
0.113389
0.117548
0.122008
0.126727
0.131653
0.136724
0.141874
0.147027
0.152105
0.157025
0.161705
0.166062
0.170018
0.173501
0.176446
0.178801
0.180522
0.181581
0.181966
0.181676
0.180728
0.17915
0.176987
0.174291
0.171127
0.167565
0.163679
0.159547
0.155246
0.150849
0.146426
0.14204
0.137746
0.133592
0.129616
0.125846
0.122304
0.119
0.115941
0.113126
0.110547
0.108196
0.10606
0.104123
0.102371
0.100789
0.0993611
0.0980747
0.0969173
0.0958785
0.0949491
0.0941219
0.0933909
0.0927515
0.0922
0.0917337
0.0913505
0.0910486
0.0908266
0.0906828
0.0906158
0.0906236
0.0907044
0.0908554
0.0910741
0.091357
0.0917006
0.092101
0.0925537
0.0930541
0.0935974
0.0941786
0.0947922
0.0954332
0.0960962
0.0967758
0.0974669
0.0981644
0.0988634
0.0995594
0.100248
0.100925
0.101587
0.102231
0.102854
0.103453
0.104027
0.104574
0.105093
0.105585
0.106048
0.106484
0.106894
0.107279
0.107641
0.107984
0.108309
0.108621
0.108922
0.109217
0.109511
0.109807
0.110111
0.110428
0.110761
0.111117
0.1115
0.111915
0.112367
0.112859
0.113396
0.113981
0.114619
0.115311
0.116062
0.116874
0.117752
0.118698
0.119717
0.120814
0.121995
0.123267
0.124637
0.12611
0.127691
0.129383
0.131181
0.133077
0.135052
0.137077
0.139113
0.14111
0.143009
0.144748
0.146265
0.147507
0.148441
0.149056
0.149376
0.16893
