0.109672
0.109367
0.109159
0.109059
0.109069
0.10918
0.109377
0.109638
0.109938
0.110251
0.110553
0.110823
0.111046
0.111213
0.111323
0.111377
0.111382
0.111347
0.111282
0.111196
0.111097
0.11099
0.110877
0.110759
0.110634
0.1105
0.110355
0.110194
0.110019
0.109829
0.109628
0.109419
0.10921
0.109009
0.108824
0.108664
0.10854
0.108458
0.108428
0.108453
0.108538
0.108685
0.108893
0.10916
0.109482
0.109853
0.110266
0.110712
0.111185
0.111675
0.112174
0.112675
0.113172
0.113661
0.114139
0.114606
0.115065
0.115519
0.115976
0.116444
0.116934
0.117459
0.118033
0.118669
0.119384
0.120191
0.121105
0.122139
0.123302
0.124604
0.126051
0.127645
0.129388
0.131275
0.133299
0.13545
0.137714
0.140076
0.142514
0.145008
0.147534
0.150064
0.152574
0.155034
0.157417
0.159696
0.161844
0.163834
0.165644
0.167252
0.168637
0.169783
0.170677
0.171308
0.171668
0.171755
0.171567
0.171109
0.170388
0.169414
0.168203
0.166772
0.165141
0.163335
0.16138
0.159303
0.157136
0.154908
0.152651
0.150397
0.148177
0.146021
0.143955
0.142007
0.140198
0.138548
0.137073
0.135785
0.134691
0.133795
0.133099
0.132596
0.132281
0.132142
0.132166
0.132336
0.132634
0.133041
0.133536
0.134098
0.134704
0.135333
0.135964
0.136577
0.137152
0.137671
0.138117
0.138475
0.13873
0.13887
0.138885
0.138766
0.138506
0.1381
0.137545
0.136839
0.135984
0.134982
0.133837
0.132556
0.131147
0.12962
0.127985
0.126254
0.124442
0.122561
0.120627
0.118655
0.116659
0.114654
0.112654
0.110675
0.108728
0.106825
0.104979
0.1032
0.101495
0.0998733
0.0983412
0.0969039
0.095566
0.0943304
0.0931996
0.0921748
0.0912565
0.0904445
0.0897378
0.0891351
0.0886345
0.0882336
0.0879298
0.0877203
0.0876021
0.0875721
0.0876269
0.0877633
0.0879779
0.0882673
0.0886281
0.0890567
0.0895497
0.0901031
0.0907131
0.0913755
0.0920858
0.092839
0.0936299
0.0944528
0.0953014
0.0961692
0.097049
0.0979333
0.0988145
0.0996847
0.100536
0.10136
0.10215
0.102898
0.103598
0.104243
0.104829
0.10535
0.105804
0.106187
0.106497
0.106733
0.106893
0.106976
0.106983
0.106914
0.106769
0.10655
0.106258
0.105896
0.105467
0.104977
0.104431
0.103839
0.103208
0.102552
0.101883
0.101215
0.100562
0.0999421
0.099369
0.0988578
0.0984218
0.0980724
0.0978184
0.0976659
0.0976179
0.0976741
0.0978314
0.0980838
0.0984232
0.0988395
0.0993217
0.0998582
0.100438
0.10105
0.101685
0.102335
0.102995
0.103661
0.104329
0.104998
0.10567
0.106343
0.107018
0.107696
0.108376
0.109055
0.109732
0.110403
0.111064
0.111709
0.112334
0.112937
0.113515
0.114068
0.114598
0.11511
0.115612
0.116114
0.116626
0.117162
0.117735
0.118357
0.119038
0.119789
0.120613
0.121514
0.122489
0.123531
0.124632
0.125776
0.126949
0.12813
0.1293
0.130436
0.131517
0.132524
0.133435
0.134234
0.134906
0.135438
0.135821
0.136049
0.136119
0.150053
