0.0940013
0.0940871
0.094206
0.0943598
0.09455
0.0947777
0.0950433
0.0953468
0.0956876
0.0960646
0.0964763
0.0969207
0.0973957
0.0978988
0.0984275
0.0989791
0.0995512
0.100141
0.100746
0.101364
0.101992
0.102627
0.103267
0.10391
0.104551
0.10519
0.105821
0.106444
0.107053
0.107648
0.108225
0.108781
0.109315
0.109824
0.110308
0.110766
0.111197
0.111602
0.111982
0.112337
0.112668
0.112979
0.11327
0.113544
0.113804
0.11405
0.114287
0.114514
0.114735
0.114951
0.115162
0.115371
0.115576
0.11578
0.115982
0.116181
0.116378
0.116572
0.116762
0.116947
0.117126
0.117297
0.117461
0.117614
0.117756
0.117885
0.117999
0.118098
0.118178
0.118239
0.11828
0.118299
0.118295
0.118268
0.118216
0.118141
0.118041
0.117918
0.117772
0.117605
0.117419
0.117214
0.116994
0.116761
0.116518
0.116268
0.116014
0.115759
0.115506
0.115258
0.11502
0.114792
0.114579
0.114382
0.114204
0.114046
0.11391
0.113796
0.113706
0.113639
0.113595
0.113573
0.113573
0.113593
0.113632
0.113687
0.113756
0.113837
0.113929
0.114027
0.11413
0.114236
0.114341
0.114445
0.114544
0.114638
0.114724
0.114802
0.11487
0.114927
0.114975
0.115011
0.115038
0.115054
0.115062
0.115062
0.115056
0.115045
0.11503
0.115015
0.115
0.114989
0.114981
0.11498
0.114988
0.115006
0.115035
0.115077
0.115133
0.115203
0.115289
0.11539
0.115507
0.115639
0.115785
0.115945
0.116117
0.116301
0.116494
0.116695
0.116902
0.117113
0.117326
0.117539
0.11775
0.117958
0.118159
0.118354
0.11854
0.118715
0.118879
0.119031
0.119171
0.119297
0.11941
0.11951
0.119597
0.119672
0.119736
0.119789
0.119833
0.11987
0.119899
0.119924
0.119945
0.119964
0.119982
0.12
0.12002
0.120043
0.120069
0.120099
0.120134
0.120175
0.120221
0.120273
0.12033
0.120392
0.120459
0.120531
0.120606
0.120684
0.120764
0.120846
0.120929
0.121011
0.121092
0.121172
0.121249
0.121323
0.121394
0.121461
0.121524
0.121583
0.121638
0.12169
0.12174
0.121786
0.121831
0.121876
0.121921
0.121967
0.122015
0.122066
0.122122
0.122182
0.122249
0.122321
0.1224
0.122486
0.122579
0.122678
0.122784
0.122895
0.123011
0.123132
0.123256
0.123382
0.123509
0.123636
0.123762
0.123885
0.124005
0.12412
0.124229
0.124331
0.124425
0.12451
0.124586
0.124652
0.124708
0.124753
0.124788
0.124813
0.124829
0.124836
0.124837
0.124832
0.124824
0.124814
0.124806
0.124801
0.124803
0.124814
0.124838
0.124878
0.124936
0.125015
0.125118
0.125248
0.125405
0.125593
0.125811
0.126062
0.126345
0.12666
0.127008
0.127388
0.127798
0.128237
0.128703
0.129195
0.12971
0.130246
0.130801
0.131372
0.131957
0.132552
0.133155
0.133764
0.134376
0.134988
0.135597
0.136202
0.136801
0.137391
0.137971
0.138539
0.139094
0.139635
0.140162
0.140672
0.141167
0.141645
0.142106
0.142549
0.142975
0.143382
0.14377
0.158187
