0.0959033
0.0962619
0.0967095
0.0972574
0.0979173
0.0987005
0.0996174
0.100676
0.101884
0.103244
0.104757
0.106421
0.108231
0.11018
0.112259
0.11446
0.116773
0.119186
0.121693
0.124283
0.126951
0.12969
0.132495
0.135359
0.138277
0.141243
0.144249
0.147284
0.150337
0.153393
0.156437
0.159449
0.162408
0.165293
0.168079
0.170743
0.173261
0.175611
0.177769
0.179717
0.181438
0.182916
0.18414
0.185102
0.185797
0.186221
0.186377
0.186266
0.185896
0.185273
0.184408
0.183311
0.181996
0.180476
0.178767
0.176884
0.174845
0.172667
0.170369
0.167971
0.165492
0.162952
0.160371
0.15777
0.155167
0.152581
0.15003
0.147531
0.145097
0.142743
0.140481
0.13832
0.136269
0.134334
0.132521
0.130833
0.129273
0.127842
0.12654
0.125368
0.124322
0.123403
0.122605
0.121927
0.121363
0.120909
0.120559
0.120306
0.120144
0.120064
0.120059
0.12012
0.120236
0.120399
0.120597
0.120822
0.121061
0.121306
0.121545
0.121771
0.121975
0.122147
0.122282
0.122372
0.122414
0.122403
0.122336
0.122212
0.12203
0.121791
0.121496
0.121148
0.12075
0.120306
0.119822
0.119303
0.118754
0.118181
0.117592
0.116992
0.116389
0.115789
0.115198
0.114623
0.114071
0.113546
0.113055
0.112602
0.112193
0.111831
0.111521
0.111266
0.111067
0.110927
0.110847
0.110827
0.110866
0.110965
0.111121
0.111332
0.111596
0.111908
0.112265
0.112663
0.113099
0.113567
0.114065
0.114587
0.115132
0.115696
0.116276
0.116872
0.117483
0.118108
0.118747
0.119402
0.120075
0.120768
0.121483
0.122224
0.122992
0.12379
0.12462
0.125484
0.126383
0.127316
0.128282
0.129279
0.130304
0.131352
0.132417
0.133494
0.134573
0.135647
0.136706
0.137741
0.138741
0.139697
0.1406
0.141438
0.142205
0.142891
0.143489
0.143993
0.144396
0.144696
0.144887
0.144968
0.144936
0.144791
0.144532
0.14416
0.143676
0.14308
0.142376
0.141564
0.140649
0.139632
0.138518
0.137309
0.136012
0.134629
0.133167
0.131631
0.130027
0.128361
0.12664
0.12487
0.123059
0.121214
0.11934
0.117445
0.115535
0.113616
0.111693
0.109772
0.107859
0.105957
0.104072
0.102208
0.100371
0.0985644
0.096794
0.0950649
0.0933829
0.0917535
0.0901827
0.0886765
0.0872406
0.0858805
0.0846012
0.0834072
0.0823018
0.0812875
0.0803657
0.0795363
0.0787979
0.0781481
0.0775829
0.0770972
0.076685
0.0763395
0.076053
0.0758179
0.0756261
0.0754699
0.0753419
0.075235
0.0751433
0.0750614
0.0749851
0.074911
0.0748369
0.0747617
0.0746849
0.0746072
0.0745298
0.0744546
0.0743841
0.0743209
0.0742681
0.0742289
0.0742064
0.074204
0.0742249
0.0742723
0.0743494
0.0744595
0.0746056
0.0747911
0.075019
0.0752925
0.0756148
0.0759887
0.076417
0.0769021
0.0774457
0.0780492
0.0787131
0.0794371
0.0802201
0.0810599
0.0819535
0.0828967
0.0838845
0.0849109
0.0859688
0.0870502
0.0881457
0.0892452
0.0903371
0.0914087
0.0924461
0.0934347
0.0943592
0.0952046
0.0959567
0.0966029
0.0971337
0.108239
