5.68048e-60
5.81961e-60
1.09753e-59
2.38263e-59
5.28337e-59
1.17304e-58
2.59927e-58
5.74498e-58
1.26643e-57
2.78437e-57
6.10549e-57
1.33526e-56
2.91249e-56
6.33598e-56
1.37473e-55
2.97493e-55
6.42083e-55
1.38217e-54
2.9675e-54
6.35445e-54
1.35714e-53
2.89089e-53
6.14187e-53
1.30146e-52
2.75059e-52
5.79808e-52
1.21901e-51
2.55622e-51
5.34633e-51
1.11527e-50
2.32047e-50
4.81548e-50
9.96724e-50
2.0577e-49
4.23704e-49
8.70194e-49
1.78256e-48
3.64207e-48
7.42215e-48
1.50865e-47
3.05862e-47
6.18503e-47
1.24749e-46
2.50967e-46
5.03591e-46
1.00791e-45
2.0121e-45
4.00648e-45
7.95724e-45
1.57634e-44
3.11475e-44
6.13884e-44
1.20681e-43
2.36638e-43
4.62828e-43
9.02918e-43
1.75699e-42
3.41026e-42
6.60236e-42
1.27499e-41
2.45593e-41
4.71869e-41
9.04336e-41
1.7288e-40
3.29667e-40
6.27109e-40
1.19012e-39
2.25379e-39
4.26107e-39
8.05087e-39
1.52333e-38
2.89878e-38
5.59339e-38
1.11076e-37
2.32438e-37
5.28081e-37
1.3344e-36
3.75978e-36
1.15583e-35
3.75531e-35
1.25437e-34
4.22863e-34
1.42323e-33
4.75453e-33
1.57171e-32
5.13329e-32
1.65523e-31
5.26762e-31
1.6543e-30
5.12687e-30
1.56804e-29
4.73329e-29
1.41031e-28
4.14815e-28
1.20458e-27
3.45382e-27
9.7791e-27
2.73451e-26
7.5524e-26
2.06046e-25
5.5534e-25
1.47882e-24
3.89111e-24
1.01176e-23
2.59997e-23
6.60369e-23
1.65795e-22
4.11495e-22
1.00972e-21
2.44975e-21
5.87708e-21
1.3943e-20
3.2715e-20
7.59213e-20
1.74278e-19
3.95749e-19
8.89054e-19
1.97606e-18
4.34581e-18
9.45736e-18
2.03672e-17
4.34095e-17
9.15722e-17
1.91204e-16
3.95201e-16
8.08636e-16
1.63808e-15
3.28542e-15
6.52456e-15
1.28305e-14
2.49862e-14
4.81889e-14
9.20474e-14
1.7415e-13
3.26369e-13
6.05896e-13
1.11434e-12
2.03045e-12
3.66568e-12
6.55734e-12
1.16236e-11
2.04184e-11
3.55465e-11
6.13329e-11
1.04891e-10
1.77812e-10
2.98805e-10
4.97791e-10
8.22178e-10
1.34639e-09
2.18623e-09
3.52017e-09
5.6209e-09
8.90124e-09
1.39807e-08
2.17805e-08
3.3659e-08
5.1601e-08
7.84819e-08
1.18432e-07
1.77332e-07
2.63486e-07
3.8852e-07
5.68579e-07
8.25892e-07
1.19082e-06
1.70451e-06
2.42224e-06
3.41773e-06
4.78853e-06
6.66268e-06
9.20703e-06
1.26374e-05
1.72306e-05
2.33399e-05
3.14117e-05
4.20076e-05
5.58279e-05
7.37414e-05
9.68175e-05
0.000126365
0.000163977
0.000211578
0.000271479
0.000346444
0.000439756
0.000555293
0.000697614
0.000872047
0.00108479
0.00134303
0.00165502
0.00203023
0.00247949
0.00301505
0.00365081
0.00440235
0.00528716
0.00632471
0.00753659
0.00894662
0.010581
0.0124682
0.0146394
0.017128
0.0199701
0.023204
0.0268705
0.0310125
0.0356747
0.0409037
0.0467471
0.0532535
0.0604719
0.0684509
0.0772382
0.08688
0.0974198
0.108898
0.12135
0.134808
0.149295
0.164829
0.18142
0.199066
0.217759
0.237476
0.258186
0.279842
0.302387
0.325749
0.349845
0.374576
0.399832
0.425489
0.451412
0.477456
0.503464
0.529272
0.55471
0.579603
0.60377
0.627033
0.649214
0.670137
0.689634
0.707544
0.723717
0.738013
0.75031
0.760499
0.768491
0.774214
0.777618
0.778672
0.777369
0.77372
0.76776
0.759543
0.749143
0.736655
0.722188
0.705869
0.687839
0.668249
0.647263
0.625049
0.601782
0.577643
0.552809
0.527459
0.501769
0.475908
0.450039
0.424319
0.398893
0.373895
0.349451
0.325673
0.30266
0.2805
0.25927
0.239033
0.219844
0.201744
0.184768
0.168944
0.15429
0.140825
0.128563
0.11752
0.10772
0.0991961
0.0920029
0.0862241
0.0819884
0.0794885
0.0790048
0.0809323
0.0961357
