1.58434e-08
1.38679e-08
1.37336e-08
1.49086e-08
1.71901e-08
2.05559e-08
2.50971e-08
3.09906e-08
3.84901e-08
4.79291e-08
5.97291e-08
7.44142e-08
9.26289e-08
1.15161e-07
1.42972e-07
1.77224e-07
2.1933e-07
2.70992e-07
3.34264e-07
4.11615e-07
5.06007e-07
6.20992e-07
7.60812e-07
9.30532e-07
1.13618e-06
1.38492e-06
1.68526e-06
2.04725e-06
2.48277e-06
3.00586e-06
3.63299e-06
4.38354e-06
5.28022e-06
6.34956e-06
7.62259e-06
9.13541e-06
1.093e-05
1.30552e-05
1.55672e-05
1.85315e-05
2.20231e-05
2.61286e-05
3.09474e-05
3.65935e-05
4.31972e-05
5.09071e-05
5.98927e-05
7.03466e-05
8.2487e-05
9.6561e-05
0.000112848
0.000131662
0.000153356
0.000178328
0.000207021
0.000239931
0.000277611
0.000320675
0.000369804
0.000425754
0.000489357
0.00056153
0.000643282
0.000735718
0.000840047
0.000957589
0.00108978
0.00123817
0.00140446
0.00159046
0.00179813
0.00202958
0.00228707
0.002573
0.00288994
0.00324062
0.00362792
0.00405488
0.00452471
0.00504075
0.00560652
0.00622567
0.00690199
0.0076394
0.00844192
0.00931369
0.0102589
0.0112819
0.012387
0.0135785
0.0148609
0.0162384
0.0177154
0.0192959
0.0209843
0.0227842
0.0246997
0.0267341
0.0288908
0.0311728
0.0335829
0.0361232
0.038796
0.0416026
0.0445442
0.0476214
0.0508344
0.0541829
0.0576658
0.0612819
0.0650291
0.0689049
0.0729062
0.0770294
0.0812703
0.0856244
0.0900864
0.0946508
0.0993115
0.104062
0.108896
0.113806
0.118784
0.123824
0.128917
0.134056
0.139233
0.144439
0.149667
0.15491
0.160158
0.165405
0.170643
0.175865
0.181063
0.186231
0.191362
0.196449
0.201486
0.206466
0.211384
0.216233
0.221006
0.225699
0.230305
0.234817
0.23923
0.243538
0.247733
0.25181
0.255761
0.259581
0.263261
0.266796
0.270178
0.2734
0.276456
0.279339
0.282044
0.284565
0.286897
0.289036
0.290978
0.292722
0.294266
0.295612
0.296759
0.297713
0.298476
0.299056
0.299461
0.299699
0.299781
0.299719
0.299527
0.299219
0.298808
0.298312
0.297743
0.297119
0.296451
0.295755
0.295041
0.29432
0.293599
0.292883
0.292175
0.291474
0.290777
0.290076
0.289361
0.288619
0.287834
0.286987
0.286056
0.285021
0.283857
0.28254
0.281048
0.279358
0.277452
0.275314
0.27293
0.270295
0.267407
0.26427
0.260897
0.257307
0.253526
0.249588
0.245534
0.241411
0.237271
0.233172
0.229172
0.225333
0.221714
0.218372
0.215358
0.212718
0.210485
0.208684
0.207323
0.206397
0.205886
0.205752
0.205941
0.206383
0.206994
0.207677
0.208326
0.208828
0.209066
0.208925
0.208293
0.20707
0.205167
0.202513
0.199057
0.19477
0.189651
0.183723
0.177038
0.169675
0.161739
0.153363
0.144701
0.135928
0.12724
0.118845
0.110961
0.103811
0.0976149
0.0925829
0.0889031
0.0867322
0.0861817
0.0873046
0.0900822
0.0944127
0.100103
0.106865
0.11432
0.122011
0.129424
0.136017
0.141256
0.144659
0.145833
0.144515
0.140597
0.134141
0.125379
0.114694
0.102587
0.0896294
0.076415
0.0635057
0.0513877
0.0404376
0.0309036
0.0229029
0.016433
0.0113945
0.00761936
0.00490188
0.00302578
0.00178632
0.00100481
0.000536104
0.000269807
0.000127208
5.5699e-05
2.23929e-05
8.1412e-06
2.62095e-06
7.25887e-07
1.67464e-07
3.36049e-08
1.15915e-08
