0.0862168
0.0858746
0.0855944
0.0853768
0.0852218
0.0851287
0.0850962
0.0851218
0.0852027
0.085335
0.0855148
0.0857374
0.0859983
0.0862929
0.0866167
0.0869657
0.0873362
0.0877248
0.0881286
0.088545
0.0889717
0.0894064
0.0898472
0.090292
0.0907388
0.0911854
0.0916299
0.0920702
0.0925043
0.0929305
0.0933471
0.0937529
0.094147
0.0945289
0.0948987
0.0952568
0.095604
0.0959418
0.096272
0.0965966
0.0969181
0.0972392
0.0975627
0.0978915
0.0982286
0.098577
0.0989393
0.0993182
0.0997161
0.100135
0.100576
0.101042
0.101532
0.102048
0.102588
0.103153
0.103742
0.104353
0.104984
0.105633
0.106298
0.106976
0.107665
0.10836
0.10906
0.109761
0.110461
0.111156
0.111845
0.112524
0.113191
0.113846
0.114485
0.115108
0.115713
0.1163
0.116868
0.117417
0.117946
0.118456
0.118947
0.119421
0.119877
0.120318
0.120744
0.121157
0.121559
0.121952
0.122337
0.122717
0.123093
0.123467
0.123841
0.124217
0.124594
0.124975
0.125359
0.125747
0.126138
0.12653
0.126924
0.127317
0.127706
0.128089
0.128463
0.128824
0.12917
0.129496
0.1298
0.130077
0.130324
0.130538
0.130717
0.130857
0.130957
0.131014
0.131028
0.130998
0.130924
0.130806
0.130644
0.130439
0.130194
0.12991
0.129591
0.129237
0.128854
0.128443
0.12801
0.127557
0.127088
0.126609
0.126121
0.125631
0.125141
0.124655
0.124177
0.12371
0.123256
0.122819
0.122399
0.121999
0.121619
0.121261
0.120924
0.120607
0.120311
0.120034
0.119774
0.11953
0.119299
0.11908
0.11887
0.118668
0.118471
0.118277
0.118084
0.117892
0.117699
0.117504
0.117306
0.117106
0.116904
0.1167
0.116495
0.116291
0.116089
0.11589
0.115697
0.115511
0.115334
0.115169
0.115017
0.11488
0.11476
0.114658
0.114575
0.114512
0.11447
0.114449
0.114449
0.114469
0.114509
0.114568
0.114644
0.114736
0.114841
0.114957
0.115082
0.115214
0.115349
0.115484
0.115618
0.115748
0.115869
0.115981
0.116081
0.116167
0.116237
0.11629
0.116325
0.116342
0.11634
0.11632
0.116284
0.116234
0.11617
0.116097
0.116018
0.115935
0.115854
0.115778
0.115712
0.11566
0.115627
0.115617
0.115635
0.115684
0.115768
0.115889
0.116051
0.116256
0.116503
0.116796
0.117133
0.117516
0.117941
0.11841
0.118919
0.119468
0.120052
0.12067
0.121319
0.121995
0.122694
0.123414
0.124149
0.124897
0.125654
0.126415
0.127177
0.127936
0.12869
0.129435
0.130169
0.130889
0.131595
0.132285
0.132958
0.133615
0.134255
0.134881
0.135492
0.136091
0.136678
0.137255
0.137824
0.138385
0.138938
0.139484
0.140023
0.140554
0.141074
0.141584
0.14208
0.142559
0.143019
0.143457
0.143871
0.144256
0.144609
0.144929
0.145212
0.145455
0.145656
0.145812
0.145921
0.14598
0.145988
0.145942
0.14584
0.14568
0.145461
0.145182
0.144841
0.144439
0.143976
0.143453
0.142872
0.142235
0.141547
0.140811
0.140033
0.139217
0.138371
0.137501
0.136613
0.135715
0.134814
0.147771
