0.146308
0.145717
0.145951
0.147102
0.149225
0.152341
0.156426
0.161415
0.167198
0.17363
0.180538
0.187734
0.195031
0.202258
0.209274
0.215976
0.222306
0.22825
0.233828
0.239088
0.244087
0.248878
0.253498
0.257956
0.262228
0.266257
0.269955
0.273217
0.275925
0.277969
0.279251
0.279702
0.279286
0.278002
0.275888
0.273016
0.269485
0.265414
0.260935
0.256183
0.251289
0.246371
0.241537
0.236874
0.232448
0.22831
0.22449
0.221001
0.217844
0.215006
0.212467
0.210197
0.208165
0.206333
0.204664
0.203121
0.201667
0.200267
0.198889
0.197507
0.196095
0.194636
0.193114
0.191521
0.189853
0.188111
0.186303
0.184439
0.182535
0.18061
0.178685
0.176786
0.17494
0.173172
0.171512
0.169986
0.168622
0.167444
0.166476
0.165739
0.165251
0.165028
0.165082
0.165425
0.166061
0.166996
0.16823
0.169761
0.171584
0.173691
0.176071
0.178712
0.181597
0.184707
0.188022
0.191516
0.195165
0.198938
0.202805
0.206731
0.21068
0.214615
0.218496
0.222281
0.225929
0.229398
0.232645
0.235628
0.238307
0.240643
0.242601
0.244147
0.245252
0.245891
0.246045
0.245699
0.244843
0.243476
0.241599
0.239222
0.236359
0.233033
0.229267
0.225095
0.220549
0.215671
0.210501
0.205083
0.199463
0.193688
0.187802
0.18185
0.175877
0.169923
0.164026
0.158221
0.152539
0.147007
0.141649
0.136484
0.131526
0.126785
0.12227
0.117982
0.113922
0.110087
0.10647
0.103065
0.0998609
0.0968469
0.0940106
0.0913391
0.0888189
0.0864367
0.084179
0.0820329
0.079986
0.0780266
0.0761438
0.0743276
0.0725691
0.0708602
0.0691941
0.0675648
0.0659675
0.0643986
0.0628555
0.0613367
0.0598419
0.0583724
0.0569303
0.0555197
0.0541459
0.0528162
0.0515397
0.0503277
0.0491935
0.048153
0.0472246
0.046429
0.0457894
0.0453315
0.0450827
0.0450719
0.0453288
0.045883
0.0467628
0.0479942
0.0495988
0.0515927
0.0539846
0.0567738
0.0599491
0.0634865
0.0673488
0.0714846
0.075828
0.0802991
0.0848055
0.0892439
0.0935028
0.0974661
0.101017
0.104042
0.106437
0.108109
0.108982
0.109002
0.108138
0.106384
0.10376
0.100311
0.0961076
0.0912403
0.0858169
0.0799577
0.0737905
0.0674455
0.0610498
0.0547233
0.0485739
0.0426949
0.0371628
0.0320358
0.0273536
0.0231384
0.0193962
0.0161188
0.0132864
0.0108701
0.0088344
0.00714006
0.00574607
0.00461165
0.00369775
0.00296811
0.00239005
0.00193484
0.00157781
0.00129821
0.00107898
0.000906344
0.000769372
0.000659562
0.000570392
0.000496934
0.000435514
0.000383415
0.000338647
0.00029975
0.000265655
0.000235568
0.00020889
0.000185161
0.000164016
0.000145157
0.000128334
0.000113334
9.99684e-05
8.80708e-05
7.74918e-05
6.80971e-05
5.97648e-05
5.23846e-05
4.58565e-05
4.00901e-05
3.50035e-05
3.05227e-05
2.65811e-05
2.31184e-05
2.00808e-05
1.74197e-05
1.50917e-05
1.30579e-05
1.12835e-05
9.73766e-06
8.39277e-06
7.22433e-06
6.21063e-06
5.33241e-06
4.57267e-06
3.91639e-06
3.35033e-06
2.86286e-06
2.44379e-06
2.08417e-06
1.77622e-06
1.51316e-06
1.28913e-06
1.09908e-06
9.38728e-07
8.04494e-07
6.93466e-07
6.03426e-07
5.32915e-07
4.81397e-07
4.496e-07
4.40144e-07
4.58709e-07
5.84046e-07
