0.153263
0.15502
0.156782
0.158545
0.160299
0.162039
0.163753
0.165433
0.167066
0.16864
0.170143
0.171559
0.172874
0.174073
0.175141
0.176063
0.176827
0.177421
0.177834
0.178057
0.178086
0.177916
0.177548
0.176981
0.176222
0.175276
0.174152
0.172859
0.171409
0.169815
0.168088
0.166243
0.164292
0.162249
0.160127
0.15794
0.1557
0.153419
0.151112
0.148792
0.14647
0.14416
0.141874
0.139627
0.137429
0.135292
0.133228
0.131246
0.129354
0.127559
0.125868
0.124283
0.122807
0.12144
0.120181
0.119027
0.117975
0.11702
0.116157
0.115379
0.11468
0.114053
0.113493
0.112994
0.112548
0.11215
0.111796
0.111479
0.111194
0.110936
0.110701
0.110483
0.110277
0.110079
0.109882
0.109682
0.109473
0.109253
0.109015
0.108756
0.108472
0.108162
0.107823
0.107454
0.107055
0.106626
0.106168
0.105683
0.105175
0.104645
0.104099
0.103539
0.102971
0.102399
0.101828
0.101263
0.100708
0.10017
0.0996516
0.0991585
0.098695
0.0982652
0.097873
0.0975218
0.0972147
0.0969542
0.0967423
0.0965804
0.0964693
0.0964093
0.0963999
0.0964401
0.0965282
0.0966622
0.0968394
0.0970567
0.0973108
0.0975982
0.097915
0.0982576
0.0986223
0.0990055
0.0994041
0.099815
0.100236
0.100664
0.101099
0.101539
0.101982
0.10243
0.102882
0.103339
0.103801
0.10427
0.104747
0.105234
0.105731
0.106242
0.106766
0.107306
0.107862
0.108436
0.109029
0.10964
0.110269
0.110918
0.111585
0.112269
0.11297
0.113686
0.114416
0.115159
0.115913
0.116675
0.117444
0.118217
0.118994
0.119771
0.120546
0.121317
0.122083
0.12284
0.123587
0.124322
0.125042
0.125745
0.12643
0.127094
0.127735
0.128351
0.12894
0.129501
0.130032
0.130532
0.131
0.131435
0.131837
0.132205
0.13254
0.132843
0.133115
0.133356
0.133569
0.133754
0.133915
0.134052
0.134167
0.134262
0.134338
0.134395
0.134435
0.134457
0.134461
0.134447
0.134413
0.134358
0.134281
0.134179
0.134051
0.133896
0.133712
0.133497
0.133251
0.132972
0.132662
0.132319
0.131945
0.131539
0.131105
0.130641
0.130152
0.129636
0.129098
0.128537
0.127955
0.127354
0.126734
0.126096
0.125442
0.124771
0.124084
0.123382
0.122665
0.121934
0.12119
0.120432
0.119663
0.118883
0.118095
0.117299
0.116497
0.115691
0.114884
0.114076
0.113271
0.112469
0.111672
0.110881
0.110098
0.109323
0.108557
0.1078
0.107052
0.106314
0.105584
0.104862
0.10415
0.103445
0.102749
0.102061
0.101382
0.100712
0.100053
0.0994044
0.0987686
0.0981465
0.0975397
0.0969494
0.096377
0.0958238
0.0952906
0.0947781
0.0942865
0.0938157
0.0933647
0.0929322
0.0925161
0.0921137
0.0917216
0.091336
0.0909525
0.0905665
0.0901737
0.0897696
0.0893509
0.0889147
0.0884597
0.087986
0.0874955
0.0869914
0.0864791
0.0859648
0.0854562
0.0849611
0.0844875
0.0840428
0.0836332
0.0832633
0.0829359
0.0826521
0.0824111
0.0822107
0.0820478
0.0819192
0.0818217
0.0817533
0.0817131
0.0817019
0.081722
0.091746
