2.25565e-19
1.96984e-19
2.2421e-19
2.95956e-19
4.17233e-19
6.03704e-19
8.81702e-19
1.29109e-18
1.89039e-18
2.76462e-18
4.03655e-18
5.88295e-18
8.55767e-18
1.24245e-17
1.80036e-17
2.60371e-17
3.75821e-17
5.41407e-17
7.78432e-17
1.11705e-16
1.59985e-16
2.28688e-16
3.26261e-16
4.64561e-16
6.60205e-16
9.36426e-16
1.32565e-15
1.87301e-15
2.64128e-15
3.7175e-15
5.22213e-15
7.32161e-15
1.02454e-14
1.43092e-14
1.99464e-14
2.7751e-14
3.85352e-14
5.34076e-14
7.3878e-14
1.01999e-13
1.40553e-13
1.93311e-13
2.65364e-13
3.63576e-13
4.97186e-13
6.786e-13
9.24444e-13
1.25695e-12
1.70581e-12
2.31054e-12
3.12372e-12
4.21507e-12
5.67691e-12
7.63124e-12
1.02389e-11
1.37117e-11
1.83276e-11
2.4451e-11
3.25588e-11
4.32731e-11
5.74048e-11
7.6008e-11
1.0045e-10
1.32503e-10
1.74454e-10
2.29256e-10
3.00706e-10
3.93686e-10
5.14448e-10
6.70994e-10
8.73538e-10
1.13509e-09
1.47221e-09
1.90588e-09
2.46268e-09
3.17623e-09
4.08888e-09
5.25397e-09
6.73847e-09
8.62635e-09
1.10226e-08
1.40584e-08
1.7897e-08
2.27415e-08
2.88437e-08
3.65157e-08
4.61428e-08
5.82002e-08
7.32728e-08
9.20786e-08
1.15498e-07
1.44606e-07
1.80717e-07
2.2543e-07
2.8069e-07
3.48853e-07
4.32773e-07
5.35896e-07
6.62376e-07
8.17208e-07
1.00639e-06
1.2371e-06
1.51792e-06
1.85908e-06
2.27278e-06
2.77347e-06
3.3783e-06
4.10754e-06
4.98512e-06
6.03921e-06
7.30291e-06
8.81503e-06
1.0621e-05
1.27737e-05
1.53351e-05
1.83767e-05
2.1982e-05
2.62471e-05
3.12833e-05
3.72187e-05
4.42006e-05
5.23981e-05
6.20044e-05
7.32403e-05
8.63574e-05
0.000101642
0.000119417
0.000140051
0.000163958
0.000191604
0.000223514
0.000260275
0.000302544
0.000351056
0.000406626
0.000470161
0.000542666
0.000625251
0.000719138
0.000825674
0.000946333
0.00108273
0.00123663
0.00140995
0.00160477
0.00182335
0.00206813
0.00234173
0.00264697
0.00298688
0.00336469
0.00378384
0.00424799
0.00476102
0.00532703
0.00595034
0.00663549
0.00738723
0.00821052
0.00911054
0.0100926
0.0111624
0.0123255
0.0135879
0.0149555
0.0164346
0.0180313
0.0197521
0.0216033
0.0235913
0.0257226
0.0280036
0.0304406
0.0330398
0.0358075
0.0387496
0.0418719
0.0451799
0.0486789
0.0523739
0.0562694
0.0603698
0.0646788
0.0691998
0.0739355
0.0788882
0.0840596
0.0894507
0.0950618
0.100893
0.106942
0.113208
0.119688
0.126378
0.133275
0.140372
0.147664
0.155143
0.162802
0.170631
0.178622
0.186763
0.195043
0.203451
0.211973
0.220595
0.229305
0.238088
0.246928
0.255811
0.264721
0.273642
0.28256
0.291458
0.30032
0.309131
0.317876
0.326538
0.335103
0.343554
0.351876
0.360054
0.368072
0.375913
0.383561
0.390998
0.398208
0.405173
0.411873
0.418291
0.424408
0.430204
0.435661
0.440762
0.44549
0.449831
0.453772
0.457303
0.460418
0.463115
0.465395
0.467265
0.468735
0.46982
0.470538
0.470909
0.470956
0.470702
0.470168
0.469369
0.468319
0.467021
0.465469
0.463646
0.461522
0.459056
0.456193
0.452867
0.449007
0.444534
0.439374
0.433459
0.426738
0.419182
0.410797
0.40163
0.391773
0.381372
0.370622
0.359767
0.349084
0.338867
0.3294
0.320925
0.313605
0.30749
0.302483
0.298321
0.29457
0.290644
0.285849
0.279448
0.270749
0.259198
0.244471
0.226538
0.205702
0.182587
0.15808
0.133234
0.109141
0.0868005
0.0670093
0.0502802
0.0368144
0.0265224
0.0190848
0.0140391
0.0108695
0.0101785
