0.00374534
0.00394516
0.0042678
0.00472887
0.00534878
0.00615234
0.00716792
0.00842603
0.00995754
0.0117913
0.0139517
0.0164561
0.0193122
0.0225168
0.0260544
0.0298972
0.0340063
0.0383334
0.0428245
0.0474228
0.052073
0.0567256
0.0613401
0.0658881
0.0703554
0.0747429
0.0790661
0.0833539
0.0876462
0.0919907
0.0964388
0.101042
0.105848
0.110895
0.116211
0.121808
0.127683
0.133815
0.140165
0.146678
0.153285
0.159907
0.166456
0.172839
0.178969
0.184757
0.190128
0.195014
0.199362
0.203131
0.206294
0.208836
0.210752
0.212047
0.212731
0.212819
0.212327
0.211272
0.209674
0.207552
0.204926
0.201819
0.198258
0.194274
0.189904
0.185194
0.180192
0.174958
0.169554
0.164048
0.15851
0.153009
0.147615
0.142393
0.137401
0.132691
0.128306
0.12428
0.120635
0.117387
0.114538
0.112085
0.110014
0.108307
0.106938
0.105879
0.105098
0.104561
0.104233
0.104081
0.104072
0.104175
0.10436
0.104604
0.104882
0.105178
0.105474
0.105761
0.106029
0.106273
0.106493
0.106688
0.106863
0.107022
0.107172
0.107321
0.107477
0.107648
0.107842
0.108066
0.108326
0.108626
0.108969
0.109354
0.109781
0.110245
0.11074
0.11126
0.111793
0.112328
0.112854
0.113357
0.113822
0.114237
0.114587
0.11486
0.115044
0.115129
0.115105
0.114967
0.114711
0.114333
0.113836
0.113223
0.112499
0.111675
0.110761
0.109772
0.108725
0.107638
0.106534
0.105435
0.104366
0.103355
0.102431
0.101621
0.100956
0.100466
0.100182
0.100132
0.100345
0.100846
0.101659
0.102804
0.104295
0.106144
0.108353
0.11092
0.113834
0.117078
0.120623
0.124435
0.128469
0.132672
0.136985
0.141342
0.145672
0.149899
0.153949
0.157746
0.161218
0.164296
0.166922
0.169043
0.170619
0.171623
0.172039
0.171867
0.171118
0.169818
0.168005
0.165726
0.163038
0.160004
0.156693
0.153172
0.149513
0.14578
0.142037
0.138339
0.134736
0.131268
0.127966
0.124855
0.121949
0.119256
0.116777
0.114505
0.11243
0.110539
0.108816
0.107244
0.105804
0.10448
0.103255
0.102115
0.101047
0.100042
0.099092
0.0981908
0.097335
0.0965231
0.0957551
0.0950323
0.0943572
0.0937332
0.0931641
0.092654
0.0922073
0.091828
0.0915202
0.0912873
0.0911325
0.0910582
0.0910663
0.0911581
0.0913342
0.0915944
0.091938
0.0923636
0.0928691
0.0934519
0.0941089
0.0948363
0.0956302
0.0964859
0.0973987
0.0983635
0.0993748
0.100427
0.101515
0.102633
0.103774
0.104934
0.106107
0.107288
0.108471
0.109651
0.110824
0.111986
0.113132
0.11426
0.115365
0.116445
0.117499
0.118524
0.119519
0.120483
0.121416
0.122319
0.123191
0.124034
0.124848
0.125636
0.1264
0.12714
0.12786
0.128562
0.129248
0.12992
0.13058
0.131233
0.131879
0.132524
0.133171
0.133824
0.13449
0.135175
0.135889
0.13664
0.137438
0.138294
0.139217
0.140214
0.141289
0.142438
0.143654
0.144916
0.146198
0.147463
0.148666
0.149759
0.150695
0.151434
0.151953
0.152249
0.152346
0.152299
0.152194
0.171828
