0.180917
0.180551
0.179609
0.178112
0.176083
0.173556
0.170569
0.167165
0.163387
0.159282
0.154896
0.150275
0.145463
0.140501
0.135429
0.130284
0.1251
0.119907
0.114735
0.10961
0.104557
0.0995972
0.0947533
0.0900453
0.0854929
0.0811151
0.0769303
0.0729567
0.0692116
0.0657114
0.0624712
0.0595039
0.0568197
0.0544254
0.0523233
0.0505108
0.0489794
0.0477148
0.0466963
0.0458975
0.0452864
0.044827
0.04448
0.0442048
0.0439614
0.0437118
0.0434224
0.0430656
0.0426211
0.0420769
0.0414303
0.0406878
0.0398644
0.0389834
0.0380745
0.0371723
0.0363146
0.0355399
0.0348858
0.0343867
0.0340724
0.0339664
0.0340852
0.0344377
0.0350248
0.0358402
0.0368709
0.038098
0.0394984
0.0410456
0.0427114
0.0444671
0.0462841
0.0481354
0.0499957
0.0518419
0.0536526
0.0554087
0.0570926
0.0586878
0.0601787
0.0615501
0.0627873
0.0638757
0.0648013
0.065551
0.066113
0.0664772
0.0666362
0.0665854
0.066324
0.0658551
0.0651859
0.0643276
0.0632957
0.062109
0.0607894
0.0593613
0.0578509
0.056285
0.0546909
0.0530954
0.0515243
0.0500019
0.0485507
0.0471914
0.0459424
0.0448205
0.0438406
0.0430163
0.0423599
0.0418827
0.0415958
0.0415099
0.0416356
0.041984
0.0425664
0.0433943
0.0444797
0.0458348
0.0474715
0.0494017
0.0516362
0.0541847
0.0570553
0.0602536
0.0637826
0.0676414
0.0718256
0.0763258
0.0811277
0.0862115
0.0915516
0.0971164
0.102869
0.108765
0.114756
0.12079
0.126807
0.132748
0.138549
0.144146
0.149477
0.15448
0.159098
0.163279
0.166977
0.170153
0.172779
0.174835
0.176312
0.177211
0.177545
0.177336
0.176616
0.175426
0.173812
0.171831
0.169538
0.166997
0.164269
0.161414
0.158494
0.155562
0.15267
0.149863
0.147179
0.144649
0.142298
0.140143
0.138195
0.136457
0.134928
0.133602
0.132467
0.131511
0.130718
0.130071
0.129552
0.129144
0.12883
0.128594
0.128424
0.128306
0.128232
0.128193
0.128184
0.128201
0.128242
0.128307
0.128397
0.128515
0.128662
0.128843
0.129062
0.129323
0.129629
0.129984
0.130392
0.130855
0.131376
0.131956
0.132595
0.133295
0.134054
0.134872
0.135746
0.136675
0.137655
0.138685
0.13976
0.140877
0.142032
0.143222
0.144441
0.145687
0.146955
0.14824
0.149539
0.150847
0.15216
0.153474
0.154783
0.156085
0.157375
0.158647
0.159898
0.161123
0.162318
0.163478
0.164601
0.165681
0.166717
0.167705
0.168642
0.169529
0.170364
0.171146
0.171878
0.172562
0.1732
0.173798
0.174359
0.174891
0.175401
0.175896
0.176387
0.176882
0.177391
0.177924
0.178492
0.179103
0.179765
0.180485
0.181268
0.182116
0.183026
0.183994
0.18501
0.186061
0.187129
0.188191
0.189222
0.190193
0.191078
0.191847
0.192476
0.192945
0.19324
0.193354
0.19329
0.193056
0.19267
0.192155
0.191533
0.19083
0.190064
0.18925
0.188391
0.18748
0.186504
0.185439
0.18426
0.182939
0.181459
0.17981
0.178
0.176052
0.174009
0.171931
0.169888
0.167957
0.166216
0.164731
0.163556
0.162725
0.162248
0.162113
0.162289
0.182185
