0.374659
0.376272
0.376362
0.375171
0.37301
0.370212
0.367086
0.363884
0.360768
0.357806
0.354971
0.352161
0.349226
0.345998
0.342321
0.338078
0.333207
0.32771
0.321651
0.315145
0.308348
0.301434
0.294579
0.287947
0.281679
0.275883
0.270631
0.265963
0.261886
0.258386
0.255427
0.252963
0.250943
0.249315
0.248032
0.247051
0.24634
0.245871
0.245627
0.245596
0.245773
0.246155
0.246743
0.247537
0.248539
0.249746
0.251155
0.252759
0.254546
0.2565
0.258604
0.260832
0.263159
0.265553
0.267981
0.270409
0.272799
0.275112
0.277311
0.279357
0.281211
0.282839
0.284205
0.285277
0.286026
0.286423
0.286445
0.286072
0.285288
0.284078
0.282434
0.28035
0.277825
0.274861
0.271463
0.26764
0.263407
0.258778
0.253773
0.248413
0.242724
0.23673
0.230462
0.223948
0.217221
0.210312
0.203254
0.196081
0.188825
0.18152
0.174196
0.166887
0.159621
0.152429
0.145338
0.138373
0.13156
0.124921
0.118477
0.112249
0.106254
0.100509
0.0950282
0.0898263
0.0849156
0.0803079
0.0760139
0.0720438
0.0684068
0.0651121
0.0621681
0.0595831
0.0573647
0.0555204
0.0540572
0.0529813
0.0522985
0.0520132
0.0521288
0.052647
0.0535678
0.0548887
0.0566047
0.0587076
0.0611857
0.0640239
0.0672025
0.0706976
0.0744809
0.0785193
0.0827749
0.0872054
0.0917641
0.0964006
0.101061
0.105687
0.110222
0.114604
0.118773
0.122669
0.126235
0.129415
0.132158
0.134419
0.136156
0.137338
0.137939
0.137941
0.137335
0.136123
0.134313
0.131922
0.128978
0.125513
0.121569
0.117193
0.112437
0.107356
0.10201
0.0964592
0.0907637
0.0849837
0.0791771
0.0733992
0.0677012
0.0621301
0.0567274
0.0515297
0.0465672
0.0418648
0.0374412
0.0333095
0.0294775
0.0259482
0.0227197
0.0197865
0.0171395
0.014767
0.0126547
0.0107872
0.00914771
0.00771901
0.0064839
0.00542564
0.00452837
0.00377751
0.00316012
0.00266527
0.00228434
0.0020113
0.00184309
0.00177982
0.00182512
0.00198632
0.00227471
0.00270569
0.00329878
0.00407761
0.0050696
0.00630561
0.00781913
0.00964533
0.0118197
0.0143765
0.0173465
0.0207549
0.0246189
0.0289448
0.0337255
0.038938
0.0445415
0.0504755
0.0566596
0.0629935
0.0693584
0.0756195
0.0816302
0.0872367
0.092284
0.0966228
0.100116
0.102646
0.104121
0.104481
0.103697
0.101783
0.0987855
0.0947885
0.0899071
0.0842827
0.0780757
0.0714582
0.0646057
0.0576888
0.0508665
0.04428
0.038048
0.0322636
0.0269933
0.0222775
0.0181318
0.0145504
0.0115096
0.00897192
0.00689021
0.00521169
0.00388148
0.00284549
0.00205267
0.00145659
0.00101641
0.000697181
0.000469905
0.000311092
0.000202208
0.000128989
8.07141e-05
4.95199e-05
2.9773e-05
1.75325e-05
1.01065e-05
5.69939e-06
3.14236e-06
1.69274e-06
8.90276e-07
4.56802e-07
2.28483e-07
1.11308e-07
5.27662e-08
2.43173e-08
1.08832e-08
4.72504e-09
1.98774e-09
8.0929e-10
3.18527e-10
1.21083e-10
4.44421e-11
1.57732e-11
5.44537e-12
1.85944e-12
6.5375e-13
2.55332e-13
1.20888e-13
7.07638e-14
4.79318e-14
3.48122e-14
2.59532e-14
1.95037e-14
1.46805e-14
1.10468e-14
8.30743e-15
6.2462e-15
4.70078e-15
3.54915e-15
2.7007e-15
2.09029e-15
1.67512e-15
1.43581e-15
1.38476e-15
1.80104e-15
