0.452183
0.446043
0.437842
0.428062
0.417191
0.405672
0.393877
0.382095
0.370532
0.359318
0.348525
0.338179
0.32828
0.318809
0.309742
0.301054
0.292723
0.284733
0.277071
0.269731
0.26271
0.256007
0.249623
0.243561
0.237823
0.232411
0.227326
0.22257
0.218143
0.214042
0.210266
0.206812
0.203674
0.200848
0.198326
0.196099
0.194158
0.192492
0.191089
0.189936
0.189016
0.188314
0.187812
0.187493
0.187336
0.18732
0.187425
0.187629
0.187909
0.188243
0.188608
0.188981
0.189339
0.189662
0.189926
0.190113
0.190202
0.190175
0.190016
0.189709
0.18924
0.188599
0.187776
0.186762
0.185554
0.184148
0.182543
0.180742
0.178748
0.176569
0.174213
0.171691
0.169017
0.166207
0.163278
0.16025
0.157143
0.153981
0.150787
0.147586
0.144404
0.141268
0.138204
0.135238
0.132398
0.129709
0.127197
0.124885
0.122795
0.120949
0.119366
0.118061
0.117049
0.116341
0.115945
0.115865
0.116104
0.116658
0.117524
0.11869
0.120145
0.121871
0.123849
0.126055
0.128462
0.13104
0.133757
0.136578
0.139465
0.142382
0.145287
0.14814
0.150901
0.15353
0.155987
0.158234
0.160235
0.161957
0.163367
0.164438
0.165147
0.165472
0.165398
0.164912
0.164009
0.162686
0.160946
0.158795
0.156245
0.153312
0.150018
0.146385
0.142443
0.138223
0.133759
0.129087
0.124248
0.119282
0.11423
0.109137
0.104046
0.0990004
0.0940454
0.089224
0.0845792
0.0801528
0.0759856
0.0721165
0.068583
0.0654202
0.0626612
0.0603361
0.0584724
0.0570939
0.056221
0.0558698
0.0560518
0.0567736
0.0580364
0.0598354
0.0621592
0.0649901
0.0683031
0.0720658
0.0762387
0.0807746
0.0856193
0.0907117
0.0959843
0.101364
0.106773
0.112131
0.117353
0.122356
0.127055
0.131371
0.135226
0.138549
0.141275
0.143352
0.144733
0.145385
0.145288
0.144433
0.142825
0.14048
0.137429
0.133713
0.129383
0.124501
0.119135
0.11336
0.107254
0.100899
0.0943749
0.0877625
0.0811384
0.0745747
0.068138
0.0618878
0.0558764
0.0501479
0.0447384
0.0396759
0.034981
0.030667
0.0267412
0.0232057
0.0200587
0.0172954
0.0149101
0.0128967
0.0112507
0.0099702
0.00905732
0.00851893
0.00836753
0.00862159
0.00930554
0.0104491
0.0120863
0.0142533
0.0169863
0.0203179
0.0242739
0.0288682
0.0340987
0.039943
0.0463537
0.0532553
0.0605419
0.068077
0.0756945
0.0832026
0.0903899
0.0970333
0.102909
0.107801
0.11152
0.113905
0.114844
0.114275
0.112196
0.108663
0.103793
0.0977511
0.0907472
0.0830206
0.074827
0.0664238
0.0580564
0.049946
0.0422795
0.0352037
0.0288216
0.0231928
0.0183366
0.0142375
0.0108519
0.00811581
0.00595245
0.0042793
0.00301385
0.0020782
0.00140216
0.000925057
0.000596332
0.000375344
0.000230483
0.000137955
8.04118e-05
4.55981e-05
2.51271e-05
1.34399e-05
6.96859e-06
3.49771e-06
1.69686e-06
7.94332e-07
3.58137e-07
1.55203e-07
6.45018e-08
2.56427e-08
9.72406e-09
3.50617e-09
1.19769e-09
3.85995e-10
1.16804e-10
3.30028e-11
8.64949e-12
2.08617e-12
4.58625e-13
9.08083e-14
1.59496e-14
2.43575e-15
3.14654e-16
3.30335e-17
2.64452e-18
1.43648e-19
3.97547e-21
3.08695e-30
