8.27824e-51
8.09534e-51
1.37394e-50
2.71674e-50
5.52903e-50
1.12933e-49
2.30378e-49
4.68902e-49
9.52043e-49
1.92818e-48
3.89541e-48
7.85006e-48
1.578e-47
3.16414e-47
6.32879e-47
1.26271e-46
2.51306e-46
4.98909e-46
9.88008e-46
1.95173e-45
3.84592e-45
7.55968e-45
1.48228e-44
2.89921e-44
5.65661e-44
1.10092e-43
2.1374e-43
4.13944e-43
7.99697e-43
1.54113e-42
2.96267e-42
5.68144e-42
1.08684e-41
2.07399e-41
3.94802e-41
7.49701e-41
1.42014e-40
2.68357e-40
5.0586e-40
9.51232e-40
1.78436e-39
3.339e-39
6.23293e-39
1.16067e-38
2.1561e-38
3.99552e-38
7.38619e-38
1.36211e-37
2.50583e-37
4.59873e-37
8.41921e-37
1.53764e-36
2.80146e-36
5.09175e-36
9.2321e-36
1.66988e-35
3.01318e-35
5.42396e-35
9.74011e-35
1.74488e-34
3.11836e-34
5.55958e-34
9.8882e-34
1.75449e-33
3.10559e-33
5.48402e-33
9.66086e-33
1.69783e-32
2.97671e-32
5.20647e-32
9.0848e-32
1.58144e-31
2.74636e-31
4.75807e-31
8.22379e-31
1.41802e-30
2.43929e-30
4.18616e-30
7.16705e-30
1.22416e-29
2.08597e-29
3.54613e-29
6.01418e-29
1.01759e-28
1.71771e-28
2.8927e-28
4.85999e-28
8.14607e-28
1.3622e-27
2.27256e-27
3.78245e-27
6.28078e-27
1.04049e-26
1.71968e-26
2.8356e-26
4.66474e-26
7.65593e-26
1.25359e-25
2.04788e-25
3.33768e-25
5.42718e-25
8.80434e-25
1.42499e-24
2.30103e-24
3.70705e-24
5.95844e-24
9.55512e-24
1.52877e-23
2.44039e-23
3.88678e-23
6.17657e-23
9.79376e-23
1.54961e-22
2.44687e-22
3.85634e-22
6.06758e-22
9.53405e-22
1.49686e-21
2.34988e-21
3.69266e-21
5.81724e-21
9.2063e-21
1.46773e-20
2.36552e-20
3.87013e-20
6.45638e-20
1.10291e-19
1.93529e-19
3.49276e-19
6.47759e-19
1.23078e-18
2.38533e-18
4.69157e-18
9.3185e-18
1.86094e-17
3.72314e-17
7.4413e-17
1.48258e-16
2.93989e-16
5.79545e-16
1.13483e-15
2.206e-15
4.25539e-15
8.14347e-15
1.54573e-14
2.90978e-14
5.43195e-14
1.00555e-13
1.84583e-13
3.35991e-13
6.06477e-13
1.08558e-12
1.92701e-12
3.39233e-12
5.92271e-12
1.02558e-11
1.76142e-11
3.00072e-11
5.07079e-11
8.50031e-11
1.4136e-10
2.33222e-10
3.81761e-10
6.20028e-10
9.99205e-10
1.59788e-09
2.53573e-09
3.99352e-09
6.24206e-09
9.68375e-09
1.49117e-08
2.27932e-08
3.45864e-08
5.21015e-08
7.79236e-08
1.15715e-07
1.70623e-07
2.49829e-07
3.63274e-07
5.24617e-07
7.5248e-07
1.07207e-06
1.51727e-06
2.13324e-06
2.97981e-06
4.13566e-06
5.7035e-06
7.81652e-06
1.06462e-05
1.44121e-05
1.93928e-05
2.59404e-05
3.44963e-05
4.5611e-05
5.9966e-05
7.84008e-05
0.000101943
0.000131842
0.000169611
0.000217071
0.000276398
0.000350186
0.000441505
0.000553971
0.000691823
0.000860007
0.00106426
0.00131122
0.00160851
0.00196486
0.00239022
0.00289587
0.00349456
0.00420059
0.00502999
0.0060006
0.00713219
0.00844657
0.00996769
0.0117217
0.0137369
0.0160442
0.0186763
0.0216686
0.0250584
0.0288852
0.0331901
0.0380161
0.0434073
0.0494089
0.0560665
0.0634258
0.071532
0.0804289
0.0901587
0.100761
0.112271
0.124721
0.138138
0.152542
0.167946
0.184357
0.20177
0.220174
0.239546
0.259853
0.281048
0.303076
0.325867
0.349341
0.373405
0.397954
0.422873
0.448034
0.473303
0.498535
0.523579
0.548277
0.572468
0.59599
0.618679
0.640374
0.660916
0.680155
0.697948
0.714161
0.728673
0.741379
0.752188
0.761027
0.767841
0.772599
0.775286
0.775911
0.774508
0.771128
0.765849
0.758769
0.750008
0.739708
0.72803
0.715158
0.70129
0.686645
0.671462
0.655994
0.640517
0.625324
0.610738
0.597109
0.584828
0.574333
0.566127
0.560783
0.558951
0.561356
0.568771
0.58196
0.601583
0.703654
