2.27773e-70
2.47019e-70
5.22016e-70
1.25112e-69
3.04278e-69
7.39683e-69
1.79368e-68
4.33753e-68
1.04598e-67
2.51525e-67
6.03145e-67
1.44226e-66
3.43913e-66
8.17781e-66
1.93915e-65
4.58532e-65
1.08123e-64
2.54244e-64
5.96175e-64
1.39408e-63
3.25081e-63
7.5594e-63
1.75298e-62
4.05378e-62
9.34844e-62
2.14988e-61
4.93045e-61
1.12761e-60
2.57177e-60
5.84953e-60
1.32699e-59
3.00363e-59
6.79379e-59
1.54404e-58
3.59377e-58
9.07688e-58
2.82691e-57
1.2304e-56
7.10977e-56
4.67196e-55
3.16253e-54
2.12246e-53
1.39514e-52
8.95075e-52
5.60087e-51
3.41868e-50
2.03624e-49
1.18404e-48
6.72449e-48
3.7317e-47
2.02438e-46
1.07398e-45
5.57431e-45
2.83166e-44
1.40833e-43
6.86021e-43
3.27405e-42
1.53141e-41
7.02251e-41
3.15806e-40
1.39317e-39
6.03064e-39
2.56225e-38
1.06879e-37
4.37814e-37
1.76165e-36
6.96442e-36
2.70577e-35
1.03332e-34
3.8798e-34
1.43255e-33
5.20269e-33
1.85886e-32
6.53516e-32
2.26118e-31
7.70131e-31
2.5824e-30
8.52685e-30
2.77289e-29
8.88237e-29
2.80316e-28
8.71678e-28
2.6713e-27
8.06887e-27
2.40264e-26
7.05367e-26
2.04198e-25
5.82983e-25
1.64168e-24
4.56041e-24
1.24985e-23
3.37994e-23
9.01997e-23
2.37575e-22
6.17655e-22
1.58523e-21
4.01685e-21
1.00502e-20
2.4832e-20
6.05949e-20
1.46048e-19
3.47726e-19
8.17903e-19
1.90078e-18
4.36488e-18
9.90519e-18
2.22149e-17
4.92446e-17
1.07905e-16
2.33743e-16
5.00591e-16
1.06002e-15
2.21958e-15
4.59608e-15
9.41245e-15
1.90657e-14
3.82008e-14
7.57178e-14
1.48479e-13
2.88075e-13
5.53041e-13
1.05064e-12
1.97527e-12
3.67548e-12
6.76934e-12
1.23412e-11
2.22732e-11
3.97974e-11
7.04054e-11
1.2333e-10
2.13935e-10
3.67513e-10
6.25284e-10
1.05373e-09
1.75899e-09
2.90879e-09
4.76553e-09
7.73563e-09
1.24423e-08
1.98317e-08
3.13263e-08
4.90443e-08
7.61082e-08
1.17079e-07
1.78552e-07
2.69979e-07
4.04777e-07
6.01812e-07
8.87376e-07
1.29777e-06
1.88267e-06
2.70946e-06
3.86871e-06
5.48116e-06
7.70635e-06
1.07533e-05
1.48938e-05
2.04781e-05
2.79539e-05
3.78896e-05
5.10008e-05
6.81818e-05
9.0542e-05
0.000119448
0.000156573
0.000203948
0.000264027
0.000339754
0.000434637
0.000552836
0.000699256
0.000879641
0.00110069
0.00137017
0.00169705
0.00209161
0.0025656
0.00313238
0.00380708
0.00460671
0.00555034
0.00665924
0.00795702
0.00946973
0.011226
0.0132571
0.0155969
0.0182822
0.0213523
0.0248492
0.0288174
0.0333036
0.0383566
0.0440267
0.0503657
0.0574259
0.0652598
0.0739193
0.0834548
0.0939148
0.105344
0.117785
0.131271
0.145833
0.161493
0.178265
0.196151
0.215146
0.235231
0.256374
0.278533
0.301647
0.325646
0.350441
0.375932
0.402003
0.428523
0.45535
0.482329
0.509295
0.536071
0.562477
0.588322
0.613417
0.637567
0.660582
0.682273
0.702459
0.720967
0.737636
0.752318
0.764881
0.775211
0.783214
0.788815
0.791962
0.792628
0.790807
0.786515
0.779796
0.770711
0.759346
0.745806
0.730214
0.712711
0.693451
0.672602
0.65034
0.626849
0.602318
0.57694
0.550905
0.524403
0.497618
0.470727
0.443901
0.417298
0.391067
0.365342
0.340246
0.315887
0.292359
0.269741
0.248098
0.227482
0.20793
0.189468
0.172108
0.155853
0.140695
0.126617
0.113594
0.101594
0.0905802
0.0805102
0.0713382
0.0630159
0.0554927
0.0487173
0.0426382
0.0372038
0.0323639
0.0280695
0.0242734
0.0209306
0.0179985
0.0154372
0.0132095
0.0112813
0.00962129
0.00820142
0.00699685
0.00598617
0.00515176
0.00448038
0.00396425
0.00360292
0.0034064
0.00340038
0.0040722
