0.0852779
0.0846591
0.0841634
0.0837835
0.083512
0.0833412
0.083264
0.0832735
0.0833633
0.0835276
0.0837609
0.0840579
0.0844135
0.0848227
0.0852803
0.0857812
0.0863199
0.086891
0.0874891
0.0881087
0.0887446
0.0893918
0.0900457
0.0907023
0.0913578
0.0920094
0.0926544
0.093291
0.0939178
0.0945336
0.0951381
0.095731
0.0963124
0.0968827
0.0974423
0.0979919
0.0985324
0.0990643
0.0995885
0.100106
0.100616
0.101121
0.101621
0.102114
0.102603
0.103086
0.103563
0.104034
0.104498
0.104954
0.105403
0.105843
0.106274
0.106695
0.107107
0.10751
0.107903
0.108288
0.108666
0.109037
0.109404
0.109767
0.11013
0.110493
0.110858
0.111229
0.111607
0.111994
0.112393
0.112804
0.11323
0.113672
0.114131
0.114608
0.115105
0.11562
0.116155
0.116709
0.117282
0.117874
0.118483
0.119109
0.11975
0.120404
0.121071
0.121747
0.12243
0.123119
0.12381
0.124501
0.125187
0.125867
0.126537
0.127193
0.127834
0.128455
0.129053
0.129627
0.130174
0.130692
0.131179
0.131633
0.132055
0.132443
0.132797
0.133117
0.133403
0.133656
0.133875
0.134062
0.134217
0.134341
0.134434
0.134496
0.134527
0.134528
0.134498
0.134437
0.134345
0.134221
0.134065
0.133876
0.133653
0.133397
0.133106
0.13278
0.13242
0.132025
0.131595
0.131131
0.130635
0.130106
0.129547
0.128959
0.128344
0.127704
0.127043
0.126364
0.125669
0.124962
0.124248
0.123531
0.122815
0.122105
0.121406
0.120722
0.120058
0.119419
0.11881
0.118234
0.117696
0.117199
0.116746
0.11634
0.115984
0.115678
0.115423
0.11522
0.115069
0.114967
0.114914
0.114908
0.114945
0.115023
0.115138
0.115286
0.115462
0.115663
0.115884
0.116119
0.116364
0.116615
0.116867
0.117115
0.117354
0.117582
0.117794
0.117987
0.118158
0.118305
0.118425
0.118517
0.11858
0.118614
0.118618
0.118594
0.118541
0.118463
0.11836
0.118235
0.118091
0.117931
0.117759
0.117578
0.117392
0.117205
0.11702
0.116842
0.116674
0.116519
0.116381
0.116262
0.116164
0.11609
0.116042
0.11602
0.116025
0.116057
0.116117
0.116204
0.116317
0.116455
0.116617
0.116802
0.117009
0.117236
0.117482
0.117747
0.118028
0.118325
0.118637
0.118964
0.119305
0.119659
0.120027
0.120407
0.120799
0.121204
0.121621
0.122049
0.122489
0.122941
0.123404
0.123878
0.124364
0.124861
0.125371
0.125892
0.126427
0.126974
0.127535
0.12811
0.128699
0.129301
0.129916
0.130543
0.13118
0.131826
0.132477
0.133131
0.133783
0.134429
0.135065
0.135687
0.136288
0.136865
0.137411
0.137923
0.138395
0.138823
0.139204
0.139534
0.139811
0.140031
0.140193
0.140295
0.140335
0.140312
0.140225
0.140074
0.139859
0.139579
0.139235
0.138829
0.13836
0.137833
0.13725
0.136614
0.135929
0.135202
0.134436
0.133638
0.132815
0.131972
0.131117
0.130253
0.129389
0.128527
0.127673
0.12683
0.126001
0.125188
0.124394
0.123618
0.122862
0.122125
0.121409
0.120714
0.120039
0.132337
