0.09616
0.0961717
0.0961746
0.0961693
0.0961567
0.0961377
0.0961132
0.096084
0.096051
0.0960145
0.0959752
0.0959334
0.0958895
0.095844
0.0957979
0.0957522
0.0957084
0.0956685
0.0956348
0.0956103
0.0955981
0.0956019
0.0956255
0.0956729
0.095748
0.0958546
0.0959964
0.0961764
0.0963974
0.0966614
0.0969698
0.0973235
0.0977224
0.0981661
0.0986531
0.0991818
0.0997496
0.100354
0.100992
0.101659
0.102353
0.103069
0.103804
0.104553
0.105312
0.106078
0.106845
0.107611
0.10837
0.109119
0.109854
0.110571
0.111266
0.111936
0.112578
0.113188
0.113765
0.114307
0.114811
0.115276
0.115702
0.116088
0.116435
0.116744
0.117014
0.117248
0.117448
0.117614
0.11775
0.117857
0.117937
0.117994
0.118028
0.118043
0.118038
0.118018
0.117981
0.117931
0.117866
0.117788
0.117697
0.117593
0.117475
0.117342
0.117194
0.117031
0.11685
0.116652
0.116436
0.116201
0.115946
0.115671
0.115377
0.115064
0.114732
0.114383
0.114017
0.113638
0.113247
0.112846
0.112438
0.112028
0.111617
0.11121
0.110811
0.110423
0.110051
0.109699
0.109371
0.10907
0.108801
0.108568
0.108372
0.108218
0.108107
0.108042
0.108025
0.108055
0.108134
0.108261
0.108435
0.108654
0.108917
0.109221
0.109561
0.109935
0.110338
0.110765
0.111211
0.111672
0.112143
0.112617
0.11309
0.113556
0.114012
0.114453
0.114874
0.115273
0.115646
0.11599
0.116304
0.116586
0.116835
0.11705
0.117232
0.117382
0.1175
0.117587
0.117646
0.117678
0.117686
0.117672
0.117639
0.117589
0.117525
0.11745
0.117367
0.117277
0.117184
0.117089
0.116994
0.116901
0.116811
0.116725
0.116644
0.116568
0.116497
0.116431
0.116369
0.116311
0.116256
0.116202
0.116148
0.116094
0.116037
0.115977
0.115913
0.115843
0.115768
0.115687
0.115599
0.115506
0.115408
0.115306
0.115202
0.115097
0.114994
0.114895
0.114802
0.114718
0.114645
0.114588
0.114547
0.114527
0.114528
0.114554
0.114606
0.114685
0.114793
0.11493
0.115097
0.115292
0.115516
0.115767
0.116044
0.116344
0.116665
0.117003
0.117357
0.117722
0.118095
0.118472
0.118849
0.119222
0.119587
0.119941
0.120279
0.120599
0.120898
0.121172
0.121421
0.121643
0.121836
0.122001
0.122139
0.122249
0.122335
0.122398
0.122442
0.12247
0.122485
0.122492
0.122496
0.122501
0.122512
0.122534
0.122572
0.122631
0.122714
0.122828
0.122974
0.123158
0.123382
0.12365
0.123964
0.124326
0.124737
0.125199
0.125713
0.126277
0.126893
0.127557
0.128269
0.129026
0.129826
0.130665
0.131539
0.132444
0.133376
0.13433
0.135303
0.136289
0.137284
0.138284
0.139285
0.140285
0.14128
0.142268
0.143246
0.144215
0.145172
0.146116
0.147049
0.147969
0.148877
0.149773
0.150657
0.15153
0.15239
0.153238
0.154073
0.154894
0.155699
0.156487
0.157256
0.158002
0.158724
0.159418
0.160081
0.160708
0.161297
0.161842
0.162341
0.162789
0.16318
0.163513
0.163781
0.16398
0.164108
0.180021
