0.095556
0.0954197
0.095266
0.0950954
0.0949089
0.0947088
0.0944979
0.0942797
0.094058
0.0938367
0.09362
0.0934115
0.0932146
0.0930323
0.0928668
0.09272
0.0925929
0.0924861
0.0923999
0.0923339
0.0922876
0.0922606
0.0922523
0.092262
0.0922895
0.0923345
0.092397
0.0924771
0.092575
0.0926909
0.0928251
0.0929777
0.093149
0.0933388
0.0935472
0.0937738
0.0940184
0.0942807
0.0945604
0.0948572
0.095171
0.0955017
0.0958495
0.0962146
0.0965975
0.0969986
0.0974188
0.0978587
0.0983192
0.098801
0.0993049
0.0998314
0.100381
0.100954
0.10155
0.102169
0.102811
0.103473
0.104155
0.104856
0.105571
0.1063
0.107039
0.107785
0.108535
0.109284
0.110029
0.110766
0.11149
0.1122
0.112889
0.113556
0.114197
0.114809
0.11539
0.115938
0.116452
0.116931
0.117374
0.117782
0.118155
0.118494
0.1188
0.119075
0.119322
0.119542
0.119738
0.119912
0.120067
0.120205
0.12033
0.120443
0.120546
0.120643
0.120734
0.120821
0.120906
0.12099
0.121073
0.121156
0.12124
0.121323
0.121406
0.121488
0.121568
0.121645
0.121716
0.121781
0.121839
0.121886
0.121922
0.121946
0.121955
0.121948
0.121924
0.121883
0.121825
0.121748
0.121654
0.121544
0.121418
0.121279
0.121127
0.120966
0.120798
0.120625
0.12045
0.120277
0.120107
0.119944
0.119791
0.119649
0.119522
0.119409
0.119314
0.119237
0.119179
0.119139
0.119117
0.119112
0.119124
0.11915
0.119188
0.119237
0.119292
0.119351
0.119412
0.11947
0.119523
0.119567
0.1196
0.119618
0.119618
0.119597
0.119555
0.119489
0.119397
0.119279
0.119134
0.118963
0.118766
0.118543
0.118297
0.11803
0.117743
0.117441
0.117125
0.1168
0.116469
0.116136
0.115805
0.11548
0.115166
0.114866
0.114584
0.114323
0.114087
0.113878
0.1137
0.113553
0.11344
0.113362
0.113317
0.113307
0.113331
0.113386
0.113471
0.113584
0.11372
0.113878
0.114052
0.11424
0.114437
0.114639
0.114842
0.115042
0.115235
0.115419
0.11559
0.115746
0.115886
0.116007
0.11611
0.116194
0.11626
0.116309
0.116343
0.116365
0.116376
0.11638
0.116379
0.116378
0.116381
0.11639
0.11641
0.116444
0.116497
0.116572
0.116672
0.116801
0.116961
0.117155
0.117385
0.117654
0.117961
0.118308
0.118696
0.119124
0.119591
0.120095
0.120636
0.12121
0.121814
0.122446
0.123102
0.123777
0.124469
0.125172
0.125885
0.126602
0.12732
0.128036
0.128748
0.129454
0.130151
0.130838
0.131514
0.132179
0.132832
0.133475
0.134106
0.134727
0.135339
0.135944
0.136542
0.137134
0.137723
0.138311
0.138898
0.139486
0.140078
0.140675
0.141277
0.141887
0.142505
0.143131
0.143766
0.144408
0.145057
0.145709
0.146363
0.147015
0.147661
0.148295
0.148913
0.149508
0.150076
0.150609
0.151102
0.151549
0.151945
0.152284
0.152562
0.152775
0.152921
0.152998
0.153003
0.152938
0.152801
0.152595
0.15232
0.151979
0.151574
0.151109
0.150587
0.150012
0.149387
0.148717
0.148005
0.161918
