0.139969
0.139941
0.139911
0.139884
0.139865
0.139854
0.139849
0.139846
0.139836
0.139814
0.13977
0.139698
0.139591
0.139445
0.139259
0.139031
0.138766
0.138469
0.138146
0.137807
0.137461
0.137115
0.136778
0.136455
0.136149
0.135862
0.135593
0.135338
0.135094
0.134856
0.134623
0.13439
0.134159
0.133933
0.133717
0.13352
0.133353
0.133231
0.133168
0.133181
0.133287
0.133501
0.133839
0.134313
0.134936
0.135717
0.136662
0.137777
0.139062
0.140518
0.142141
0.143926
0.145865
0.147946
0.150158
0.152485
0.154907
0.157404
0.159953
0.162528
0.165101
0.167642
0.17012
0.172503
0.174758
0.176854
0.178759
0.180442
0.181877
0.183038
0.183903
0.184456
0.184681
0.184571
0.184122
0.183334
0.182213
0.180771
0.179022
0.176986
0.174686
0.172149
0.169405
0.166483
0.163418
0.160241
0.156986
0.153686
0.150372
0.147073
0.143818
0.140632
0.137536
0.134552
0.131695
0.12898
0.126418
0.124016
0.121782
0.119718
0.117827
0.116107
0.114556
0.113171
0.111947
0.110879
0.10996
0.109181
0.108536
0.108016
0.10761
0.107311
0.107107
0.106989
0.106946
0.106968
0.107044
0.107165
0.107322
0.107504
0.107704
0.107915
0.10813
0.108345
0.108557
0.108763
0.108964
0.109161
0.109356
0.109553
0.109758
0.109976
0.110215
0.110482
0.110782
0.111124
0.111512
0.111953
0.112448
0.113001
0.113613
0.11428
0.115001
0.11577
0.116581
0.117423
0.118287
0.119162
0.120034
0.120889
0.121715
0.122495
0.123216
0.123864
0.124426
0.124888
0.12524
0.125473
0.125577
0.125547
0.125378
0.125067
0.124614
0.124021
0.12329
0.122429
0.121444
0.120346
0.119144
0.117852
0.116483
0.115053
0.113576
0.112068
0.110544
0.109022
0.107514
0.106036
0.104601
0.10322
0.101904
0.100661
0.0994992
0.0984228
0.0974355
0.0965393
0.0957342
0.0950189
0.0943905
0.093845
0.0933773
0.0929812
0.0926501
0.0923765
0.0921527
0.0919708
0.0918229
0.0917013
0.0915985
0.0915079
0.0914233
0.0913396
0.0912528
0.0911601
0.0910601
0.090953
0.0908401
0.0907247
0.0906111
0.0905049
0.0904128
0.0903423
0.0903011
0.0902973
0.0903384
0.0904314
0.0905821
0.0907951
0.0910733
0.0914181
0.0918286
0.0923025
0.0928357
0.0934223
0.0940553
0.0947266
0.0954276
0.0961492
0.0968821
0.0976174
0.0983468
0.0990623
0.0997569
0.100424
0.101058
0.101653
0.102206
0.102711
0.103165
0.103564
0.103903
0.10418
0.104391
0.104533
0.104603
0.1046
0.104523
0.104373
0.104152
0.103864
0.103515
0.103111
0.102661
0.102176
0.101667
0.101145
0.100623
0.100111
0.09962
0.0991601
0.0987387
0.0983618
0.0980331
0.0977545
0.0975256
0.097344
0.0972057
0.0971054
0.0970365
0.0969919
0.0969644
0.0969467
0.0969321
0.0969145
0.0968889
0.0968516
0.0967998
0.0967323
0.0966489
0.0965506
0.0964393
0.0963177
0.0961888
0.0960563
0.0959235
0.0957938
0.0956702
0.0955549
0.0954499
0.0953562
0.0952745
0.0952047
0.0951467
0.0951001
0.0950645
0.0950402
0.0950279
0.0950291
0.0950462
0.104635
