0.0989446
0.102414
0.107206
0.113187
0.120175
0.127954
0.13629
0.144952
0.153737
0.162486
0.171095
0.179521
0.187778
0.195924
0.204042
0.212222
0.220537
0.229031
0.237698
0.246489
0.255305
0.264011
0.272451
0.280459
0.287884
0.294599
0.300515
0.305586
0.309809
0.313225
0.315908
0.317956
0.319479
0.320592
0.321402
0.322001
0.322462
0.322834
0.323145
0.323399
0.323584
0.32367
0.323617
0.323378
0.322902
0.32214
0.321046
0.319579
0.317706
0.315402
0.312653
0.309453
0.305807
0.301726
0.297234
0.292359
0.287137
0.281608
0.275819
0.269817
0.263652
0.257375
0.251035
0.244682
0.238361
0.232116
0.225984
0.22
0.214194
0.208592
0.203213
0.198073
0.193183
0.188549
0.184177
0.180064
0.176211
0.172611
0.169258
0.166147
0.16327
0.160619
0.158188
0.15597
0.15396
0.152156
0.150553
0.149153
0.147955
0.146963
0.146179
0.14561
0.145261
0.145139
0.145252
0.145606
0.146211
0.147071
0.148192
0.14958
0.151235
0.153158
0.155345
0.157791
0.160486
0.163417
0.166566
0.169912
0.17343
0.177089
0.180855
0.184691
0.188554
0.1924
0.196182
0.19985
0.203351
0.206636
0.209652
0.212349
0.214677
0.216592
0.218052
0.219018
0.219459
0.219349
0.218668
0.217404
0.215551
0.213113
0.210099
0.206526
0.202419
0.197809
0.192733
0.187232
0.181354
0.175149
0.168669
0.161968
0.155103
0.148127
0.141093
0.134054
0.127057
0.120148
0.113368
0.106753
0.100336
0.094143
0.0881963
0.0825132
0.0771062
0.0719832
0.0671481
0.0626009
0.0583383
0.0543541
0.0506396
0.047184
0.0439751
0.0409995
0.0382432
0.0356917
0.0333303
0.0311449
0.0291216
0.0272472
0.0255096
0.0238973
0.0224001
0.0210091
0.0197165
0.018516
0.0174025
0.0163727
0.0154248
0.0145588
0.0137766
0.013082
0.0124814
0.0119832
0.0115985
0.0113413
0.0112281
0.0112787
0.0115153
0.011963
0.0126489
0.0136021
0.0148524
0.0164297
0.0183626
0.0206766
0.023393
0.0265265
0.0300832
0.034059
0.0384373
0.0431876
0.0482643
0.0536055
0.0591337
0.0647557
0.0703651
0.0758438
0.0810662
0.0859028
0.090225
0.0939105
0.0968484
0.0989443
0.100125
0.100342
0.099575
0.0978331
0.0951545
0.0916055
0.0872777
0.082284
0.0767533
0.0708251
0.0646435
0.0583507
0.0520819
0.0459602
0.0400925
0.0345672
0.0294519
0.0247937
0.0206193
0.016937
0.013739
0.0110042
0.00870086
0.00679042
0.00522981
0.00397428
0.00297953
0.00220341
0.00160713
0.00115609
0.000820176
0.000573903
0.000396167
0.000269901
0.000181602
0.000120808
7.95906e-05
5.20571e-05
3.3921e-05
2.21261e-05
1.45366e-05
9.69029e-06
6.60537e-06
4.63576e-06
3.3643e-06
2.52661e-06
1.95797e-06
1.55733e-06
1.26341e-06
1.03929e-06
8.62689e-07
7.1999e-07
6.02638e-07
5.05034e-07
4.23309e-07
3.5464e-07
2.96854e-07
2.48215e-07
2.07296e-07
1.72902e-07
1.44026e-07
1.19813e-07
9.95383e-08
8.25836e-08
6.84251e-08
5.6618e-08
4.67855e-08
3.86089e-08
3.1819e-08
2.61884e-08
2.15261e-08
1.7671e-08
1.44882e-08
1.18646e-08
9.70552e-09
7.93204e-09
6.47841e-09
5.29012e-09
4.32213e-09
3.53756e-09
2.90655e-09
2.40551e-09
2.01674e-09
1.72856e-09
1.53637e-09
1.44541e-09
1.47674e-09
1.9008e-09
