0.154356
0.152617
0.150821
0.148979
0.147105
0.145212
0.143311
0.141415
0.139535
0.137682
0.135864
0.134091
0.132368
0.130704
0.129102
0.127567
0.126102
0.124709
0.123389
0.122143
0.12097
0.119868
0.118836
0.117869
0.116965
0.116119
0.115326
0.114582
0.113881
0.113219
0.112589
0.111988
0.111411
0.110854
0.110314
0.109788
0.109274
0.108771
0.108279
0.107796
0.107324
0.106863
0.106416
0.105983
0.105566
0.105168
0.104791
0.104437
0.104108
0.103805
0.103532
0.103288
0.103077
0.1029
0.102757
0.102651
0.102582
0.102551
0.102559
0.102606
0.102694
0.102823
0.102992
0.103202
0.103451
0.103739
0.104065
0.104425
0.104819
0.105243
0.105695
0.106171
0.106667
0.107181
0.107708
0.108245
0.108789
0.109337
0.109886
0.110434
0.110978
0.111519
0.112054
0.112584
0.113109
0.113628
0.114141
0.114651
0.115156
0.115657
0.116156
0.116651
0.117143
0.117632
0.118117
0.118597
0.119071
0.119538
0.119996
0.120443
0.120877
0.121296
0.121698
0.122079
0.122438
0.122772
0.123078
0.123354
0.123598
0.123807
0.123979
0.124112
0.124204
0.124255
0.124263
0.124228
0.12415
0.12403
0.123868
0.123666
0.123427
0.123153
0.122848
0.122515
0.12216
0.121785
0.121398
0.121001
0.120602
0.120204
0.119813
0.119433
0.119069
0.118726
0.118406
0.118112
0.117848
0.117614
0.117412
0.117243
0.117106
0.117001
0.116926
0.116879
0.116858
0.116859
0.11688
0.116916
0.116963
0.117018
0.117075
0.117129
0.117178
0.117216
0.117239
0.117244
0.117227
0.117185
0.117116
0.117019
0.116893
0.116736
0.11655
0.116336
0.116095
0.115831
0.115546
0.115243
0.114928
0.114604
0.114276
0.113949
0.113629
0.113319
0.113025
0.112751
0.112502
0.11228
0.112089
0.111933
0.111812
0.11173
0.111687
0.111683
0.111719
0.111795
0.11191
0.112062
0.112251
0.112475
0.112732
0.113019
0.113335
0.113677
0.114043
0.11443
0.114835
0.115257
0.115693
0.11614
0.116597
0.11706
0.117529
0.118001
0.118476
0.118952
0.119428
0.119905
0.120383
0.120861
0.121342
0.121826
0.122315
0.122811
0.123317
0.123834
0.124366
0.124916
0.125484
0.126074
0.126687
0.127325
0.127987
0.128675
0.129386
0.130119
0.130871
0.131639
0.132418
0.133202
0.133986
0.134762
0.135523
0.136261
0.136968
0.137637
0.138258
0.138825
0.13933
0.139768
0.140131
0.140416
0.140618
0.140734
0.140762
0.140699
0.140547
0.140303
0.139969
0.139547
0.139037
0.138442
0.137765
0.137009
0.136178
0.135276
0.134309
0.133283
0.132202
0.131075
0.129909
0.12871
0.127487
0.126248
0.125
0.123752
0.122509
0.121278
0.120065
0.118874
0.117709
0.116573
0.115467
0.114393
0.113351
0.112341
0.111363
0.110415
0.109499
0.108613
0.107757
0.106934
0.106144
0.105388
0.104669
0.103989
0.10335
0.102754
0.102202
0.101697
0.101236
0.100821
0.10045
0.10012
0.0998286
0.0995741
0.0993537
0.0991653
0.0990074
0.110195
