0
6.89859e-29
5.21272e-27
1.95533e-25
4.85462e-24
8.97442e-23
1.31762e-21
1.60038e-20
1.65397e-19
1.48473e-18
1.17602e-17
8.32175e-17
5.31378e-16
3.08731e-15
1.64349e-14
8.06375e-14
3.66533e-13
1.55036e-12
6.12627e-12
2.26944e-11
7.90597e-11
2.5973e-10
8.06731e-10
2.37456e-09
6.63768e-09
1.76557e-08
4.47702e-08
1.08412e-07
2.51105e-07
5.5718e-07
1.18615e-06
2.42606e-06
4.77408e-06
9.05087e-06
1.65534e-05
2.92457e-05
4.99805e-05
8.27361e-05
0.000132847
0.000207202
0.000314387
0.000464757
0.000670448
0.000945348
0.00130507
0.00176699
0.00235039
0.00307673
0.00397016
0.00505809
0.00637191
0.00794774
0.00982715
0.0120577
0.0146935
0.0177954
0.0214308
0.0256741
0.0306057
0.0363119
0.0428841
0.0504178
0.0590116
0.0687657
0.0797807
0.0921554
0.105985
0.121359
0.138357
0.157049
0.17749
0.199719
0.223754
0.249591
0.277199
0.306523
0.337476
0.369938
0.40376
0.438759
0.47472
0.511397
0.548515
0.585771
0.622842
0.659383
0.695038
0.729442
0.762226
0.793028
0.821495
0.847294
0.870113
0.889672
0.905727
0.918075
0.926559
0.931069
0.931548
0.92799
0.920441
0.909
0.893815
0.875079
0.853027
0.827932
0.800098
0.769855
0.73755
0.703545
0.668206
0.631897
0.594978
0.557794
0.520674
0.483924
0.447824
0.412627
0.378553
0.345794
0.314505
0.284812
0.256809
0.23056
0.2061
0.18344
0.162567
0.143447
0.12603
0.11025
0.0960303
0.0832836
0.0719173
0.0618345
0.0529362
0.045123
0.0382972
0.0323639
0.027232
0.0228151
0.0190323
0.0158083
0.0130738
0.0107658
0.00882709
0.00720632
0.00585782
0.00474116
0.00382085
0.00306593
0.00244958
0.00194871
0.00154359
0.00121743
0.000956053
0.000747565
0.000582028
0.000451197
0.000348272
0.000267669
0.000204836
0.000156079
0.000118416
8.94554e-05
6.72871e-05
5.03949e-05
3.75812e-05
2.79052e-05
2.06314e-05
1.51881e-05
1.11329e-05
8.12535e-06
5.90483e-06
4.27271e-06
3.07844e-06
2.20845e-06
1.57753e-06
1.12201e-06
7.94598e-07
5.60312e-07
3.93409e-07
2.75036e-07
1.91455e-07
1.32702e-07
9.15835e-08
6.29348e-08
4.30622e-08
2.93382e-08
1.99023e-08
1.34433e-08
9.04152e-09
6.05493e-09
4.03748e-09
2.68067e-09
1.77219e-09
1.16656e-09
7.64612e-10
4.99007e-10
3.24269e-10
2.09816e-10
1.35177e-10
8.67166e-11
5.53904e-11
3.5229e-11
2.231e-11
1.4068e-11
8.83284e-12
5.52206e-12
3.43745e-12
2.13061e-12
1.31494e-12
8.0806e-13
4.9444e-13
3.01244e-13
1.8275e-13
1.1039e-13
6.63953e-14
3.97629e-14
2.37112e-14
1.40787e-14
8.32353e-15
4.89988e-15
2.87209e-15
1.67627e-15
9.74151e-16
5.63692e-16
3.24782e-16
1.86327e-16
1.06437e-16
6.05407e-17
3.42874e-17
1.93355e-17
1.08571e-17
6.0702e-18
3.3793e-18
1.87321e-18
1.0339e-18
5.68207e-19
3.10934e-19
1.6942e-19
9.19168e-20
4.96546e-20
2.6709e-20
1.43051e-20
7.62881e-21
4.05095e-21
2.14186e-21
1.12761e-21
5.91103e-22
3.08531e-22
1.6035e-22
8.29799e-23
4.27573e-23
2.19372e-23
1.12069e-23
5.70065e-24
2.88733e-24
1.45613e-24
7.31205e-25
3.65604e-25
1.82018e-25
9.02304e-26
4.45373e-26
2.18891e-26
1.07118e-26
5.21954e-27
2.53241e-27
1.2234e-27
5.88485e-28
2.81861e-28
1.34421e-28
6.38307e-29
3.01804e-29
1.42086e-29
6.66058e-30
3.10888e-30
1.44486e-30
6.68621e-31
3.08082e-31
1.41346e-31
6.457e-32
2.93704e-32
1.33021e-32
5.99875e-33
2.69359e-33
1.2043e-33
5.36125e-34
2.37645e-34
1.04887e-34
4.60939e-35
2.01695e-35
8.78774e-36
3.81233e-36
1.6468e-36
7.08377e-37
3.03573e-37
1.29963e-37
5.6508e-38
2.75662e-38
2.57896e-38
