2.98498e-41
2.79405e-41
4.22485e-41
7.51405e-41
1.38938e-40
2.58827e-40
4.82178e-40
8.96686e-40
1.66386e-39
3.08029e-39
5.68917e-39
1.04831e-38
1.92713e-38
3.5344e-38
6.46702e-38
1.18053e-37
2.14998e-37
3.9064e-37
7.08119e-37
1.28063e-36
2.31062e-36
4.15932e-36
7.46976e-36
1.33839e-35
2.39247e-35
4.26683e-35
7.592e-35
1.34772e-34
2.38693e-34
4.21769e-34
7.43543e-34
1.30778e-33
2.29488e-33
4.01776e-33
7.01791e-33
1.22301e-32
2.12645e-32
3.68878e-32
6.38428e-32
1.10241e-31
1.89924e-31
3.26454e-31
5.59847e-31
9.57908e-31
1.63525e-30
2.78519e-30
4.73296e-30
8.02455e-30
1.35743e-29
2.29102e-29
3.8579e-29
6.48165e-29
1.08651e-28
1.81718e-28
3.03232e-28
5.04859e-28
8.38652e-28
1.38999e-27
2.29857e-27
3.79249e-27
6.24326e-27
1.02546e-26
1.68054e-26
2.7479e-26
4.48307e-26
7.29751e-26
1.18522e-25
1.92065e-25
3.10544e-25
5.00987e-25
8.06413e-25
1.29514e-24
2.07542e-24
3.31838e-24
5.29392e-24
8.42676e-24
1.33837e-23
2.12093e-23
3.35358e-23
5.29087e-23
8.32879e-23
1.3082e-22
2.05023e-22
3.20604e-22
5.00236e-22
7.78791e-22
1.20978e-21
1.87515e-21
2.90006e-21
4.47528e-21
6.89092e-21
1.05871e-20
1.62303e-20
2.48267e-20
3.78931e-20
5.77097e-20
8.76972e-20
1.32976e-19
2.01191e-19
3.03736e-19
4.57546e-19
6.87744e-19
1.03151e-18
1.54373e-18
2.30529e-18
3.43506e-18
5.10742e-18
7.57748e-18
1.12178e-17
1.6571e-17
2.44257e-17
3.5926e-17
5.27267e-17
7.72174e-17
1.1284e-16
1.6454e-16
2.39413e-16
3.47607e-16
5.0361e-16
7.28061e-16
1.05029e-15
1.51188e-15
2.17168e-15
3.11275e-15
4.45209e-15
6.35411e-15
9.04937e-15
1.28604e-14
1.82375e-14
2.58078e-14
3.64428e-14
5.13509e-14
7.22043e-14
1.01311e-13
1.41849e-13
1.98188e-13
2.76317e-13
3.84433e-13
5.33722e-13
7.39421e-13
1.02224e-12
1.41025e-12
1.94146e-12
2.66713e-12
3.65635e-12
5.00193e-12
6.82837e-12
9.3022e-12
1.26457e-11
1.71551e-11
2.32239e-11
3.13739e-11
4.22957e-11
5.69007e-11
7.63896e-11
1.0234e-10
1.36822e-10
1.82542e-10
2.43036e-10
3.22906e-10
4.28136e-10
5.66487e-10
7.47998e-10
9.85632e-10
1.29609e-09
1.70083e-09
2.22738e-09
2.91098e-09
3.79659e-09
4.94155e-09
6.41872e-09
8.32056e-09
1.07641e-08
1.38974e-08
1.79067e-08
2.30269e-08
2.95528e-08
3.7854e-08
4.8393e-08
6.17479e-08
7.86397e-08
9.99666e-08
1.26846e-07
1.60667e-07
2.03152e-07
2.5644e-07
3.23179e-07
4.06652e-07
5.10921e-07
6.41018e-07
8.03171e-07
1.00509e-06
1.25632e-06
1.56868e-06
1.95683e-06
2.43891e-06
3.03743e-06
3.78029e-06
4.70208e-06
5.84569e-06
7.26429e-06
9.02373e-06
1.12055e-05
1.39106e-05
1.72634e-05
2.14176e-05
2.65625e-05
3.29303e-05
4.08062e-05
5.05385e-05
6.25525e-05
7.73649e-05
9.56026e-05
0.000118023
0.000145539
0.000179245
0.000220452
0.000270722
0.00033191
0.000406209
0.000496206
0.000604939
0.000735962
0.000893416
0.00108211
0.0013076
0.00157631
0.00189558
0.00227384
0.00272066
0.00324693
0.00386494
0.00458856
0.00543332
0.0064166
0.00755773
0.00887817
0.0104016
0.012154
0.014164
0.0164626
0.0190836
0.0220635
0.0254415
0.0292596
0.0335624
0.0383974
0.0438145
0.0498659
0.0566059
0.0640908
0.0723785
0.0815277
0.0915981
0.102649
0.114741
0.127931
0.142276
0.157831
0.174646
0.192768
0.212241
0.2331
0.255378
0.279099
0.304279
0.330927
0.359045
0.388624
0.419647
0.452089
0.485915
0.521082
0.557539
0.595225
0.634073
0.674011
0.714959
0.756831
0.79954
0.842998
0.887116
0.931812
0.977015
1.02267
1.06875
1.11525
1.16221
1.20969
1.2578
1.30662
1.35619
1.40645
1.4571
1.50757
1.55685
1.60342
1.64529
1.67998
1.91002
