0.00457229
0.00479801
0.0051501
0.00564109
0.00628815
0.00711297
0.00814125
0.00940178
0.010925
0.012741
0.0148774
0.0173568
0.0201941
0.0233947
0.0269526
0.0308492
0.0350543
0.0395263
0.0442148
0.0490634
0.0540133
0.0590074
0.0639938
0.0689298
0.073784
0.078539
0.0831915
0.0877524
0.0922454
0.0967045
0.101171
0.105691
0.110308
0.115063
0.11999
0.125111
0.130433
0.13595
0.141639
0.147459
0.153358
0.159268
0.165114
0.170813
0.176282
0.181437
0.186204
0.190515
0.194312
0.197553
0.200209
0.202262
0.203708
0.204552
0.204808
0.204494
0.203633
0.202249
0.200366
0.198011
0.195206
0.191979
0.188354
0.184362
0.180035
0.175412
0.170536
0.165456
0.160227
0.154908
0.149561
0.14425
0.139039
0.13399
0.12916
0.124601
0.120357
0.116464
0.112949
0.10983
0.107114
0.104801
0.102883
0.101342
0.100157
0.0993003
0.0987408
0.0984453
0.0983786
0.0985055
0.0987912
0.0992022
0.0997071
0.100277
0.100886
0.101511
0.102134
0.102738
0.103311
0.103846
0.104337
0.104781
0.10518
0.105537
0.105857
0.106148
0.106417
0.106674
0.106928
0.107189
0.107464
0.107761
0.108087
0.108447
0.108842
0.109273
0.10974
0.110238
0.110762
0.111305
0.111856
0.112406
0.112942
0.113452
0.113923
0.114341
0.114695
0.114972
0.115162
0.115256
0.115246
0.115129
0.114902
0.114565
0.11412
0.113575
0.112937
0.112218
0.111433
0.1106
0.109738
0.108871
0.108021
0.107217
0.106487
0.10586
0.105366
0.105037
0.104901
0.104989
0.105328
0.105943
0.106855
0.108083
0.109638
0.111526
0.113749
0.116297
0.119156
0.122302
0.125701
0.129314
0.133091
0.136976
0.140908
0.144818
0.148636
0.152289
0.155707
0.158819
0.161563
0.163879
0.16572
0.167047
0.167835
0.16807
0.167751
0.166891
0.165517
0.163663
0.16138
0.158721
0.155749
0.152531
0.149134
0.145626
0.142072
0.138532
0.13506
0.131704
0.128501
0.125481
0.122666
0.120068
0.117692
0.115536
0.11359
0.111843
0.110277
0.108874
0.107612
0.106471
0.105431
0.104473
0.10358
0.102738
0.101933
0.101156
0.100401
0.0996627
0.0989386
0.0982286
0.0975343
0.0968587
0.0962059
0.0955812
0.0949901
0.094439
0.0939341
0.0934818
0.0930882
0.092759
0.0924998
0.0923153
0.0922098
0.0921869
0.0922494
0.0923997
0.0926391
0.0929683
0.0933874
0.0938956
0.0944915
0.0951731
0.0959378
0.0967822
0.0977027
0.098695
0.0997544
0.100876
0.102054
0.103283
0.104558
0.105872
0.107219
0.108593
0.109987
0.111397
0.112816
0.114238
0.115658
0.117071
0.118471
0.119855
0.121217
0.122555
0.123864
0.125143
0.126388
0.127597
0.128769
0.129903
0.130997
0.13205
0.133064
0.134036
0.134968
0.13586
0.136712
0.137525
0.138301
0.139041
0.139747
0.140424
0.141074
0.141705
0.142323
0.142937
0.143557
0.144194
0.144861
0.145568
0.146324
0.147137
0.148008
0.14893
0.14989
0.150867
0.151829
0.152738
0.153554
0.154235
0.154749
0.155074
0.155212
0.155188
0.155055
0.154893
0.154804
0.174872
