0.0482611
0.0476787
0.0470793
0.0464675
0.0458544
0.0452559
0.0446904
0.0441773
0.0437349
0.0433801
0.0431265
0.042985
0.0429625
0.0430629
0.0432863
0.0436296
0.0440869
0.0446492
0.0453052
0.0460416
0.0468431
0.0476935
0.0485756
0.0494721
0.0503662
0.051242
0.0520853
0.0528837
0.0536275
0.0543096
0.0549258
0.0554751
0.0559592
0.0563826
0.0567518
0.0570758
0.0573645
0.0576292
0.0578813
0.0581324
0.0583935
0.0586749
0.0589855
0.0593332
0.0597242
0.0601633
0.0606542
0.061199
0.061799
0.0624545
0.0631655
0.0639316
0.0647524
0.0656274
0.0665568
0.0675409
0.0685805
0.0696766
0.0708305
0.0720434
0.0733161
0.0746487
0.0760404
0.077489
0.0789909
0.0805403
0.0821299
0.0837502
0.0853899
0.0870364
0.088676
0.0902943
0.0918772
0.0934115
0.0948857
0.0962907
0.0976205
0.0988733
0.100051
0.101161
0.102215
0.103229
0.104223
0.105223
0.106257
0.107353
0.108544
0.10986
0.111333
0.112991
0.114859
0.116961
0.119312
0.121926
0.124808
0.12796
0.131375
0.135042
0.138944
0.143058
0.147355
0.151802
0.156363
0.160995
0.165654
0.170292
0.17486
0.179306
0.183579
0.187625
0.191395
0.194836
0.197904
0.200552
0.202742
0.204439
0.205615
0.206251
0.206332
0.205853
0.20482
0.203245
0.201149
0.198563
0.195524
0.192078
0.188274
0.18417
0.179823
0.175295
0.170649
0.165946
0.161245
0.156602
0.15207
0.147695
0.143519
0.139575
0.135893
0.132493
0.129391
0.126593
0.124103
0.121917
0.120026
0.11842
0.117081
0.11599
0.115128
0.114471
0.113997
0.113682
0.113504
0.113438
0.113465
0.113564
0.113716
0.113904
0.114113
0.11433
0.114543
0.114743
0.114921
0.115072
0.115191
0.115275
0.115323
0.115334
0.115311
0.115256
0.115172
0.115064
0.114938
0.1148
0.114657
0.114516
0.114386
0.114275
0.114192
0.114144
0.114141
0.11419
0.114301
0.114479
0.114732
0.115065
0.115484
0.115992
0.116592
0.117286
0.118073
0.118952
0.11992
0.120975
0.122109
0.123317
0.12459
0.125921
0.1273
0.128716
0.130159
0.131618
0.133082
0.134541
0.135984
0.137403
0.138788
0.140133
0.141431
0.142678
0.143871
0.145008
0.146089
0.147116
0.148092
0.149022
0.14991
0.150764
0.151591
0.152398
0.153194
0.153985
0.154778
0.155579
0.156391
0.157217
0.158057
0.158909
0.15977
0.160632
0.161488
0.162327
0.163138
0.163907
0.164622
0.165269
0.165835
0.166309
0.16668
0.16694
0.16708
0.167096
0.166982
0.166735
0.166352
0.165831
0.165169
0.164362
0.163408
0.162303
0.161044
0.15963
0.15806
0.156337
0.154469
0.152467
0.150346
0.148129
0.145842
0.143515
0.141182
0.138877
0.136634
0.134487
0.132464
0.130588
0.128877
0.12734
0.12598
0.124791
0.123764
0.12288
0.122119
0.121459
0.120876
0.120348
0.119852
0.119373
0.118897
0.118415
0.117924
0.117425
0.11692
0.116418
0.115925
0.115449
0.114996
0.114567
0.11416
0.113768
0.113377
0.112972
0.112531
0.112033
0.111457
0.110787
0.110012
0.109127
0.10814
0.119097
