0.417399
0.423002
0.427164
0.429572
0.430092
0.428757
0.425735
0.421286
0.41572
0.409354
0.402486
0.395365
0.388189
0.381101
0.374192
0.367513
0.361084
0.354905
0.348964
0.343243
0.337725
0.332394
0.327237
0.322245
0.31741
0.312728
0.308193
0.303798
0.299539
0.295407
0.291391
0.287481
0.283664
0.279925
0.276248
0.272618
0.269017
0.26543
0.26184
0.258232
0.254591
0.250903
0.247156
0.243339
0.239443
0.235459
0.231383
0.22721
0.222938
0.218567
0.214099
0.209537
0.204887
0.200158
0.195358
0.190498
0.185593
0.180656
0.175703
0.170753
0.165824
0.160937
0.156111
0.151369
0.146732
0.142224
0.137867
0.133683
0.129695
0.125925
0.122394
0.119121
0.116127
0.113427
0.111039
0.108976
0.10725
0.10587
0.104844
0.104175
0.103866
0.103915
0.104317
0.105065
0.106149
0.107553
0.109261
0.111252
0.113504
0.115989
0.118679
0.121543
0.124545
0.127652
0.130824
0.134025
0.137214
0.140351
0.143397
0.146312
0.149059
0.151598
0.153897
0.15592
0.157639
0.159026
0.160056
0.16071
0.160971
0.160828
0.160271
0.159298
0.15791
0.156111
0.153911
0.151324
0.148366
0.145059
0.141428
0.137499
0.133303
0.128873
0.124242
0.119447
0.114525
0.109513
0.104451
0.0993762
0.0943276
0.089343
0.0844597
0.079714
0.0751413
0.0707757
0.06665
0.0627955
0.0592422
0.0560182
0.0531501
0.0506626
0.0485785
0.0469185
0.0457011
0.0449423
0.0446552
0.0448501
0.0455336
0.0467088
0.0483746
0.0505251
0.0531496
0.0562322
0.0597509
0.0636781
0.0679797
0.0726156
0.0775393
0.0826981
0.0880339
0.093483
0.0989774
0.104445
0.109812
0.115002
0.119939
0.124547
0.128755
0.132494
0.135701
0.138321
0.140305
0.141617
0.142227
0.14212
0.14129
0.139742
0.137496
0.134579
0.131032
0.126902
0.122247
0.11713
0.111621
0.105792
0.0997183
0.093475
0.0871364
0.080774
0.0744553
0.0682426
0.0621922
0.0563537
0.0507693
0.0454736
0.0404938
0.0358497
0.0315542
0.027614
0.0240298
0.0207978
0.0179104
0.0153569
0.0131253
0.0112024
0.00957589
0.00823465
0.00717022
0.00637757
0.00585607
0.00561012
0.00564978
0.00599102
0.00665578
0.00767164
0.00907098
0.0108898
0.013166
0.0159367
0.0192358
0.0230905
0.0275171
0.0325178
0.038076
0.0441535
0.0506868
0.0575857
0.0647324
0.0719827
0.0791688
0.0861039
0.0925895
0.0984229
0.103408
0.107364
0.110136
0.111608
0.111704
0.1104
0.107722
0.103751
0.0986129
0.0924774
0.0855454
0.0780395
0.070191
0.0622279
0.0543638
0.046788
0.0396582
0.033096
0.0271846
0.0219701
0.0174644
0.01365
0.0104858
0.00791384
0.00586558
0.00426757
0.00304646
0.00213277
0.00146352
0.000983847
0.000647554
0.00041704
0.000262633
0.000161618
9.7113e-05
5.69334e-05
3.2538e-05
1.81115e-05
9.80922e-06
5.16383e-06
2.63921e-06
1.30799e-06
6.27752e-07
2.91334e-07
1.30534e-07
5.63686e-08
2.34153e-08
9.33678e-09
3.56548e-09
1.30058e-09
4.51845e-10
1.49024e-10
4.64863e-11
1.3657e-11
3.76034e-12
9.64864e-13
2.29171e-13
4.99837e-14
9.91371e-15
1.76658e-15
2.78508e-16
3.80686e-17
4.38811e-18
4.09689e-19
2.90607e-20
1.39302e-21
3.38874e-23
2.85252e-26
