0.0946769
0.094716
0.0947538
0.0947901
0.0948248
0.0948585
0.094892
0.0949262
0.0949624
0.0950014
0.0950443
0.0950918
0.0951448
0.0952038
0.0952693
0.095342
0.0954226
0.0955118
0.0956109
0.0957213
0.0958446
0.0959831
0.0961391
0.0963152
0.0965144
0.0967395
0.0969935
0.0972791
0.0975989
0.097955
0.0983491
0.0987823
0.099255
0.0997671
0.100318
0.100905
0.101527
0.102182
0.102864
0.103573
0.104302
0.105048
0.105806
0.106572
0.107342
0.10811
0.108874
0.109627
0.110367
0.11109
0.111791
0.112468
0.113116
0.113734
0.114319
0.114868
0.115379
0.115852
0.116284
0.116675
0.117026
0.117335
0.117604
0.117834
0.118026
0.118181
0.118303
0.118392
0.118451
0.118483
0.118491
0.118476
0.11844
0.118387
0.118319
0.118236
0.11814
0.118033
0.117915
0.117787
0.11765
0.117502
0.117344
0.117175
0.116994
0.116801
0.116594
0.116372
0.116136
0.115883
0.115614
0.115327
0.115024
0.114704
0.114369
0.114018
0.113654
0.113278
0.112893
0.112502
0.112106
0.111711
0.111318
0.110932
0.110557
0.110196
0.109854
0.109535
0.109242
0.108979
0.10875
0.108557
0.108404
0.108292
0.108224
0.108201
0.108224
0.108293
0.108408
0.108568
0.108771
0.109016
0.1093
0.109619
0.10997
0.11035
0.110753
0.111175
0.111612
0.112058
0.112508
0.112958
0.113402
0.113837
0.114256
0.114658
0.115037
0.115392
0.115719
0.116016
0.116282
0.116516
0.116718
0.116887
0.117024
0.11713
0.117208
0.117257
0.117282
0.117284
0.117265
0.11723
0.117179
0.117118
0.117047
0.11697
0.11689
0.116809
0.116729
0.116651
0.116579
0.116512
0.116451
0.116398
0.116351
0.116312
0.11628
0.116253
0.116231
0.116212
0.116195
0.116179
0.116162
0.116142
0.116118
0.116088
0.116052
0.116008
0.115956
0.115897
0.115829
0.115753
0.115671
0.115583
0.115492
0.1154
0.115307
0.115218
0.115135
0.11506
0.114997
0.114948
0.114916
0.114903
0.114913
0.114947
0.115007
0.115095
0.115211
0.115357
0.115532
0.115737
0.115971
0.116233
0.11652
0.116832
0.117165
0.117517
0.117884
0.118263
0.118649
0.11904
0.119429
0.119814
0.12019
0.120553
0.120899
0.121224
0.121526
0.121801
0.122048
0.122264
0.12245
0.122603
0.122726
0.122819
0.122883
0.12292
0.122934
0.122928
0.122904
0.122868
0.122824
0.122776
0.12273
0.122689
0.122659
0.122646
0.122653
0.122685
0.122748
0.122845
0.12298
0.123157
0.12338
0.123651
0.123973
0.124346
0.124772
0.125253
0.125786
0.126372
0.127009
0.127695
0.128427
0.129202
0.130016
0.130866
0.131748
0.132656
0.133588
0.134538
0.135503
0.136479
0.137462
0.13845
0.139439
0.140427
0.141412
0.142392
0.143367
0.144335
0.145295
0.146247
0.14719
0.148123
0.149047
0.14996
0.150863
0.151753
0.152631
0.153495
0.154344
0.155175
0.155988
0.156781
0.15755
0.158293
0.159008
0.159692
0.16034
0.16095
0.161518
0.162039
0.162509
0.162924
0.16328
0.163571
0.163794
0.179786
