0.177605
0.177192
0.176589
0.175804
0.174845
0.173723
0.172451
0.171042
0.169508
0.167864
0.166124
0.164302
0.16241
0.160463
0.158473
0.156452
0.154411
0.152362
0.150314
0.148278
0.146261
0.144272
0.142318
0.140407
0.138544
0.136734
0.134983
0.133295
0.131673
0.130118
0.128634
0.12722
0.125878
0.124606
0.123403
0.122268
0.121199
0.120194
0.119248
0.11836
0.117527
0.116746
0.116013
0.115328
0.114687
0.114089
0.113531
0.113014
0.112535
0.112093
0.111688
0.111317
0.110979
0.110673
0.110396
0.110145
0.109918
0.109711
0.10952
0.109342
0.109173
0.109009
0.108846
0.108682
0.108513
0.108337
0.108153
0.10796
0.107757
0.107545
0.107324
0.107096
0.106862
0.106625
0.106386
0.106148
0.105912
0.105683
0.105461
0.105248
0.105047
0.104859
0.104686
0.104529
0.104391
0.104272
0.104175
0.1041
0.104049
0.104023
0.104024
0.104053
0.104111
0.104198
0.104316
0.104464
0.104643
0.104853
0.105092
0.10536
0.105656
0.105978
0.106324
0.106693
0.107081
0.107488
0.107911
0.108347
0.108794
0.109249
0.109712
0.110179
0.110648
0.111118
0.111586
0.112052
0.112513
0.112968
0.113415
0.113854
0.114282
0.1147
0.115105
0.115497
0.115876
0.116239
0.116588
0.116921
0.117238
0.117538
0.117821
0.118087
0.118336
0.118566
0.118778
0.118971
0.119145
0.119298
0.11943
0.11954
0.119626
0.119688
0.119722
0.119729
0.119706
0.11965
0.119562
0.119437
0.119276
0.119075
0.118835
0.118553
0.118229
0.117862
0.117453
0.117002
0.116511
0.11598
0.115412
0.114809
0.114176
0.113516
0.112832
0.112131
0.111417
0.110696
0.109974
0.109258
0.108553
0.107866
0.107205
0.106575
0.105984
0.105438
0.104944
0.104507
0.104133
0.103829
0.103597
0.103442
0.103369
0.103378
0.103472
0.103652
0.103918
0.104267
0.104698
0.105207
0.105791
0.106444
0.10716
0.107932
0.108753
0.109615
0.11051
0.11143
0.112367
0.113312
0.114258
0.115198
0.116126
0.117035
0.117922
0.118781
0.119611
0.120407
0.12117
0.121898
0.122592
0.123252
0.123878
0.124473
0.125038
0.125574
0.126083
0.126566
0.127026
0.127461
0.127874
0.128265
0.128632
0.128976
0.129295
0.129589
0.129854
0.13009
0.130295
0.130465
0.130599
0.130694
0.130748
0.130758
0.130724
0.130641
0.13051
0.130328
0.130095
0.129809
0.129469
0.129077
0.12863
0.128131
0.12758
0.126977
0.126325
0.125626
0.124882
0.124096
0.123272
0.122415
0.121531
0.120624
0.119702
0.118773
0.117844
0.116923
0.11602
0.115142
0.114299
0.113499
0.112747
0.112052
0.111417
0.110847
0.110346
0.109913
0.109549
0.109254
0.109025
0.108861
0.108758
0.108712
0.108722
0.108782
0.108891
0.109044
0.109238
0.10947
0.109737
0.110035
0.110359
0.110705
0.111067
0.111439
0.111814
0.112186
0.112546
0.112888
0.113202
0.113483
0.113723
0.113918
0.114062
0.114154
0.114191
0.114176
0.11411
0.113997
0.113843
0.126632
