0.175225
0.175534
0.175341
0.174663
0.17352
0.171937
0.169941
0.167561
0.164825
0.161762
0.158401
0.154769
0.150893
0.1468
0.142515
0.138065
0.133474
0.128769
0.123976
0.119121
0.114232
0.109337
0.104466
0.0996502
0.0949194
0.0903055
0.0858398
0.0815526
0.0774728
0.0736266
0.0700367
0.0667209
0.0636916
0.0609542
0.0585072
0.0563413
0.0544397
0.0527786
0.0513276
0.0500518
0.0489127
0.0478706
0.0468867
0.0459251
0.0449547
0.0439513
0.0428986
0.0417897
0.0406267
0.0394213
0.0381937
0.0369711
0.0357869
0.0346777
0.0336821
0.0328377
0.0321797
0.0317384
0.031538
0.0315954
0.0319194
0.0325104
0.033361
0.0344561
0.0357747
0.0372905
0.0389738
0.0407926
0.0427144
0.0447069
0.0467394
0.048783
0.0508115
0.0528009
0.0547296
0.0565777
0.058327
0.0599601
0.0614602
0.062811
0.0639963
0.0650005
0.0658089
0.0664078
0.0667859
0.0669342
0.0668472
0.0665233
0.0659656
0.0651814
0.0641831
0.0629875
0.0616158
0.0600925
0.0584451
0.0567033
0.0548976
0.053059
0.051218
0.0494037
0.0476433
0.0459619
0.0443819
0.0429229
0.0416021
0.0404335
0.0394294
0.0385995
0.037952
0.0374934
0.0372295
0.0371651
0.0373047
0.0376524
0.0382126
0.0389896
0.0399881
0.0412131
0.0426698
0.0443637
0.0463002
0.0484851
0.0509235
0.0536203
0.0565796
0.0598045
0.0632966
0.0670558
0.0710799
0.075364
0.0799004
0.0846777
0.0896812
0.0948916
0.100286
0.105835
0.111508
0.117267
0.12307
0.128871
0.134623
0.140273
0.145766
0.15105
0.156067
0.160766
0.165096
0.16901
0.172467
0.175431
0.177876
0.179781
0.181137
0.181942
0.182205
0.181945
0.181187
0.179966
0.178325
0.17631
0.173975
0.171374
0.168565
0.165603
0.162545
0.159443
0.156345
0.153295
0.150332
0.147488
0.144788
0.142253
0.139896
0.137725
0.135745
0.133954
0.132347
0.130918
0.129656
0.128552
0.127594
0.126771
0.126072
0.125487
0.125007
0.124625
0.124332
0.124125
0.123999
0.12395
0.123975
0.124074
0.124244
0.124484
0.124792
0.125168
0.12561
0.126114
0.12668
0.127304
0.127983
0.128712
0.129488
0.130307
0.131163
0.132052
0.132969
0.13391
0.134869
0.135844
0.136831
0.137825
0.138826
0.139831
0.140838
0.141848
0.142861
0.143877
0.144897
0.145923
0.146958
0.148005
0.149065
0.150141
0.151237
0.152354
0.153495
0.154662
0.155855
0.157075
0.158321
0.159593
0.160889
0.162205
0.163538
0.164884
0.166238
0.167594
0.168948
0.170292
0.171621
0.17293
0.174211
0.175461
0.176676
0.177852
0.178986
0.180078
0.181128
0.182138
0.18311
0.184048
0.184959
0.185848
0.186721
0.187585
0.188445
0.189308
0.190175
0.191046
0.191918
0.192785
0.193633
0.194448
0.195207
0.195889
0.196465
0.196908
0.197191
0.197291
0.197189
0.196874
0.196342
0.195599
0.19466
0.193547
0.192289
0.190915
0.189453
0.187929
0.186356
0.18474
0.183074
0.18134
0.179515
0.177569
0.175478
0.173224
0.170804
0.168236
0.165556
0.162823
0.160114
0.157517
0.155125
0.153029
0.151304
0.150007
0.14917
0.166779
