1.93202e-153
3.20423e-64
5.71697e-62
5.08413e-60
3.00477e-58
1.3277e-56
4.67847e-55
1.36947e-53
3.42512e-52
7.47177e-51
1.44422e-49
2.50434e-48
3.93522e-47
5.65013e-46
7.46422e-45
9.12687e-44
1.03822e-42
1.1036e-41
1.10051e-40
1.03308e-39
9.15738e-39
7.68609e-38
6.12381e-37
4.64197e-36
3.35461e-35
2.31557e-34
1.52934e-33
9.67989e-33
5.88027e-32
3.43303e-31
1.92869e-30
1.04392e-29
5.44964e-29
2.74673e-28
1.33793e-27
6.304e-27
2.87565e-26
1.271e-25
5.44726e-25
2.26541e-24
9.14857e-24
3.58986e-23
1.36959e-22
5.08335e-22
1.83653e-21
6.46201e-21
2.21556e-20
7.40556e-20
2.41432e-19
7.68051e-19
2.38524e-18
7.23435e-18
2.14371e-17
6.20871e-17
1.75818e-16
4.86978e-16
1.31974e-15
3.50061e-15
9.09114e-15
2.31231e-14
5.76183e-14
1.40698e-13
3.36784e-13
7.90451e-13
1.81959e-12
4.10927e-12
9.10665e-12
1.98091e-11
4.23052e-11
8.87253e-11
1.82781e-10
3.69953e-10
7.3586e-10
1.43871e-09
2.76557e-09
5.22783e-09
9.72037e-09
1.77814e-08
3.20084e-08
5.67123e-08
9.89237e-08
1.69915e-07
2.87453e-07
4.79077e-07
7.86773e-07
1.2735e-06
2.03216e-06
3.19767e-06
4.96285e-06
7.59911e-06
1.14826e-05
1.71271e-05
2.52239e-05
3.669e-05
5.27251e-05
7.4878e-05
0.000105122
0.00014594
0.000200419
0.000272355
0.000366365
0.000488011
0.000643928
0.000841969
0.00109135
0.00140284
0.00178887
0.00226379
0.00284406
0.00354842
0.00439815
0.00541731
0.00663297
0.00807545
0.00977854
0.0117797
0.0141203
0.0168457
0.0200052
0.0236523
0.0278443
0.0326423
0.0381109
0.0443173
0.0513315
0.0592246
0.0680686
0.0779351
0.0888941
0.101012
0.114353
0.128971
0.144916
0.162228
0.180933
0.201046
0.222568
0.245482
0.269754
0.295329
0.322134
0.350074
0.379032
0.408871
0.439431
0.470533
0.501979
0.533551
0.565019
0.596138
0.626654
0.656306
0.68483
0.711965
0.73745
0.761039
0.782493
0.801595
0.818144
0.831968
0.842916
0.850873
0.855751
0.857498
0.856096
0.851561
0.843943
0.833326
0.819827
0.803591
0.78479
0.763622
0.740304
0.715071
0.68817
0.659857
0.630395
0.600045
0.569068
0.537718
0.506238
0.474859
0.443798
0.413254
0.383408
0.354418
0.326425
0.299546
0.273877
0.249495
0.226454
0.204793
0.184528
0.165663
0.148184
0.132067
0.117274
0.103759
0.0914678
0.0803389
0.0703073
0.0613045
0.0532601
0.046103
0.0397626
0.0341696
0.0292566
0.024959
0.0212153
0.0179676
0.0151619
0.0127478
0.0106792
0.00891385
0.0074133
0.00614299
0.00507189
0.00417236
0.00341993
0.00279302
0.00227277
0.00184272
0.00148863
0.00119823
0.00096098
0.000767918
0.00061142
0.000485053
0.000383411
0.000301971
0.000236969
0.000185287
0.000144352
0.000112054
8.66681e-05
6.6791e-05
5.12866e-05
3.92389e-05
2.99129e-05
2.2721e-05
1.71958e-05
1.29673e-05
9.74321e-06
7.29431e-06
5.44121e-06
4.04423e-06
2.99506e-06
2.21006e-06
1.62493e-06
1.1904e-06
8.68924e-07
6.31977e-07
4.57985e-07
3.30698e-07
2.37927e-07
1.70564e-07
1.21832e-07
8.67092e-08
6.14897e-08
4.34481e-08
3.05895e-08
2.14588e-08
1.49992e-08
1.04464e-08
7.24931e-09
5.01256e-09
3.45347e-09
2.37074e-09
1.62161e-09
1.1052e-09
7.50532e-10
5.07846e-10
3.42395e-10
2.30016e-10
1.53965e-10
1.02688e-10
6.82419e-11
4.51874e-11
2.98138e-11
1.95999e-11
1.28388e-11
8.3797e-12
5.44965e-12
3.53137e-12
2.2801e-12
1.46689e-12
9.40328e-13
6.00617e-13
3.82255e-13
2.42412e-13
1.53183e-13
9.64619e-14
6.05456e-14
3.78994e-14
2.36958e-14
1.48613e-14
9.46333e-15
6.32822e-15
4.83813e-15
5.51869e-15
