0.231209
0.229546
0.227679
0.225764
0.223944
0.222344
0.221068
0.220194
0.219768
0.219804
0.220278
0.221135
0.222285
0.223614
0.224996
0.2263
0.227404
0.228207
0.228639
0.228665
0.22829
0.22755
0.226509
0.225248
0.22385
0.222391
0.220928
0.219492
0.218083
0.216674
0.215212
0.213624
0.211833
0.209763
0.207346
0.20454
0.201322
0.197699
0.193707
0.189404
0.18487
0.180198
0.175489
0.170845
0.166365
0.162136
0.158235
0.154722
0.151644
0.14903
0.146896
0.145244
0.144064
0.143337
0.143037
0.143131
0.143582
0.14435
0.145391
0.146665
0.148126
0.149735
0.15145
0.153234
0.155052
0.156874
0.158674
0.160429
0.162125
0.163752
0.165303
0.166783
0.168196
0.169556
0.17088
0.17219
0.173511
0.17487
0.176297
0.177821
0.179472
0.181277
0.183263
0.18545
0.187858
0.190498
0.193378
0.196497
0.199852
0.203429
0.207209
0.211168
0.215273
0.219488
0.22377
0.228072
0.232344
0.236533
0.240583
0.24444
0.248049
0.251354
0.254305
0.256855
0.258958
0.260576
0.261678
0.262235
0.26223
0.26165
0.260491
0.258757
0.256457
0.25361
0.25024
0.24638
0.242066
0.237339
0.232246
0.226836
0.22116
0.215272
0.209224
0.20307
0.196861
0.190647
0.184474
0.178386
0.172422
0.166618
0.161003
0.155603
0.150439
0.145527
0.140878
0.1365
0.132395
0.128561
0.124994
0.121687
0.118629
0.115808
0.11321
0.11082
0.108621
0.106597
0.104732
0.103008
0.101409
0.0999206
0.098527
0.0972145
0.0959703
0.0947829
0.0936415
0.0925368
0.0914605
0.0904056
0.0893661
0.088337
0.0873145
0.086296
0.0852796
0.0842647
0.0832519
0.0822425
0.0812395
0.080247
0.0792703
0.0783167
0.0773948
0.0765154
0.0756911
0.0749367
0.0742693
0.0737081
0.0732746
0.0729925
0.072887
0.0729848
0.0733132
0.0738993
0.0747694
0.0759473
0.077453
0.0793016
0.0815014
0.0840522
0.0869441
0.090156
0.0936545
0.097393
0.101312
0.105338
0.109388
0.113366
0.11717
0.120692
0.123822
0.126455
0.128489
0.129837
0.130422
0.130189
0.129102
0.127149
0.124342
0.120717
0.116332
0.111266
0.105617
0.099495
0.0930185
0.0863113
0.0794965
0.0726922
0.0660074
0.0595389
0.0533688
0.0475627
0.0421693
0.0372204
0.0327318
0.028705
0.0251292
0.0219834
0.0192391
0.0168624
0.0148163
0.0130629
0.0115645
0.0102853
0.00919221
0.00825545
0.00744878
0.00674964
0.00613899
0.00560106
0.005123
0.0046945
0.00430739
0.00395526
0.00363312
0.00333707
0.0030641
0.00281182
0.00257834
0.00236211
0.00216182
0.00197637
0.00180476
0.00164611
0.0014996
0.00136446
0.00123995
0.00112541
0.00102017
0.000923611
0.00083514
0.000754193
0.000680233
0.000612752
0.000551268
0.000495327
0.0004445
0.000398384
0.000356601
0.000318796
0.000284639
0.00025382
0.000226051
0.000201066
0.000178617
0.000158475
0.000140427
0.00012428
0.000109852
9.69804e-05
8.55131e-05
7.53122e-05
6.62518e-05
5.8217e-05
5.11038e-05
4.48179e-05
3.9274e-05
3.43957e-05
3.01143e-05
2.63689e-05
2.31056e-05
2.02779e-05
1.78456e-05
1.57762e-05
1.40443e-05
1.26336e-05
1.15387e-05
1.07687e-05
1.03538e-05
1.03561e-05
1.08872e-05
1.3735e-05
