0.0662533
0.0677208
0.0696643
0.0720219
0.0747109
0.0776327
0.0806789
0.0837384
0.0867054
0.0894865
0.0920065
0.0942135
0.0960809
0.0976083
0.0988201
0.0997624
0.100499
0.101106
0.101666
0.102265
0.102982
0.103891
0.105048
0.106496
0.108258
0.110335
0.112711
0.11535
0.118199
0.121197
0.124276
0.127366
0.130404
0.133336
0.136125
0.138747
0.141198
0.143489
0.145647
0.147706
0.149707
0.151691
0.153694
0.155744
0.157859
0.160046
0.1623
0.164607
0.166946
0.169293
0.171625
0.173922
0.176168
0.178357
0.180488
0.18257
0.184616
0.186645
0.188676
0.190726
0.192811
0.194939
0.197111
0.199321
0.201553
0.203783
0.205981
0.208109
0.210129
0.211996
0.213669
0.215107
0.216271
0.217131
0.217659
0.217836
0.217651
0.217097
0.216179
0.214905
0.213292
0.21136
0.209136
0.206649
0.20393
0.201013
0.197931
0.194717
0.191404
0.188021
0.184595
0.18115
0.177707
0.174284
0.170893
0.167546
0.16425
0.16101
0.157827
0.154701
0.151633
0.148618
0.145655
0.14274
0.139872
0.137048
0.134269
0.131535
0.128848
0.126211
0.123631
0.121113
0.118665
0.116297
0.114017
0.111836
0.109765
0.107815
0.105995
0.104316
0.102786
0.101415
0.100208
0.0991711
0.0983085
0.0976225
0.0971137
0.0967812
0.0966224
0.096633
0.0968071
0.0971373
0.0976149
0.0982298
0.098971
0.0998262
0.100783
0.101827
0.102944
0.104121
0.105343
0.106595
0.107865
0.109138
0.110401
0.111644
0.112855
0.114026
0.11515
0.116219
0.117231
0.118185
0.119082
0.119925
0.120721
0.121479
0.122212
0.122935
0.123666
0.124427
0.125239
0.126128
0.127122
0.128246
0.129529
0.130997
0.132674
0.134582
0.136736
0.139149
0.141825
0.144759
0.14794
0.151344
0.154941
0.158686
0.162528
0.166404
0.170244
0.173973
0.177507
0.180766
0.183666
0.186128
0.188079
0.189456
0.190207
0.190294
0.189694
0.188401
0.186427
0.1838
0.180564
0.176777
0.172509
0.167841
0.162859
0.157652
0.152311
0.146922
0.141568
0.136321
0.131245
0.126395
0.12181
0.117522
0.113548
0.109896
0.106564
0.103542
0.100815
0.0983598
0.0961528
0.0941672
0.0923758
0.0907517
0.0892695
0.0879059
0.0866397
0.0854526
0.084329
0.083256
0.0822232
0.0812225
0.0802481
0.0792955
0.0783619
0.0774456
0.0765459
0.0756626
0.0747961
0.0739469
0.0731159
0.0723039
0.0715115
0.0707395
0.0699883
0.069258
0.0685489
0.0678605
0.0671926
0.0665444
0.065915
0.0653033
0.064708
0.0641277
0.0635607
0.0630052
0.0624594
0.0619214
0.0613891
0.0608606
0.0603339
0.0598071
0.0592781
0.0587451
0.0582065
0.0576607
0.0571061
0.0565416
0.055966
0.0553786
0.0547785
0.0541655
0.0535394
0.0529003
0.0522487
0.0515851
0.0509106
0.0502265
0.0495344
0.0488361
0.0481341
0.0474307
0.046729
0.0460322
0.045344
0.0446684
0.0440097
0.0433728
0.042763
0.042186
0.0416482
0.0411566
0.0407189
0.0403438
0.0400413
0.0398228
0.0397014
0.0396922
0.039813
0.0400842
0.0405291
0.0411738
0.0420464
0.043176
0.0445905
0.0463139
0.0483623
0.0574126
