2.36484e-34
2.15333e-34
2.98492e-34
4.88165e-34
8.37141e-34
1.45227e-33
2.52348e-33
4.37987e-33
7.58738e-33
1.31158e-32
2.26224e-32
3.89331e-32
6.68549e-32
1.14546e-31
1.95822e-31
3.34022e-31
5.68494e-31
9.6541e-31
1.63582e-30
2.76563e-30
4.66544e-30
7.85289e-30
1.31888e-29
2.21016e-29
3.69557e-29
6.16568e-29
1.02642e-28
1.70494e-28
2.82578e-28
4.67319e-28
7.7114e-28
1.2697e-27
2.08599e-27
3.41959e-27
5.5935e-27
9.1294e-27
1.48679e-26
2.41607e-26
3.91761e-26
6.33846e-26
1.02329e-25
1.64843e-25
2.64968e-25
4.24984e-25
6.80154e-25
1.08617e-24
1.7308e-24
2.75204e-24
4.36637e-24
6.91268e-24
1.09202e-23
1.72139e-23
2.70762e-23
4.2497e-23
6.65568e-23
1.04014e-22
1.62201e-22
2.52396e-22
3.91902e-22
6.0721e-22
9.3879e-22
1.44833e-21
2.22963e-21
3.42507e-21
5.25022e-21
8.03075e-21
1.22576e-20
1.86694e-20
2.83745e-20
4.30328e-20
6.51249e-20
9.83489e-20
1.48207e-19
2.22867e-19
3.34425e-19
5.00763e-19
7.48247e-19
1.11568e-18
1.66001e-18
2.46472e-18
3.65178e-18
5.39916e-18
7.96583e-18
1.17279e-17
1.72304e-17
2.52614e-17
3.69577e-17
5.39561e-17
7.86076e-17
1.14282e-16
1.65798e-16
2.40034e-16
3.46783e-16
4.9996e-16
7.1929e-16
1.03268e-15
1.47953e-15
2.11532e-15
3.01804e-15
4.29703e-15
6.10535e-15
8.65665e-15
1.22486e-14
1.72952e-14
2.43704e-14
3.4269e-14
4.80886e-14
6.73418e-14
9.41088e-14
1.31244e-13
1.82656e-13
2.53684e-13
3.51608e-13
4.86331e-13
6.71292e-13
9.24698e-13
1.27115e-12
1.74383e-12
2.38738e-12
3.26175e-12
4.44725e-12
6.05126e-12
8.21699e-12
1.11351e-11
1.50588e-11
2.03237e-11
2.73736e-11
3.67941e-11
4.93562e-11
6.60731e-11
8.82727e-11
1.17693e-10
1.566e-10
2.0795e-10
2.75579e-10
3.64466e-10
4.81052e-10
6.33654e-10
8.32986e-10
1.09282e-09
1.43083e-09
1.86963e-09
2.4381e-09
3.17305e-09
4.12129e-09
5.34219e-09
6.91095e-09
8.92255e-09
1.14967e-08
1.4784e-08
1.89735e-08
2.43017e-08
3.10645e-08
3.96304e-08
5.04582e-08
6.41172e-08
8.13126e-08
1.02916e-07
1.30002e-07
1.63892e-07
2.06211e-07
2.58947e-07
3.24531e-07
4.05927e-07
5.06743e-07
6.3136e-07
7.85084e-07
9.74332e-07
1.20684e-06
1.49193e-06
1.84077e-06
2.26678e-06
2.78596e-06
3.41743e-06
4.18394e-06
5.11249e-06
6.23509e-06
7.58959e-06
9.22061e-06
1.11807e-05
1.35316e-05
1.63456e-05
1.97073e-05
2.37152e-05
2.84843e-05
3.41478e-05
4.08604e-05
4.88008e-05
5.81752e-05
6.92209e-05
8.22107e-05
9.74572e-05
0.000115318
0.0001362
0.00016057
0.000188953
0.00022195
0.000260236
0.000304575
0.000355829
0.000414965
0.000483068
0.000561351
0.000651172
0.00075404
0.000871636
0.00100583
0.00115867
0.00133246
0.0015297
0.00175316
0.00200589
0.00229122
0.00261278
0.00297455
0.00338087
0.00383643
0.00434634
0.00491613
0.00555176
0.00625966
0.00704675
0.00792047
0.00888878
0.00996019
0.0111438
0.0124493
0.013887
0.0154679
0.0172035
0.0191062
0.0211889
0.0234652
0.0259497
0.0286574
0.0316044
0.0348072
0.0382835
0.0420515
0.0461304
0.0505401
0.0553017
0.0604367
0.0659679
0.0719188
0.0783138
0.0851783
0.0925386
0.100422
0.108856
0.117871
0.127495
0.13776
0.148698
0.16034
0.17272
0.185872
0.19983
0.21463
0.230308
0.2469
0.264443
0.282975
0.302533
0.323155
0.344877
0.367737
0.391767
0.416999
0.443461
0.471175
0.500156
0.530412
0.561939
0.594725
0.628744
0.66396
0.700329
0.737797
0.776313
0.815827
0.856297
0.897695
0.940005
0.983214
1.02729
1.07217
1.11767
1.16349
1.20907
1.25362
1.29599
1.33475
1.36819
1.3945
1.41194
1.4191
1.41517
1.40018
1.54062
