0.176982
0.177068
0.176971
0.176695
0.176242
0.175617
0.174826
0.173877
0.172777
0.171536
0.170161
0.168663
0.167054
0.165343
0.163543
0.161666
0.159722
0.157727
0.15569
0.153626
0.151547
0.149465
0.147392
0.145339
0.143317
0.141336
0.139404
0.13753
0.13572
0.133979
0.132312
0.130723
0.129212
0.127782
0.126432
0.125162
0.12397
0.122853
0.121811
0.120839
0.119936
0.119098
0.118323
0.117608
0.11695
0.116347
0.115797
0.115296
0.114841
0.11443
0.114059
0.113724
0.113421
0.113146
0.112893
0.112657
0.112433
0.112216
0.112001
0.111782
0.111556
0.111318
0.111066
0.110797
0.110509
0.110203
0.109877
0.109532
0.109171
0.108794
0.108404
0.108004
0.107597
0.107184
0.10677
0.106357
0.105948
0.105545
0.105151
0.104768
0.104398
0.104044
0.103708
0.103391
0.103096
0.102825
0.10258
0.102362
0.102173
0.102016
0.10189
0.101799
0.101742
0.101721
0.101736
0.101786
0.101873
0.101994
0.10215
0.10234
0.102562
0.102816
0.103098
0.10341
0.103748
0.104111
0.104498
0.104907
0.105336
0.105786
0.106253
0.106736
0.107234
0.107746
0.10827
0.108804
0.109347
0.109896
0.11045
0.111008
0.111567
0.112124
0.112679
0.113228
0.11377
0.114303
0.114823
0.115329
0.115818
0.116289
0.116738
0.117163
0.117563
0.117935
0.118277
0.118587
0.118862
0.119103
0.119306
0.11947
0.119595
0.11968
0.119723
0.119724
0.119683
0.1196
0.119475
0.119308
0.1191
0.118853
0.118566
0.118241
0.11788
0.117484
0.117055
0.116595
0.116106
0.115592
0.115054
0.114496
0.113921
0.113332
0.112733
0.112128
0.111521
0.110916
0.110317
0.10973
0.109158
0.108607
0.10808
0.107582
0.107119
0.106694
0.106311
0.105975
0.105689
0.105458
0.105283
0.105168
0.105115
0.105127
0.105204
0.105347
0.105557
0.105834
0.106176
0.106582
0.107051
0.107578
0.108162
0.108797
0.109481
0.110207
0.110971
0.111768
0.112592
0.113438
0.114299
0.115171
0.116049
0.116926
0.117799
0.118664
0.119516
0.120351
0.121167
0.121961
0.122729
0.123471
0.124184
0.124867
0.125517
0.126133
0.126713
0.127256
0.127761
0.128224
0.128646
0.129023
0.129353
0.129635
0.129867
0.130047
0.130173
0.130243
0.130256
0.130211
0.130108
0.129946
0.129725
0.129447
0.129111
0.12872
0.128276
0.127781
0.127238
0.12665
0.126021
0.125354
0.124653
0.123921
0.123163
0.122383
0.121584
0.12077
0.119943
0.119109
0.11827
0.11743
0.116592
0.115759
0.114936
0.114127
0.113336
0.112569
0.11183
0.111125
0.110459
0.10984
0.109271
0.10876
0.108309
0.107924
0.107607
0.107361
0.107185
0.10708
0.107044
0.107074
0.107166
0.107317
0.107521
0.107775
0.108072
0.108409
0.108781
0.109185
0.109615
0.110069
0.110544
0.111034
0.111537
0.112048
0.112561
0.113072
0.113573
0.114057
0.114518
0.114947
0.115337
0.115679
0.115966
0.116193
0.116353
0.116444
0.116463
0.11641
0.116287
0.129413
