0.0917971
0.0918639
0.0919681
0.0921099
0.0922889
0.0925044
0.0927552
0.0930398
0.0933568
0.0937045
0.0940811
0.0944852
0.0949153
0.09537
0.0958481
0.0963484
0.0968696
0.0974104
0.0979695
0.0985452
0.0991356
0.0997388
0.100353
0.100974
0.101602
0.102232
0.102863
0.103492
0.104116
0.104734
0.105344
0.105945
0.106534
0.107112
0.107678
0.108232
0.108773
0.109303
0.109821
0.110327
0.110822
0.111306
0.111779
0.112241
0.112692
0.113131
0.113558
0.113973
0.114375
0.114762
0.115135
0.115493
0.115835
0.11616
0.116468
0.116759
0.117033
0.117288
0.117525
0.117743
0.117943
0.118123
0.118285
0.118426
0.118548
0.11865
0.118731
0.11879
0.118829
0.118845
0.11884
0.118812
0.118761
0.118689
0.118595
0.118479
0.118342
0.118185
0.118008
0.117814
0.117603
0.117376
0.117137
0.116885
0.116624
0.116354
0.116079
0.115799
0.115518
0.115237
0.114959
0.114684
0.114416
0.114155
0.113904
0.113664
0.113436
0.113223
0.113024
0.112841
0.112675
0.112527
0.112396
0.112285
0.112192
0.112118
0.112063
0.112027
0.112009
0.112008
0.112025
0.112058
0.112106
0.112168
0.112244
0.112332
0.11243
0.112538
0.112655
0.112779
0.112908
0.113043
0.113181
0.113323
0.113466
0.113611
0.113756
0.113902
0.114047
0.114192
0.114336
0.114479
0.114621
0.114761
0.1149
0.115038
0.115175
0.11531
0.115443
0.115575
0.115706
0.115835
0.115962
0.116088
0.116212
0.116333
0.116453
0.11657
0.116684
0.116796
0.116905
0.117011
0.117113
0.117212
0.117307
0.117398
0.117484
0.117566
0.117642
0.117713
0.117778
0.117836
0.117888
0.117933
0.117972
0.118003
0.118027
0.118043
0.118053
0.118057
0.118054
0.118046
0.118033
0.118015
0.117995
0.117972
0.117948
0.117924
0.117901
0.11788
0.117861
0.117847
0.117838
0.117834
0.117837
0.117848
0.117866
0.117893
0.11793
0.117976
0.118031
0.118097
0.118173
0.11826
0.118357
0.118464
0.118581
0.118709
0.118846
0.118992
0.119147
0.119309
0.11948
0.119656
0.119839
0.120027
0.120218
0.120413
0.120609
0.120807
0.121005
0.121203
0.121398
0.121591
0.121781
0.121966
0.122146
0.122321
0.122489
0.122649
0.122802
0.122946
0.12308
0.123205
0.12332
0.123424
0.123516
0.123598
0.123669
0.123728
0.123778
0.123817
0.123847
0.123869
0.123884
0.123893
0.123898
0.123902
0.123904
0.123908
0.123916
0.123928
0.123948
0.123977
0.124018
0.124071
0.124139
0.124224
0.124327
0.12445
0.124594
0.124762
0.124954
0.125173
0.125419
0.125694
0.126
0.126337
0.126706
0.127108
0.127543
0.128012
0.128515
0.129051
0.12962
0.13022
0.13085
0.131509
0.132194
0.132904
0.133635
0.134385
0.135152
0.135933
0.136724
0.137522
0.138326
0.139133
0.139939
0.140742
0.14154
0.142331
0.143113
0.143883
0.144639
0.14538
0.146104
0.146808
0.147492
0.148153
0.14879
0.149401
0.149984
0.150539
0.151063
0.151556
0.152014
0.152437
0.152824
0.168041
