0.0138191
0.0126885
0.0119809
0.0116091
0.0115076
0.0116284
0.011937
0.0124089
0.0130272
0.0137799
0.0146592
0.0156598
0.0167784
0.018013
0.0193626
0.0208271
0.0224066
0.0241017
0.025913
0.0278415
0.0298878
0.0320526
0.0343365
0.0367395
0.0392618
0.0419028
0.0446618
0.0475375
0.0505282
0.0536316
0.056845
0.060165
0.0635877
0.0671085
0.0707225
0.0744238
0.0782062
0.0820628
0.0859862
0.0899684
0.0940011
0.0980752
0.102182
0.10631
0.110452
0.114595
0.118731
0.122848
0.126936
0.130984
0.134982
0.138921
0.142789
0.146579
0.15028
0.153886
0.157387
0.160777
0.16405
0.1672
0.170223
0.173116
0.175876
0.178501
0.180991
0.183346
0.185569
0.187661
0.189626
0.191469
0.193194
0.194809
0.196319
0.197732
0.199055
0.200298
0.201469
0.202575
0.203627
0.204631
0.205597
0.206532
0.207443
0.208337
0.209219
0.210095
0.210967
0.211839
0.212712
0.213586
0.21446
0.215333
0.216199
0.217055
0.217894
0.218708
0.219491
0.220232
0.220921
0.221548
0.222102
0.222571
0.222943
0.223208
0.223354
0.22337
0.223247
0.222977
0.222551
0.221964
0.221212
0.220291
0.219201
0.217943
0.216522
0.214942
0.213212
0.211344
0.209348
0.207241
0.205039
0.202761
0.200429
0.198063
0.195689
0.193329
0.191009
0.188754
0.186589
0.184538
0.182625
0.180871
0.179297
0.17792
0.176755
0.175815
0.175108
0.174639
0.17441
0.174418
0.174656
0.175112
0.175771
0.176614
0.177617
0.178753
0.179991
0.181298
0.182638
0.183973
0.185263
0.18647
0.187552
0.18847
0.189186
0.189664
0.189869
0.189772
0.189346
0.18857
0.187426
0.185902
0.183994
0.1817
0.179028
0.17599
0.172606
0.1689
0.164905
0.160656
0.156197
0.151575
0.146842
0.142053
0.137268
0.132546
0.127951
0.123546
0.119392
0.115552
0.112083
0.10904
0.106474
0.104427
0.102936
0.102031
0.10173
0.102042
0.102964
0.104485
0.106576
0.109201
0.112309
0.115838
0.119714
0.123855
0.128168
0.132554
0.136909
0.141125
0.145096
0.148714
0.15188
0.1545
0.156489
0.157775
0.1583
0.158021
0.156912
0.154965
0.152187
0.148606
0.144263
0.139217
0.133537
0.127307
0.120617
0.113565
0.106252
0.0987817
0.091255
0.0837713
0.0764247
0.0693037
0.0624896
0.0560571
0.0500737
0.044601
0.0396948
0.0354073
0.0317878
0.0288841
0.0267432
0.0254122
0.0249375
0.0253637
0.0267311
0.0290723
0.0324074
0.0367382
0.0420421
0.0482658
0.0553189
0.0630696
0.0713423
0.079917
0.0885341
0.096901
0.104704
0.111624
0.117354
0.121616
0.124185
0.124902
0.123689
0.120559
0.115614
0.109044
0.101112
0.0921365
0.0824715
0.0724809
0.0625149
0.0528891
0.0438672
0.0356501
0.0283705
0.0220944
0.016827
0.0125235
0.00910107
0.00645272
0.00445941
0.00300098
0.00196441
0.00124932
0.000770941
0.000460957
0.00026663
0.000148939
8.01895e-05
4.15228e-05
2.06277e-05
9.80392e-06
4.44378e-06
1.9139e-06
7.79921e-07
2.99215e-07
1.07435e-07
3.5846e-08
1.10175e-08
3.08553e-09
7.76455e-10
1.72343e-10
3.28876e-11
5.19605e-12
6.39817e-13
5.48818e-14
2.48e-15
4.10781e-19
