0.13294
0.13306
0.133177
0.133281
0.133362
0.133412
0.133425
0.133397
0.13333
0.133226
0.133094
0.132942
0.132782
0.132624
0.132479
0.132354
0.132255
0.132182
0.132132
0.132099
0.132073
0.132043
0.131996
0.13192
0.131806
0.131646
0.131437
0.131176
0.130869
0.13052
0.13014
0.129737
0.129324
0.128912
0.128513
0.128138
0.127797
0.127497
0.127247
0.127055
0.126926
0.126868
0.126887
0.126993
0.127192
0.127493
0.127907
0.128443
0.12911
0.129918
0.130875
0.131987
0.133261
0.134699
0.1363
0.138064
0.139984
0.142051
0.144252
0.146573
0.148994
0.151494
0.154048
0.156629
0.159208
0.161754
0.164237
0.166625
0.168887
0.17099
0.172907
0.174609
0.176072
0.177274
0.178195
0.178821
0.17914
0.179147
0.178838
0.178215
0.177285
0.176058
0.17455
0.172777
0.170763
0.168531
0.166109
0.163527
0.160815
0.158007
0.155135
0.152232
0.14933
0.14646
0.143654
0.140937
0.138337
0.135877
0.133575
0.131448
0.129511
0.127771
0.126235
0.124905
0.123779
0.122852
0.122116
0.12156
0.121169
0.120928
0.120819
0.120823
0.120921
0.121094
0.121321
0.121584
0.121867
0.122154
0.122431
0.122688
0.122916
0.123109
0.123263
0.123376
0.123451
0.123489
0.123495
0.123474
0.123433
0.123379
0.123318
0.123257
0.123202
0.123158
0.123128
0.123115
0.123119
0.12314
0.123176
0.123222
0.123274
0.123325
0.123369
0.123396
0.123399
0.123367
0.123291
0.123162
0.122971
0.122708
0.122366
0.121936
0.121412
0.120788
0.12006
0.119224
0.118279
0.117225
0.116062
0.114793
0.113423
0.111957
0.110403
0.108769
0.107065
0.105302
0.103493
0.101651
0.0997897
0.0979229
0.0960655
0.0942318
0.0924363
0.090693
0.0890152
0.0874155
0.0859055
0.0844958
0.0831956
0.0820128
0.0809539
0.0800239
0.0792261
0.0785625
0.0780334
0.0776376
0.0773727
0.0772348
0.0772189
0.0773189
0.0775277
0.0778376
0.0782402
0.0787267
0.079288
0.0799147
0.0805977
0.0813275
0.0820951
0.0828916
0.0837082
0.0845367
0.085369
0.0861975
0.0870149
0.0878144
0.0885901
0.0893363
0.0900484
0.0907228
0.0913569
0.0919493
0.0924999
0.0930103
0.0934831
0.0939227
0.0943346
0.0947253
0.0951022
0.0954732
0.0958462
0.0962289
0.0966282
0.0970499
0.0974981
0.0979755
0.0984826
0.0990178
0.0995776
0.100157
0.100748
0.101343
0.101933
0.102508
0.103059
0.103577
0.104053
0.104479
0.104851
0.105164
0.105415
0.105602
0.105725
0.105784
0.105782
0.10572
0.1056
0.105426
0.1052
0.104925
0.104604
0.10424
0.103838
0.103402
0.102939
0.102455
0.10196
0.101464
0.100979
0.100519
0.100096
0.0997272
0.0994262
0.0992077
0.0990848
0.099069
0.0991693
0.0993922
0.0997408
0.100215
0.100812
0.101525
0.102344
0.103257
0.104251
0.105308
0.106413
0.107549
0.108697
0.109841
0.110967
0.11206
0.113108
0.1141
0.115028
0.115887
0.116671
0.117378
0.118007
0.11856
0.119037
0.11944
0.119772
0.120037
0.120237
0.120374
0.120451
0.120469
0.12043
0.13246
