0.103547
0.103872
0.104114
0.104246
0.104247
0.104113
0.103846
0.103459
0.10297
0.102402
0.101777
0.101115
0.100432
0.0997427
0.0990543
0.0983718
0.0976968
0.0970297
0.09637
0.0957182
0.0950762
0.0944479
0.0938392
0.0932582
0.0927144
0.0922181
0.09178
0.0914099
0.0911169
0.0909078
0.0907873
0.0907577
0.0908183
0.0909657
0.0911938
0.0914941
0.0918557
0.092266
0.0927109
0.0931752
0.0936433
0.0940994
0.0945283
0.0949156
0.0952483
0.0955152
0.0957071
0.0958173
0.0958418
0.095779
0.0956305
0.0954003
0.0950951
0.0947242
0.0942989
0.0938325
0.0933397
0.0928368
0.0923408
0.0918694
0.0914406
0.0910726
0.0907835
0.0905911
0.0905126
0.090565
0.0907644
0.0911264
0.0916658
0.0923965
0.0933315
0.0944828
0.0958611
0.0974755
0.0993335
0.10144
0.103799
0.10641
0.109269
0.11237
0.115703
0.119252
0.122998
0.126916
0.130978
0.13515
0.139394
0.14367
0.147934
0.152137
0.156233
0.160172
0.163908
0.167395
0.17059
0.173456
0.175959
0.178072
0.179777
0.18106
0.181918
0.182354
0.182379
0.182011
0.181276
0.180205
0.178832
0.177198
0.175345
0.173317
0.171157
0.16891
0.166616
0.164315
0.162041
0.159827
0.157698
0.155677
0.15378
0.152021
0.150405
0.148935
0.147611
0.146425
0.14537
0.144433
0.1436
0.142856
0.142184
0.141564
0.14098
0.140414
0.139848
0.139268
0.138658
0.138007
0.137305
0.136544
0.135719
0.134829
0.133873
0.132855
0.131779
0.130652
0.129485
0.128288
0.127073
0.125853
0.12464
0.123449
0.122292
0.121181
0.120127
0.11914
0.118228
0.117398
0.116655
0.116001
0.115438
0.114966
0.114583
0.114285
0.114068
0.113925
0.113851
0.113839
0.11388
0.113967
0.114092
0.114247
0.114426
0.114621
0.114827
0.115036
0.115244
0.115447
0.115642
0.115824
0.115991
0.116142
0.116276
0.116391
0.116487
0.116564
0.116622
0.116662
0.116685
0.116691
0.116682
0.116659
0.116623
0.116575
0.116518
0.116453
0.116382
0.116308
0.116233
0.116158
0.116088
0.116025
0.115971
0.115929
0.115903
0.115894
0.115905
0.115937
0.115992
0.116071
0.116173
0.116299
0.116448
0.116617
0.116806
0.117012
0.117232
0.117465
0.117707
0.117957
0.118211
0.118469
0.118728
0.118986
0.119243
0.119495
0.119741
0.119978
0.120203
0.120413
0.120603
0.120768
0.120904
0.121006
0.12107
0.121092
0.12107
0.121005
0.120897
0.120751
0.120572
0.120369
0.120152
0.11993
0.119716
0.119521
0.119355
0.119225
0.11914
0.119101
0.11911
0.119163
0.119255
0.119376
0.119516
0.119663
0.119804
0.119925
0.120015
0.120064
0.120063
0.120007
0.119894
0.119722
0.119494
0.119214
0.118887
0.11852
0.118117
0.117684
0.117224
0.116737
0.116223
0.11568
0.115102
0.114483
0.113818
0.113102
0.11233
0.111502
0.11062
0.109688
0.108718
0.107723
0.106718
0.105724
0.104759
0.103844
0.102998
0.102237
0.101574
0.101018
0.100574
0.100241
0.100013
0.0998817
0.0998341
0.0998543
0.0999246
0.100026
0.100141
0.110688
