0.282515
0.282056
0.280402
0.277629
0.273846
0.269192
0.263823
0.257907
0.251614
0.24511
0.238549
0.232072
0.225793
0.219803
0.214165
0.208908
0.204032
0.199511
0.195292
0.19131
0.18749
0.183759
0.180056
0.176334
0.172574
0.168779
0.164976
0.161213
0.15755
0.154052
0.15078
0.147781
0.145086
0.142699
0.140604
0.138761
0.137111
0.135584
0.134108
0.132611
0.131031
0.129322
0.127457
0.125428
0.123249
0.120951
0.118578
0.116187
0.11384
0.1116
0.10953
0.107687
0.106121
0.104875
0.103983
0.10347
0.103355
0.10365
0.104361
0.10549
0.107035
0.108992
0.111354
0.114112
0.117255
0.120771
0.124643
0.128855
0.133384
0.138208
0.143299
0.148629
0.154166
0.159873
0.165716
0.171654
0.177647
0.183656
0.18964
0.195557
0.201368
0.207034
0.212518
0.217785
0.222803
0.227541
0.231972
0.23607
0.239813
0.243181
0.24616
0.248734
0.250893
0.252629
0.253937
0.254815
0.255264
0.255286
0.254889
0.254081
0.252874
0.251282
0.249323
0.247017
0.244384
0.241449
0.238237
0.234775
0.231092
0.227216
0.223177
0.219005
0.214728
0.210376
0.205975
0.201553
0.197134
0.19274
0.188392
0.184109
0.179907
0.1758
0.171799
0.167915
0.164155
0.160523
0.157024
0.15366
0.15043
0.147335
0.144372
0.141539
0.138834
0.136252
0.133789
0.131442
0.129207
0.127078
0.125053
0.123127
0.121296
0.119557
0.117906
0.11634
0.114855
0.113448
0.112115
0.110854
0.109661
0.108533
0.107465
0.106456
0.105502
0.104598
0.103743
0.102933
0.102166
0.101439
0.100751
0.1001
0.099487
0.0989119
0.0983771
0.0978861
0.0974441
0.0970579
0.0967365
0.0964911
0.096335
0.0962839
0.0963556
0.0965701
0.0969494
0.0975167
0.0982962
0.0993121
0.100588
0.102145
0.104003
0.106175
0.10867
0.111489
0.114624
0.118057
0.121761
0.125695
0.129807
0.134034
0.1383
0.14252
0.146602
0.150448
0.153956
0.157027
0.159564
0.161481
0.1627
0.163161
0.16282
0.161653
0.159657
0.156851
0.153276
0.14899
0.144072
0.138612
0.132714
0.126486
0.12004
0.113486
0.106929
0.100466
0.0941817
0.0881478
0.0824216
0.0770454
0.0720466
0.0674389
0.0632235
0.0593908
0.0559227
0.0527942
0.0499761
0.0474362
0.0451415
0.0430596
0.0411593
0.0394122
0.0377925
0.036278
0.0348494
0.033491
0.0321899
0.0309358
0.029721
0.0285397
0.0273878
0.0262623
0.0251616
0.0240848
0.0230313
0.0220013
0.020995
0.0200129
0.0190556
0.0181237
0.0172178
0.0163384
0.015486
0.0146611
0.0138638
0.0130945
0.0123534
0.0116404
0.0109556
0.0102987
0.00966975
0.00906833
0.00849412
0.00794672
0.00742566
0.0069304
0.00646038
0.00601497
0.00559351
0.00519529
0.0048196
0.00446568
0.00413277
0.00382009
0.00352683
0.00325222
0.00299544
0.00275571
0.00253224
0.00232425
0.00213099
0.00195171
0.00178569
0.00163222
0.00149064
0.00136029
0.00124057
0.00113089
0.00103072
0.000939551
0.000856942
0.000782489
0.000715855
0.000656773
0.000605066
0.000560665
0.000523646
0.000494277
0.000473095
0.00046101
0.000459467
0.000470668
0.000497886
0.00061771
