0.0434531
0.0445143
0.0458529
0.0474617
0.0493302
0.0514458
0.0537943
0.05636
0.0591267
0.0620784
0.0651992
0.0684739
0.0718887
0.0754306
0.0790876
0.0828484
0.0867014
0.090634
0.0946314
0.0986752
0.102742
0.106804
0.110824
0.11476
0.118562
0.122175
0.125538
0.128589
0.131266
0.133511
0.135272
0.136506
0.137185
0.137293
0.136832
0.135819
0.13429
0.132293
0.129892
0.127162
0.124183
0.121041
0.117823
0.114611
0.111482
0.108502
0.105728
0.103203
0.100955
0.0989996
0.0973395
0.0959658
0.0948601
0.0939966
0.093345
0.092872
0.0925443
0.0923295
0.0921977
0.0921221
0.0920794
0.092049
0.0920127
0.0919539
0.0918566
0.0917049
0.0914821
0.0911708
0.090753
0.0902108
0.089527
0.0886864
0.087677
0.0864911
0.0851264
0.0835869
0.081883
0.080032
0.0780574
0.0759887
0.0738595
0.0717071
0.0695707
0.0674898
0.0655028
0.0636461
0.0619524
0.0604501
0.0591627
0.0581081
0.057299
0.0567424
0.0564405
0.0563905
0.0565855
0.0570148
0.0576649
0.0585196
0.059561
0.0607694
0.0621245
0.0636054
0.0651908
0.0668597
0.0685915
0.0703663
0.0721647
0.0739688
0.0757617
0.077528
0.0792538
0.0809271
0.0825377
0.0840772
0.0855396
0.0869209
0.0882191
0.0894347
0.0905701
0.0916299
0.0926206
0.0935506
0.0944298
0.0952698
0.0960833
0.096884
0.0976868
0.0985066
0.0993593
0.10026
0.101226
0.102271
0.103412
0.104663
0.106037
0.107549
0.109211
0.111033
0.113026
0.115198
0.117556
0.120104
0.122843
0.125773
0.128889
0.132182
0.135641
0.139247
0.142979
0.14681
0.150707
0.154631
0.158541
0.162388
0.166121
0.169687
0.173027
0.176085
0.178805
0.181133
0.183019
0.184418
0.185293
0.185614
0.185364
0.184533
0.183124
0.181152
0.178641
0.175628
0.172159
0.168288
0.164077
0.159593
0.154905
0.150086
0.145206
0.140334
0.135535
0.130869
0.126388
0.122137
0.118154
0.114469
0.111103
0.10807
0.105377
0.103023
0.101004
0.0993095
0.0979267
0.0968394
0.0960296
0.0954782
0.0951657
0.0950727
0.0951802
0.0954702
0.0959256
0.0965304
0.0972696
0.0981293
0.0990968
0.10016
0.101308
0.102529
0.103814
0.105153
0.106536
0.107954
0.109398
0.110858
0.112326
0.113793
0.11525
0.116688
0.118101
0.119479
0.120816
0.122105
0.123339
0.124513
0.125621
0.126659
0.127624
0.128513
0.129323
0.130054
0.130706
0.131278
0.131773
0.132193
0.132541
0.132821
0.133037
0.133196
0.133302
0.133364
0.133388
0.133382
0.133354
0.133312
0.133265
0.133222
0.133191
0.133181
0.133201
0.133258
0.133359
0.133513
0.133725
0.134
0.134344
0.13476
0.135252
0.135822
0.136471
0.1372
0.13801
0.138899
0.139869
0.140918
0.142048
0.143259
0.144554
0.145936
0.147412
0.148987
0.15067
0.15247
0.154397
0.15646
0.158669
0.161029
0.163541
0.166203
0.169003
0.171927
0.174949
0.178039
0.181161
0.184278
0.187351
0.190348
0.193241
0.196016
0.19867
0.201213
0.203668
0.206063
0.208427
0.210784
0.213142
0.215489
0.217786
0.219962
0.221923
0.223554
0.224731
0.253671
