0.0936349
0.0936891
0.0937501
0.0938168
0.0938885
0.093965
0.0940466
0.0941338
0.0942274
0.0943283
0.0944376
0.0945561
0.0946846
0.0948238
0.0949742
0.0951363
0.0953103
0.0954966
0.0956956
0.0959078
0.096134
0.0963751
0.0966325
0.0969075
0.0972019
0.0975177
0.0978568
0.0982213
0.0986131
0.0990341
0.0994856
0.0999688
0.100484
0.101032
0.101612
0.102222
0.102861
0.103526
0.104215
0.104924
0.10565
0.106388
0.107134
0.107884
0.108633
0.109377
0.110111
0.110833
0.111537
0.11222
0.112879
0.11351
0.114112
0.114682
0.115216
0.115715
0.116176
0.116598
0.116981
0.117324
0.117627
0.117891
0.118117
0.118305
0.118456
0.118574
0.118658
0.118713
0.118739
0.118739
0.118716
0.118671
0.118607
0.118526
0.11843
0.118321
0.1182
0.118068
0.117926
0.117774
0.117614
0.117445
0.117266
0.117078
0.11688
0.116671
0.11645
0.116217
0.115971
0.115711
0.115438
0.11515
0.114848
0.114532
0.114203
0.113862
0.11351
0.11315
0.112783
0.112412
0.11204
0.111671
0.111306
0.110951
0.110608
0.110281
0.109974
0.109691
0.109434
0.109208
0.109015
0.108858
0.108739
0.10866
0.108622
0.108626
0.108673
0.108763
0.108894
0.109066
0.109277
0.109524
0.109805
0.110117
0.110457
0.11082
0.111203
0.111601
0.11201
0.112425
0.112842
0.113256
0.113663
0.114059
0.11444
0.114803
0.115145
0.115462
0.115754
0.116017
0.116251
0.116456
0.116631
0.116776
0.116892
0.116981
0.117043
0.117081
0.117097
0.117094
0.117073
0.117038
0.116991
0.116935
0.116873
0.116806
0.116739
0.116671
0.116607
0.116546
0.11649
0.116441
0.116398
0.116362
0.116333
0.116311
0.116294
0.116282
0.116274
0.116268
0.116264
0.116259
0.116251
0.116241
0.116226
0.116205
0.116177
0.116142
0.116099
0.116048
0.11599
0.115926
0.115856
0.115781
0.115704
0.115626
0.115549
0.115477
0.11541
0.115353
0.115307
0.115275
0.11526
0.115264
0.115289
0.115337
0.11541
0.115509
0.115635
0.115789
0.115971
0.116181
0.116418
0.11668
0.116968
0.117277
0.117607
0.117954
0.118314
0.118686
0.119064
0.119445
0.119824
0.120198
0.120563
0.120915
0.12125
0.121565
0.121856
0.122121
0.122359
0.122567
0.122745
0.122892
0.123008
0.123095
0.123153
0.123184
0.123192
0.123178
0.123146
0.1231
0.123044
0.122981
0.122917
0.122855
0.122801
0.12276
0.122736
0.122734
0.122758
0.122814
0.122904
0.123034
0.123205
0.123422
0.123687
0.124002
0.124368
0.124785
0.125255
0.125775
0.126346
0.126964
0.127629
0.128337
0.129086
0.129871
0.13069
0.131539
0.132414
0.133311
0.134227
0.135159
0.136104
0.137059
0.13802
0.138987
0.139956
0.140926
0.141896
0.142863
0.143827
0.144786
0.14574
0.146686
0.147624
0.148554
0.149473
0.15038
0.151276
0.152157
0.153023
0.153872
0.154703
0.155513
0.156301
0.157064
0.1578
0.158506
0.15918
0.159816
0.160414
0.160967
0.161472
0.161926
0.162323
0.16266
0.162932
0.178904
