0.13467
0.134748
0.134855
0.134983
0.135124
0.135266
0.135401
0.135519
0.135613
0.135677
0.135709
0.135709
0.135681
0.135631
0.135565
0.135492
0.13542
0.135357
0.135306
0.13527
0.135247
0.135232
0.135218
0.135195
0.135152
0.135078
0.134964
0.134803
0.134588
0.134319
0.133999
0.133632
0.133229
0.1328
0.13236
0.131923
0.131504
0.131119
0.130782
0.130507
0.130307
0.130194
0.130179
0.130273
0.130486
0.130827
0.131306
0.13193
0.132708
0.133646
0.13475
0.136024
0.137471
0.13909
0.140878
0.14283
0.144936
0.147182
0.149554
0.152031
0.154591
0.157206
0.159847
0.162484
0.165084
0.167611
0.170032
0.172311
0.174415
0.176312
0.177971
0.179366
0.180473
0.181273
0.181749
0.181893
0.181698
0.181164
0.180295
0.1791
0.177594
0.175794
0.173723
0.171406
0.168871
0.166148
0.163271
0.160271
0.157184
0.154042
0.150879
0.147726
0.144615
0.141573
0.138627
0.135801
0.133117
0.130591
0.128241
0.126077
0.124109
0.122342
0.120781
0.119424
0.118269
0.11731
0.116539
0.115946
0.115517
0.115238
0.115093
0.115066
0.115137
0.11529
0.115505
0.115764
0.116052
0.116351
0.116648
0.11693
0.117188
0.117413
0.1176
0.117746
0.117852
0.117918
0.117948
0.117949
0.117928
0.117893
0.117853
0.117818
0.117796
0.117796
0.117826
0.117892
0.117999
0.11815
0.118346
0.118586
0.118867
0.119185
0.119533
0.119902
0.120283
0.120664
0.121035
0.121382
0.121692
0.121952
0.122149
0.122271
0.122305
0.122241
0.122069
0.12178
0.121368
0.120827
0.120153
0.119346
0.118405
0.117333
0.116135
0.114816
0.113386
0.111854
0.110233
0.108535
0.106776
0.104971
0.103138
0.101293
0.0994532
0.097637
0.0958611
0.0941418
0.0924945
0.0909336
0.0894716
0.0881199
0.0868875
0.0857819
0.0848084
0.0839704
0.083269
0.0827037
0.082272
0.0819696
0.081791
0.0817289
0.0817753
0.0819212
0.0821568
0.0824719
0.0828559
0.0832983
0.0837886
0.0843162
0.0848712
0.0854438
0.0860248
0.0866057
0.0871786
0.0877366
0.0882734
0.088784
0.0892647
0.0897128
0.0901272
0.0905083
0.090858
0.0911798
0.0914785
0.0917605
0.0920332
0.0923049
0.0925843
0.0928804
0.0932018
0.0935567
0.0939518
0.0943926
0.0948826
0.0954236
0.0960149
0.096654
0.0973361
0.0980545
0.098801
0.0995662
0.10034
0.101111
0.101869
0.102603
0.103303
0.103961
0.104569
0.10512
0.105608
0.10603
0.106381
0.10666
0.106863
0.10699
0.10704
0.107012
0.106906
0.106722
0.106461
0.106125
0.105717
0.105241
0.104703
0.104111
0.103476
0.102808
0.10212
0.101428
0.100747
0.100094
0.0994848
0.0989353
0.0984602
0.0980724
0.0977826
0.0975986
0.0975257
0.0975659
0.0977182
0.0979786
0.0983406
0.0987953
0.0993317
0.0999379
0.1006
0.101306
0.102041
0.102792
0.103548
0.104297
0.105029
0.105737
0.106413
0.107052
0.10765
0.108206
0.108717
0.109183
0.109605
0.109981
0.110315
0.110605
0.110852
0.111058
0.111222
0.111343
0.111422
0.111458
0.111453
0.122597
