0.109343
0.113581
0.11902
0.125478
0.132732
0.14054
0.148661
0.156878
0.165022
0.172982
0.180713
0.18823
0.195598
0.202914
0.210283
0.217796
0.225512
0.233446
0.241559
0.249765
0.257938
0.265923
0.273561
0.280701
0.287216
0.293016
0.298058
0.302341
0.305908
0.308835
0.311222
0.313181
0.314828
0.316267
0.317587
0.318855
0.320113
0.321379
0.322648
0.323893
0.325073
0.326134
0.327016
0.327657
0.327995
0.327973
0.32754
0.326654
0.325285
0.323411
0.321021
0.318116
0.314706
0.31081
0.306458
0.301683
0.296527
0.291035
0.285258
0.279245
0.273051
0.266725
0.260319
0.253881
0.247455
0.241085
0.234806
0.228652
0.22265
0.216825
0.211196
0.205777
0.20058
0.19561
0.190874
0.186371
0.182101
0.178062
0.174251
0.170661
0.167289
0.164131
0.16118
0.158434
0.15589
0.153545
0.151399
0.149452
0.147705
0.146161
0.144824
0.143699
0.142792
0.142109
0.141657
0.141444
0.141476
0.14176
0.142303
0.143111
0.144186
0.145532
0.147148
0.149033
0.151181
0.153584
0.156232
0.159108
0.162193
0.165465
0.168897
0.172458
0.176112
0.17982
0.183542
0.18723
0.190839
0.194317
0.197615
0.200682
0.203465
0.205917
0.207988
0.209636
0.210819
0.211502
0.211654
0.211252
0.210277
0.208721
0.206579
0.203857
0.200567
0.196729
0.192368
0.187519
0.18222
0.176515
0.170453
0.164085
0.157464
0.150647
0.143688
0.136644
0.129567
0.122509
0.115518
0.108639
0.101912
0.0953721
0.0890506
0.0829733
0.0771608
0.071629
0.0663889
0.061447
0.0568056
0.0524634
0.0484156
0.0446548
0.0411709
0.0379521
0.034985
0.0322554
0.0297481
0.027448
0.0253397
0.0234083
0.0216396
0.0200199
0.0185365
0.017178
0.0159338
0.0147951
0.013754
0.0128045
0.011942
0.0111637
0.0104685
0.0098574
0.00933364
0.00890266
0.00857244
0.00835365
0.00825981
0.00830736
0.00851574
0.0089073
0.00950711
0.0103426
0.011443
0.0128387
0.0145597
0.0166351
0.0190909
0.0219485
0.0252227
0.0289199
0.0330356
0.0375528
0.0424403
0.0476511
0.0531221
0.0587741
0.0645119
0.0702268
0.0757988
0.0810998
0.0859983
0.0903643
0.094074
0.097016
0.0990959
0.100241
0.100405
0.0995703
0.0977479
0.0949802
0.0913373
0.0869149
0.08183
0.0762154
0.0702139
0.0639722
0.0576345
0.0513371
0.0452033
0.0393396
0.033833
0.0287494
0.0241335
0.0200095
0.0163833
0.0132445
0.0105694
0.00832473
0.00646999
0.00496096
0.00375204
0.00279849
0.00205802
0.00149197
0.00106605
0.000750656
0.000520833
0.000356062
0.000239849
0.000159225
0.00010421
6.7287e-05
4.29125e-05
2.7081e-05
1.69588e-05
1.05824e-05
6.61869e-06
4.18131e-06
2.69301e-06
1.78544e-06
1.22829e-06
8.80375e-07
6.56751e-07
5.07178e-07
4.02357e-07
3.2535e-07
2.66378e-07
2.19733e-07
1.81993e-07
1.51012e-07
1.25364e-07
1.04036e-07
8.62668e-08
7.14559e-08
5.91164e-08
4.88451e-08
4.03053e-08
3.32141e-08
2.73338e-08
2.24643e-08
1.84374e-08
1.5112e-08
1.23698e-08
1.01116e-08
8.25478e-09
6.73013e-09
5.48011e-09
4.45682e-09
3.62051e-09
2.93825e-09
2.3828e-09
1.93172e-09
1.56662e-09
1.27249e-09
1.03723e-09
8.51294e-10
7.07486e-10
6.0093e-10
5.29422e-10
4.94382e-10
5.03029e-10
6.48425e-10
