0.172754
0.173964
0.17504
0.17597
0.176741
0.177341
0.17776
0.17799
0.178024
0.177856
0.177487
0.176914
0.176143
0.175177
0.174024
0.172696
0.171203
0.169561
0.167784
0.165889
0.163893
0.161816
0.159674
0.157486
0.155268
0.153039
0.150813
0.148606
0.14643
0.144298
0.142221
0.140208
0.138268
0.136408
0.134634
0.132951
0.131362
0.129872
0.128481
0.127191
0.126001
0.124911
0.123918
0.123019
0.122209
0.121482
0.120833
0.120253
0.119735
0.119269
0.118846
0.118457
0.118093
0.117745
0.117404
0.117064
0.116716
0.116357
0.11598
0.115584
0.115165
0.114722
0.114254
0.113762
0.113246
0.112708
0.11215
0.111572
0.110978
0.110369
0.109747
0.109115
0.108475
0.107829
0.107179
0.106528
0.105879
0.105233
0.104595
0.103966
0.10335
0.102749
0.102167
0.101606
0.101068
0.100555
0.100071
0.0996154
0.0991904
0.0987968
0.098435
0.0981054
0.097808
0.0975426
0.0973091
0.0971072
0.0969368
0.0967977
0.0966901
0.0966143
0.0965707
0.0965602
0.0965837
0.0966424
0.0967376
0.0968709
0.0970438
0.0972577
0.0975144
0.0978151
0.0981611
0.0985534
0.0989928
0.0994797
0.100014
0.100596
0.101223
0.101896
0.102612
0.103368
0.104161
0.104988
0.105845
0.106727
0.107627
0.108541
0.109462
0.110383
0.111297
0.112197
0.113074
0.113922
0.114734
0.115501
0.116219
0.116879
0.117477
0.118008
0.118469
0.118856
0.119167
0.119402
0.119561
0.119646
0.119658
0.119602
0.119481
0.1193
0.119066
0.118785
0.118463
0.118108
0.117725
0.117323
0.116908
0.116487
0.116066
0.11565
0.115244
0.114854
0.114484
0.114136
0.113813
0.113517
0.113251
0.113014
0.112807
0.112631
0.112485
0.112367
0.112276
0.112212
0.112172
0.112153
0.112154
0.112173
0.112206
0.112252
0.112308
0.112373
0.112445
0.112522
0.112604
0.112691
0.112782
0.112879
0.112984
0.113099
0.113226
0.11337
0.113534
0.113723
0.113941
0.114192
0.114482
0.114815
0.115194
0.115622
0.116102
0.116635
0.117221
0.11786
0.118549
0.119285
0.120064
0.120879
0.121725
0.122592
0.123472
0.124356
0.125234
0.126095
0.126928
0.127723
0.128468
0.129155
0.129772
0.130311
0.130763
0.131121
0.131379
0.13153
0.131571
0.1315
0.131313
0.131012
0.130597
0.130071
0.129437
0.128701
0.127869
0.126949
0.125949
0.124878
0.123748
0.122569
0.121352
0.12011
0.118854
0.117597
0.11635
0.115124
0.11393
0.112777
0.111675
0.110631
0.109652
0.108743
0.107907
0.107148
0.106466
0.10586
0.10533
0.104873
0.104484
0.10416
0.103896
0.103687
0.103527
0.103411
0.103336
0.103297
0.103292
0.103318
0.103375
0.103461
0.103578
0.103725
0.103904
0.104115
0.104359
0.104635
0.104942
0.105279
0.105643
0.10603
0.106437
0.106858
0.10729
0.107728
0.108168
0.108607
0.109041
0.10947
0.109891
0.110304
0.110707
0.111101
0.111483
0.111854
0.112209
0.112547
0.112863
0.113153
0.11341
0.113628
0.1138
0.113919
0.113979
0.127235
