0.098565
0.0925348
0.0878535
0.0843739
0.0819418
0.0804102
0.0796467
0.079537
0.0799844
0.0809091
0.082245
0.0839376
0.0859412
0.0882172
0.090732
0.0934562
0.0963631
0.0994284
0.10263
0.105945
0.109356
0.112842
0.116384
0.119967
0.123571
0.127182
0.130783
0.13436
0.137898
0.141383
0.144802
0.148143
0.151395
0.154547
0.157588
0.160512
0.163308
0.165972
0.168498
0.17088
0.173116
0.175203
0.177141
0.178929
0.18057
0.182066
0.183421
0.184639
0.185727
0.186691
0.18754
0.188282
0.188927
0.189484
0.189965
0.19038
0.190741
0.191058
0.191343
0.191607
0.191862
0.192116
0.192381
0.192665
0.192975
0.19332
0.193704
0.194133
0.19461
0.195137
0.195714
0.196341
0.197014
0.197731
0.198485
0.19927
0.200078
0.200898
0.201721
0.202535
0.203326
0.204082
0.204788
0.205431
0.205996
0.206468
0.206834
0.207079
0.207191
0.207158
0.206968
0.206614
0.206085
0.205377
0.204485
0.203407
0.202143
0.200694
0.199067
0.197266
0.195303
0.193188
0.190935
0.188561
0.186085
0.183525
0.180905
0.178248
0.175578
0.172921
0.170304
0.167754
0.165297
0.162959
0.160765
0.158741
0.156909
0.155289
0.1539
0.152758
0.151876
0.151262
0.150923
0.150861
0.151074
0.151556
0.152296
0.153281
0.154491
0.155906
0.157498
0.159239
0.161095
0.163031
0.165011
0.166994
0.16894
0.170808
0.172556
0.174145
0.175534
0.176686
0.177567
0.178143
0.178387
0.178275
0.177785
0.176904
0.175621
0.173931
0.171837
0.169344
0.166464
0.163217
0.159624
0.155715
0.151523
0.147085
0.142444
0.137646
0.132739
0.127776
0.12281
0.117897
0.113093
0.108455
0.10404
0.0999023
0.096096
0.0926721
0.0896781
0.0871578
0.0851497
0.0836868
0.0827955
0.082495
0.082796
0.083701
0.0852027
0.0872842
0.0899184
0.0930677
0.0966843
0.10071
0.105078
0.109712
0.114527
0.119434
0.124337
0.129136
0.133734
0.138029
0.141928
0.145338
0.148178
0.150373
0.151862
0.152595
0.152537
0.151669
0.149987
0.147501
0.144239
0.140243
0.135568
0.130279
0.124454
0.118177
0.111537
0.104628
0.0975426
0.0903743
0.0832119
0.0761399
0.0692359
0.0625706
0.0562061
0.0501968
0.0445887
0.0394205
0.0347247
0.0305285
0.0268553
0.0237269
0.0211644
0.0191903
0.0178294
0.0171097
0.0170624
0.0177215
0.0191224
0.021299
0.0242805
0.0280868
0.0327235
0.0381759
0.0444034
0.0513343
0.0588613
0.0668391
0.075084
0.0833768
0.0914685
0.0990891
0.10596
0.111808
0.116381
0.119466
0.120902
0.120593
0.118518
0.114732
0.109368
0.102627
0.0947661
0.0860811
0.0768897
0.0675096
0.0582404
0.0493468
0.0410462
0.0335013
0.0268167
0.0210413
0.0161741
0.0121726
0.00896373
0.0064541
0.00454053
0.00311861
0.00208945
0.00136434
0.000867366
0.000536302
0.000322134
0.000187729
0.000105996
5.78955e-05
3.05395e-05
1.55285e-05
7.59515e-06
3.5651e-06
1.60174e-06
6.86766e-07
2.80057e-07
1.08197e-07
3.94239e-08
1.34768e-08
4.29519e-09
1.26675e-09
3.42555e-10
8.39734e-11
1.839e-11
3.52914e-12
5.77883e-13
7.76548e-14
8.04651e-15
5.73109e-16
2.11219e-17
7.13206e-23
