0
2.6988e-07
3.42882e-06
2.1118e-05
8.4331e-05
0.000246846
0.00056906
0.00108735
0.00179549
0.00265868
0.00364905
0.00477278
0.00607188
0.00760923
0.00945384
0.0116751
0.0143441
0.0175363
0.0213342
0.025828
0.0311159
0.0373037
0.044504
0.0528351
0.0624201
0.0733843
0.0858539
0.0999526
0.115799
0.133505
0.153167
0.174868
0.198671
0.224614
0.252708
0.282929
0.315221
0.349487
0.38559
0.42335
0.462543
0.502901
0.544118
0.585844
0.627696
0.669263
0.710106
0.749771
0.787795
0.823716
0.85708
0.887452
0.914424
0.937628
0.956738
0.971483
0.981652
0.987096
0.987738
0.983567
0.974645
0.961102
0.943132
0.920992
0.894993
0.865494
0.832893
0.797617
0.760118
0.720855
0.680293
0.638888
0.597082
0.555296
0.513921
0.473314
0.433794
0.395638
0.359083
0.324319
0.291496
0.260719
0.232057
0.205541
0.181169
0.15891
0.138708
0.120485
0.104146
0.0895857
0.0766858
0.0653241
0.055375
0.0467129
0.039214
0.0327588
0.0272331
0.0225294
0.0185474
0.0151949
0.0123879
0.0100503
0.00811413
0.00651911
0.00521215
0.00414695
0.00328339
0.00258702
0.00202842
0.00158271
0.00122893
0.000949587
0.000730173
0.000558728
0.000425459
0.000322402
0.00024312
0.000182443
0.000136244
0.000101249
7.48765e-05
5.51042e-05
4.03559e-05
2.94112e-05
2.13305e-05
1.53948e-05
1.10568e-05
7.9026e-06
5.62073e-06
3.97832e-06
2.80214e-06
1.9641e-06
1.37e-06
9.50957e-07
6.56878e-07
4.51537e-07
3.08876e-07
2.10262e-07
1.42436e-07
9.60201e-08
6.44153e-08
4.30031e-08
2.85689e-08
1.88874e-08
1.24261e-08
8.13541e-09
5.30041e-09
3.43655e-09
2.21728e-09
1.42365e-09
9.09636e-10
5.78385e-10
3.65974e-10
2.30445e-10
1.44401e-10
9.00441e-11
5.58759e-11
3.45047e-11
2.12039e-11
1.29669e-11
7.89121e-12
4.77896e-12
2.8801e-12
1.72729e-12
1.03088e-12
6.12258e-13
3.61863e-13
2.12833e-13
1.24571e-13
7.25572e-14
4.2056e-14
2.42582e-14
1.39243e-14
7.95377e-15
4.52123e-15
2.55755e-15
1.43971e-15
8.06514e-16
4.49606e-16
2.49423e-16
1.37697e-16
7.56479e-17
4.13574e-17
2.25006e-17
1.2182e-17
6.56338e-18
3.51901e-18
1.87758e-18
9.96916e-19
5.26749e-19
2.7697e-19
1.44926e-19
7.54646e-20
3.91043e-20
2.01646e-20
1.03476e-20
5.28411e-21
2.68528e-21
1.35797e-21
6.83401e-22
3.42251e-22
1.70568e-22
8.45929e-23
4.17498e-23
2.05049e-23
1.00218e-23
4.87437e-24
2.35925e-24
1.13636e-24
5.44675e-25
2.59803e-25
1.2332e-25
5.82518e-26
2.73821e-26
1.28088e-26
5.96258e-27
2.76212e-27
1.27331e-27
5.84131e-28
2.66667e-28
1.21147e-28
5.47695e-29
2.46404e-29
1.10317e-29
4.91492e-30
2.17909e-30
9.61432e-31
4.22128e-31
1.84439e-31
8.01947e-32
3.46993e-32
1.4941e-32
6.40208e-33
2.72989e-33
1.15838e-33
4.89151e-34
2.05549e-34
8.59552e-35
3.57694e-35
1.48127e-35
6.10432e-36
2.50337e-36
1.02163e-36
4.14903e-37
1.6768e-37
6.74371e-38
2.69897e-38
1.07493e-38
4.26035e-39
1.68032e-39
6.59511e-40
2.57593e-40
1.00121e-40
3.8726e-41
1.4906e-41
5.70954e-42
2.17632e-42
8.25518e-43
3.11611e-43
1.17052e-43
4.37552e-44
1.62765e-44
6.02523e-45
2.21957e-45
8.13662e-46
2.96826e-46
1.07756e-46
3.89279e-47
1.39947e-47
5.00663e-48
1.78242e-48
6.31474e-49
2.22629e-49
7.81069e-50
2.72696e-50
9.47431e-51
3.27566e-51
1.12701e-51
3.8587e-52
1.31472e-52
4.45766e-53
1.50405e-53
5.05005e-54
1.68737e-54
5.61055e-55
1.85644e-55
6.11274e-56
2.00296e-56
6.53112e-57
2.11926e-57
6.84321e-58
2.19895e-58
7.03155e-59
2.23752e-59
7.0854e-60
2.23289e-60
7.00677e-61
2.20296e-61
7.45561e-62
5.53343e-62
