3.68952e-82
4.28918e-82
1.02587e-81
2.73541e-81
7.35936e-81
1.97642e-80
5.29328e-80
1.41795e-79
3.95557e-79
1.6351e-78
2.10331e-77
4.83518e-76
1.12181e-74
2.40798e-73
4.76683e-72
8.74457e-71
1.49397e-69
2.38764e-68
3.58355e-67
5.06851e-66
6.77656e-65
8.58822e-64
1.0343e-62
1.18639e-61
1.29879e-60
1.35956e-59
1.36322e-58
1.31138e-57
1.21207e-56
1.07786e-55
9.23386e-55
7.62963e-54
6.08703e-53
4.69396e-52
3.50209e-51
2.53026e-50
1.77187e-49
1.20358e-48
7.9365e-48
5.08407e-47
3.16607e-46
1.91796e-45
1.13094e-44
6.49496e-44
3.63492e-43
1.98348e-42
1.05584e-41
5.48551e-41
2.78286e-40
1.37916e-39
6.67992e-39
3.16333e-38
1.46522e-37
6.64073e-37
2.94604e-36
1.27975e-35
5.44535e-35
2.27028e-34
9.27732e-34
3.71697e-33
1.46052e-32
5.62985e-32
2.12952e-31
7.9063e-31
2.88194e-30
1.03163e-29
3.62743e-29
1.25316e-28
4.25448e-28
1.41976e-27
4.65804e-27
1.50281e-26
4.76873e-26
1.48863e-25
4.5723e-25
1.38207e-24
4.112e-24
1.20442e-23
3.47358e-23
9.86568e-23
2.75992e-22
7.60596e-22
2.06523e-21
5.52591e-21
1.45722e-20
3.78789e-20
9.70688e-20
2.45263e-19
6.11103e-19
1.5017e-18
3.63997e-18
8.70381e-18
2.0534e-17
4.7802e-17
1.09819e-16
2.4901e-16
5.57336e-16
1.23148e-15
2.68656e-15
5.78725e-15
1.23113e-14
2.58662e-14
5.36797e-14
1.10047e-13
2.22888e-13
4.4604e-13
8.82036e-13
1.72372e-12
3.32936e-12
6.35636e-12
1.19965e-11
2.23839e-11
4.12953e-11
7.53335e-11
1.35906e-10
2.42492e-10
4.27961e-10
7.47135e-10
1.2904e-09
2.20509e-09
3.72856e-09
6.23897e-09
1.0332e-08
1.69357e-08
2.74793e-08
4.41406e-08
7.02017e-08
1.10555e-07
1.72415e-07
2.66308e-07
4.07431e-07
6.17497e-07
9.27202e-07
1.3795e-06
2.03392e-06
2.97207e-06
4.3048e-06
6.18117e-06
8.79975e-06
1.24225e-05
1.7392e-05
2.41519e-05
3.32718e-05
4.54769e-05
6.16823e-05
8.30334e-05
0.000110952
0.000147192
0.000193893
0.000253657
0.000329619
0.00042553
0.000545854
0.000695867
0.000881768
0.0011108
0.00139137
0.00173321
0.00214749
0.00264698
0.00324625
0.00396176
0.00481208
0.00581804
0.00700287
0.0083924
0.0100151
0.0119024
0.0140885
0.0166105
0.0195088
0.0228263
0.0266091
0.0309058
0.0357674
0.041247
0.0473996
0.0542809
0.0619477
0.0704561
0.0798615
0.0902174
0.101574
0.113979
0.127472
0.142089
0.157857
0.174795
0.192911
0.212203
0.232655
0.254238
0.276911
0.300614
0.325275
0.350804
0.377095
0.404027
0.431465
0.459256
0.487236
0.515229
0.543047
0.570494
0.59737
0.623466
0.648576
0.672494
0.695016
0.715948
0.735103
0.752308
0.767405
0.780252
0.790729
0.798736
0.804195
0.807056
0.807289
0.804896
0.799898
0.792346
0.782314
0.769898
0.755217
0.73841
0.719632
0.699055
0.676862
0.653248
0.628412
0.602561
0.5759
0.548635
0.520967
0.493093
0.465198
0.437461
0.410047
0.383107
0.356779
0.331186
0.306435
0.282618
0.259809
0.23807
0.217446
0.197967
0.179651
0.162504
0.146519
0.13168
0.117963
0.105334
0.0937542
0.0831784
0.0735579
0.0648406
0.0569724
0.0498979
0.0435612
0.0379069
0.0328804
0.0284287
0.0245008
0.0210476
0.0180231
0.0153836
0.0130885
0.0111001
0.00938347
0.00790689
0.00664129
0.00556037
0.00464044
0.00386029
0.00320101
0.00264582
0.00217992
0.00179032
0.00146564
0.00119602
0.000972891
0.000788881
0.000637661
0.000513825
0.000412776
0.000330621
0.000264083
0.000210412
0.000167319
0.000132905
0.000105614
8.41866e-05
6.76262e-05
5.51839e-05
4.63626e-05
4.09617e-05
3.91915e-05
4.69657e-05
