0.00152835
0.00138227
0.00130786
0.0012874
0.0013094
0.0013666
0.0014546
0.0015709
0.00171435
0.00188471
0.00208242
0.00230839
0.00256398
0.00285082
0.00317085
0.00352625
0.00391942
0.00435294
0.0048296
0.00535234
0.00592427
0.00654864
0.00722883
0.00796832
0.00877071
0.00963968
0.0105789
0.0115923
0.0126836
0.0138565
0.015115
0.0164626
0.0179031
0.01944
0.0210767
0.0228164
0.0246621
0.0266165
0.0286822
0.0308613
0.0331557
0.0355668
0.0380956
0.0407426
0.043508
0.0463914
0.0493917
0.0525074
0.0557365
0.0590763
0.0625233
0.0660738
0.0697231
0.0734661
0.0772971
0.0812097
0.0851969
0.0892514
0.0933651
0.0975297
0.101736
0.105976
0.110239
0.114515
0.118795
0.123069
0.127327
0.131558
0.135754
0.139903
0.143998
0.148029
0.151988
0.155866
0.159658
0.163355
0.166952
0.170445
0.173828
0.177099
0.180256
0.183295
0.186218
0.189024
0.191713
0.19429
0.196754
0.199112
0.201365
0.203519
0.20558
0.207551
0.20944
0.211251
0.212991
0.214665
0.216278
0.217836
0.219343
0.220803
0.222219
0.223593
0.224928
0.226223
0.227478
0.228692
0.229862
0.230984
0.232054
0.233067
0.234015
0.234893
0.235691
0.236402
0.237016
0.237525
0.23792
0.238193
0.238333
0.238335
0.238191
0.237894
0.237441
0.236829
0.236055
0.23512
0.234026
0.232777
0.23138
0.229843
0.228176
0.226392
0.224507
0.222536
0.220498
0.218414
0.216304
0.21419
0.212096
0.210045
0.20806
0.206164
0.204378
0.202724
0.201218
0.199879
0.198719
0.19775
0.196978
0.196408
0.19604
0.195869
0.195887
0.196082
0.196437
0.196932
0.197541
0.198238
0.19899
0.199765
0.200527
0.201239
0.201862
0.202358
0.202689
0.20282
0.202715
0.202343
0.201677
0.200692
0.199369
0.197696
0.195663
0.19327
0.190522
0.18743
0.184015
0.180301
0.176321
0.172115
0.167726
0.163207
0.158612
0.154
0.149436
0.144984
0.140709
0.136678
0.132956
0.129604
0.12668
0.124234
0.122312
0.120949
0.120172
0.119994
0.120419
0.121436
0.123022
0.125139
0.127736
0.130748
0.134099
0.1377
0.141455
0.145259
0.149
0.152567
0.155847
0.158731
0.161115
0.162905
0.164018
0.164386
0.163955
0.162691
0.160576
0.157615
0.153827
0.149253
0.14395
0.137989
0.131457
0.124449
0.11707
0.109429
0.10164
0.0938153
0.0860671
0.078504
0.0712308
0.0643469
0.0579467
0.0521197
0.0469509
0.0425213
0.0389085
0.0361864
0.0344254
0.0336899
0.0340364
0.0355098
0.0381376
0.0419246
0.0468455
0.0528381
0.0597969
0.0675681
0.0759472
0.0846797
0.093466
0.101971
0.10984
0.116713
0.122249
0.126149
0.128177
0.128179
0.126097
0.121978
0.115972
0.108323
0.0993532
0.0894383
0.0789811
0.0683826
0.0580152
0.0482003
0.0391911
0.0311641
0.0242176
0.0183768
0.013605
0.00981775
0.00689881
0.00471527
0.00313102
0.00201715
0.00125901
0.000760076
0.000443031
0.000248818
0.00013434
6.95478e-05
3.44209e-05
1.62307e-05
7.26273e-06
3.06958e-06
1.21859e-06
4.51359e-07
1.54702e-07
4.8563e-08
1.37784e-08
3.47169e-09
7.58133e-10
1.38424e-10
1.99443e-11
2.03576e-12
1.12489e-13
2.5918e-16
