0.0497169
0.0462411
0.0437585
0.0421119
0.0411644
0.0408017
0.0409314
0.04148
0.0423898
0.0436157
0.0451225
0.0468822
0.048872
0.0510732
0.0534698
0.056048
0.0587951
0.0616996
0.0647507
0.0679379
0.0712511
0.0746801
0.0782148
0.081845
0.0855606
0.0893511
0.0932057
0.0971136
0.101064
0.105045
0.109046
0.113056
0.117062
0.121053
0.125018
0.128944
0.132822
0.13664
0.140387
0.144052
0.147627
0.151102
0.154467
0.157717
0.160842
0.163837
0.166697
0.169418
0.171995
0.174427
0.176712
0.17885
0.180843
0.182691
0.184399
0.185971
0.187411
0.188727
0.189924
0.191011
0.191996
0.192889
0.193698
0.194435
0.19511
0.195732
0.196312
0.196861
0.197388
0.197902
0.198413
0.198929
0.199456
0.200001
0.20057
0.201166
0.201791
0.202447
0.203135
0.203852
0.204596
0.205362
0.206145
0.206937
0.207731
0.208516
0.209283
0.210019
0.210713
0.211352
0.211923
0.212413
0.212807
0.213094
0.21326
0.213293
0.213183
0.21292
0.212495
0.211901
0.211132
0.210187
0.209062
0.207759
0.206282
0.204635
0.202826
0.200866
0.198767
0.196543
0.194213
0.191794
0.189307
0.186776
0.184223
0.181674
0.179155
0.17669
0.174308
0.172032
0.16989
0.167904
0.166097
0.16449
0.163101
0.161946
0.161037
0.160384
0.159993
0.159864
0.159997
0.160384
0.161016
0.161877
0.162948
0.164208
0.165629
0.167181
0.168832
0.170545
0.172284
0.174008
0.175677
0.17725
0.178686
0.179946
0.180991
0.181784
0.182293
0.182486
0.182338
0.181827
0.180936
0.179652
0.17797
0.175889
0.173414
0.170556
0.167332
0.163765
0.159883
0.15572
0.151314
0.146709
0.141952
0.137093
0.132187
0.12729
0.122461
0.117757
0.11324
0.108967
0.104996
0.101383
0.0981795
0.0954344
0.0931906
0.0914855
0.0903495
0.0898053
0.0898671
0.0905397
0.0918176
0.093685
0.0961152
0.09907
0.102501
0.106347
0.11054
0.114999
0.119637
0.124361
0.129071
0.133665
0.13804
0.142094
0.145728
0.148852
0.15138
0.15324
0.154371
0.154726
0.154273
0.152996
0.150896
0.14799
0.144311
0.139907
0.134839
0.129179
0.12301
0.116421
0.109506
0.102363
0.0950875
0.0877754
0.080517
0.0733976
0.0664958
0.0598824
0.0536202
0.0477647
0.0423636
0.0374588
0.0330869
0.029281
0.0260724
0.0234918
0.0215709
0.0203431
0.019844
0.0201107
0.0211808
0.0230894
0.0258661
0.02953
0.0340849
0.0395127
0.0457676
0.0527709
0.060406
0.0685163
0.0769045
0.0853365
0.0935468
0.101249
0.10815
0.113963
0.118427
0.121323
0.122492
0.121842
0.119367
0.115138
0.109309
0.102105
0.0938069
0.0847326
0.075218
0.0655946
0.056169
0.047207
0.038921
0.0314633
0.0249245
0.0193373
0.0146839
0.0109063
0.00791749
0.00561363
0.00388408
0.0026202
0.00172174
0.00110087
0.000684138
0.000412722
0.000241373
0.000136643
7.47552e-05
3.94509e-05
2.00424e-05
9.77986e-06
4.57184e-06
2.04156e-06
8.67975e-07
3.50004e-07
1.33273e-07
4.76722e-08
1.59215e-08
4.92826e-09
1.40115e-09
3.61806e-10
8.36403e-11
1.6984e-11
2.95073e-12
4.22035e-13
4.67202e-14
3.57141e-15
1.421e-16
2.45875e-21
