0.130614
0.129002
0.127437
0.125923
0.124463
0.123059
0.121711
0.120421
0.119188
0.118012
0.116893
0.11583
0.114823
0.113872
0.112974
0.11213
0.111339
0.110599
0.10991
0.10927
0.108679
0.108134
0.107636
0.107183
0.106773
0.106406
0.10608
0.105793
0.105543
0.105329
0.105148
0.104997
0.104874
0.104775
0.104698
0.10464
0.104597
0.104566
0.104545
0.10453
0.104521
0.104515
0.10451
0.104505
0.104501
0.104496
0.104492
0.104487
0.104485
0.104485
0.104489
0.104499
0.104516
0.104543
0.10458
0.104631
0.104695
0.104777
0.104877
0.104996
0.105138
0.105304
0.105495
0.105713
0.10596
0.106238
0.106548
0.106892
0.10727
0.107683
0.108132
0.108617
0.109138
0.109693
0.110282
0.110902
0.111552
0.112227
0.112926
0.113644
0.114377
0.115123
0.115875
0.116631
0.117386
0.118136
0.118877
0.119606
0.120318
0.121012
0.121684
0.122331
0.122952
0.123543
0.124104
0.124631
0.125124
0.125581
0.126001
0.126383
0.126725
0.127027
0.127288
0.127508
0.127687
0.127825
0.127921
0.127978
0.127996
0.127975
0.127918
0.127827
0.127702
0.127547
0.127364
0.127154
0.126921
0.126666
0.126392
0.126101
0.125795
0.125477
0.125148
0.12481
0.124464
0.124113
0.123758
0.123399
0.123038
0.122676
0.122315
0.121954
0.121595
0.12124
0.120888
0.12054
0.120199
0.119864
0.119537
0.119219
0.118911
0.118614
0.11833
0.118059
0.117803
0.117563
0.117341
0.117136
0.116951
0.116787
0.116643
0.11652
0.116419
0.11634
0.116284
0.116248
0.116234
0.116241
0.116267
0.116311
0.116373
0.11645
0.116541
0.116644
0.116757
0.116877
0.117002
0.117131
0.11726
0.117387
0.117509
0.117626
0.117733
0.11783
0.117913
0.117983
0.118037
0.118074
0.118093
0.118095
0.118079
0.118046
0.117996
0.117931
0.117852
0.117762
0.117663
0.117557
0.117446
0.117335
0.117227
0.117124
0.117029
0.116947
0.116879
0.11683
0.116802
0.116797
0.116818
0.116867
0.116946
0.117055
0.117196
0.11737
0.117577
0.117817
0.11809
0.118396
0.118734
0.119103
0.119501
0.119929
0.120384
0.120865
0.121371
0.121899
0.122448
0.123016
0.123601
0.124201
0.124815
0.125441
0.126076
0.126718
0.127365
0.128017
0.12867
0.129323
0.129974
0.130622
0.131264
0.131901
0.13253
0.13315
0.13376
0.134359
0.134944
0.135514
0.136068
0.136602
0.137115
0.137602
0.138061
0.138487
0.138876
0.139223
0.139524
0.139772
0.139964
0.140094
0.140158
0.140152
0.140072
0.139916
0.139682
0.139368
0.138974
0.138499
0.137946
0.137314
0.136606
0.135824
0.13497
0.134048
0.133059
0.132008
0.130897
0.12973
0.128511
0.127244
0.125933
0.124584
0.123202
0.121794
0.120367
0.118927
0.117483
0.116043
0.114615
0.113207
0.111826
0.110481
0.109178
0.107921
0.106717
0.105569
0.10448
0.103452
0.102486
0.101583
0.100744
0.0999696
0.0992606
0.0986178
0.0980424
0.0975361
0.0971003
0.0967366
0.0964466
0.107209
