7.69818e-32
6.94688e-32
9.32295e-32
1.47596e-31
2.45826e-31
4.14957e-31
7.02148e-31
1.18715e-30
2.00364e-30
3.37472e-30
5.67185e-30
9.51192e-30
1.59171e-29
2.65774e-29
4.42806e-29
7.36152e-29
1.22117e-28
2.02134e-28
3.33854e-28
5.50213e-28
9.04819e-28
1.48474e-27
2.43107e-27
3.97194e-27
6.47542e-27
1.0534e-26
1.70994e-26
2.76968e-26
4.47652e-26
7.21963e-26
1.16186e-25
1.86576e-25
2.98968e-25
4.78035e-25
7.62713e-25
1.21431e-24
1.92916e-24
3.05826e-24
4.83783e-24
7.63655e-24
1.20286e-23
1.89062e-23
2.96529e-23
4.6409e-23
7.24789e-23
1.12953e-22
1.75653e-22
2.72579e-22
4.2209e-22
6.52222e-22
1.00569e-21
1.54744e-21
2.37597e-21
3.64039e-21
5.56593e-21
8.49199e-21
1.2929e-20
1.96427e-20
2.97798e-20
4.50535e-20
6.80174e-20
1.0247e-19
1.5405e-19
2.31108e-19
3.45985e-19
5.16876e-19
7.7056e-19
1.14635e-18
1.70184e-18
2.52123e-18
3.72734e-18
5.49893e-18
8.09566e-18
1.18938e-17
1.74375e-17
2.55121e-17
3.7248e-17
5.42698e-17
7.89063e-17
1.14489e-16
1.65774e-16
2.39536e-16
3.45402e-16
4.97028e-16
7.1374e-16
1.02283e-15
1.46275e-15
2.08757e-15
2.97316e-15
4.22573e-15
5.99367e-15
8.48381e-15
1.19839e-14
1.68933e-14
2.37651e-14
3.33639e-14
4.67438e-14
6.53558e-14
9.1192e-14
1.26982e-13
1.76459e-13
2.44714e-13
3.3868e-13
4.67775e-13
6.44765e-13
8.86919e-13
1.21754e-12
1.66803e-12
2.28058e-12
3.11176e-12
4.23729e-12
5.75827e-12
7.80943e-12
1.05699e-11
1.42773e-11
1.92462e-11
2.58924e-11
3.47636e-11
4.65805e-11
6.2289e-11
8.31281e-11
1.10717e-10
1.47167e-10
1.95225e-10
2.58461e-10
3.41496e-10
4.50307e-10
5.92606e-10
7.7832e-10
1.0202e-09
1.33459e-09
1.7424e-09
2.27032e-09
2.95231e-09
3.83157e-09
4.96286e-09
6.41544e-09
8.27681e-09
1.06572e-08
1.3695e-08
1.75642e-08
2.24821e-08
2.87204e-08
3.66177e-08
4.65949e-08
5.91743e-08
7.50025e-08
9.48785e-08
1.19787e-07
1.5094e-07
1.89823e-07
2.38257e-07
2.98467e-07
3.73166e-07
4.65653e-07
5.79935e-07
7.20864e-07
8.94304e-07
1.10733e-06
1.36845e-06
1.68788e-06
2.07786e-06
2.55302e-06
3.13082e-06
3.83201e-06
4.68125e-06
5.70776e-06
6.94606e-06
8.4369e-06
1.02282e-05
1.23762e-05
1.4947e-05
1.80175e-05
2.16777e-05
2.60323e-05
3.12027e-05
3.73299e-05
4.45764e-05
5.31302e-05
6.32071e-05
7.50554e-05
8.89593e-05
0.000105244
0.000124279
0.000146488
0.000172348
0.000202403
0.000237267
0.00027763
0.000324273
0.00037807
0.00044
0.00051116
0.000592771
0.000686195
0.000792943
0.000914689
0.00105328
0.00121077
0.0013894
0.00159165
0.00182021
0.00207806
0.00236842
0.00269481
0.00306107
0.00347133
0.00393007
0.00444214
0.00501275
0.00564749
0.00635236
0.00713379
0.00799862
0.00895413
0.0100081
0.0111686
0.0124445
0.0138447
0.015379
0.0170574
0.0188904
0.0208891
0.0230648
0.0254294
0.0279953
0.0307751
0.0337819
0.037029
0.0405302
0.0442994
0.0483509
0.0526991
0.0573585
0.0623438
0.0676698
0.0733512
0.0794026
0.0858388
0.0926739
0.0999223
0.107598
0.115714
0.124284
0.133319
0.142833
0.152836
0.163339
0.174352
0.185882
0.197939
0.210528
0.223657
0.237329
0.251549
0.266321
0.281647
0.297529
0.313968
0.330965
0.348523
0.366641
0.385319
0.404559
0.42436
0.444719
0.465634
0.487096
0.509096
0.531616
0.554635
0.578122
0.60204
0.626343
0.65098
0.675898
0.701044
0.726373
0.751854
0.777476
0.803254
0.82923
0.855462
0.882014
0.908922
0.936158
0.963572
0.99084
1.01741
1.04246
1.06491
1.08348
1.09676
1.10342
1.10239
1.09309
1.0756
1.05079
1.0203
1.10509
