0.00553663
0.00582954
0.00633508
0.00708253
0.00810131
0.00941825
0.0110545
0.0130223
0.0153227
0.0179431
0.0208568
0.0240233
0.0273902
0.030896
0.0344748
0.0380605
0.0415923
0.0450191
0.0483043
0.0514282
0.0543902
0.0572092
0.0599227
0.0625843
0.0652608
0.0680276
0.0709646
0.074151
0.0776606
0.0815574
0.085892
0.0906979
0.09599
0.101763
0.107993
0.114637
0.121636
0.128918
0.136402
0.144005
0.15164
0.159228
0.166693
0.173971
0.181007
0.187757
0.194185
0.200265
0.205975
0.211293
0.216201
0.220678
0.224699
0.228236
0.23126
0.233738
0.235642
0.236944
0.237623
0.237667
0.237075
0.235855
0.23403
0.231634
0.228713
0.225322
0.221521
0.217377
0.21296
0.208338
0.203576
0.198737
0.193876
0.18904
0.184272
0.179603
0.175061
0.170664
0.166424
0.162349
0.158442
0.154704
0.151132
0.147722
0.14447
0.141371
0.13842
0.135615
0.132953
0.130432
0.128053
0.125815
0.123722
0.121776
0.119981
0.118339
0.116854
0.115529
0.114366
0.113367
0.112531
0.111856
0.111337
0.110969
0.110743
0.110649
0.110675
0.110805
0.111023
0.111311
0.11165
0.112019
0.112398
0.112765
0.113101
0.113386
0.113602
0.113731
0.11376
0.113675
0.113466
0.113128
0.112654
0.112043
0.111297
0.110419
0.109415
0.108296
0.10707
0.105751
0.104354
0.102895
0.101389
0.0998548
0.0983101
0.0967733
0.0952626
0.0937964
0.0923928
0.0910695
0.0898441
0.0887337
0.0877552
0.0869251
0.0862599
0.0857759
0.0854895
0.085417
0.0855749
0.0859797
0.0866479
0.0875958
0.0888394
0.0903942
0.0922742
0.0944921
0.0970584
0.0999803
0.103262
0.106901
0.110893
0.115225
0.119876
0.12482
0.13002
0.135433
0.141006
0.146677
0.152379
0.158035
0.163565
0.168885
0.173907
0.178548
0.182724
0.186359
0.189382
0.191737
0.193374
0.194264
0.194387
0.193745
0.192351
0.190237
0.187449
0.184048
0.180104
0.175697
0.170914
0.165846
0.160582
0.155212
0.149822
0.144489
0.139285
0.134269
0.129493
0.124997
0.12081
0.116952
0.113433
0.110255
0.107413
0.104896
0.102688
0.10077
0.0991223
0.0977215
0.0965452
0.0955712
0.0947781
0.0941457
0.0936552
0.0932894
0.0930326
0.0928705
0.0927904
0.0927806
0.0928305
0.0929306
0.0930719
0.0932463
0.0934462
0.0936644
0.0938942
0.0941292
0.0943634
0.0945912
0.0948072
0.0950067
0.095185
0.095338
0.095462
0.0955539
0.0956108
0.0956307
0.0956117
0.0955528
0.0954532
0.0953129
0.0951324
0.0949127
0.0946552
0.0943621
0.0940359
0.0936796
0.0932966
0.0928907
0.0924663
0.0920278
0.0915803
0.0911287
0.0906786
0.0902354
0.0898049
0.0893929
0.0890052
0.0886477
0.0883263
0.0880468
0.087815
0.0876363
0.0875163
0.0874602
0.0874729
0.0875593
0.0877238
0.0879705
0.0883032
0.0887254
0.0892401
0.0898499
0.0905569
0.0913631
0.0922697
0.0932781
0.0943889
0.0956031
0.0969216
0.0983455
0.0998764
0.101517
0.10327
0.105139
0.10713
0.109246
0.111493
0.113872
0.116382
0.119016
0.121757
0.12458
0.127445
0.1303
0.133079
0.135705
0.138095
0.140168
0.141853
0.161851
