0.174109
0.17502
0.175783
0.176389
0.176829
0.177096
0.177185
0.177091
0.17681
0.176341
0.175686
0.174847
0.173829
0.172639
0.171286
0.169781
0.168136
0.166366
0.164486
0.162512
0.160462
0.158351
0.156198
0.15402
0.151832
0.14965
0.147488
0.145359
0.143275
0.141246
0.139281
0.137388
0.135573
0.13384
0.132194
0.130637
0.129171
0.127798
0.126518
0.12533
0.124234
0.123228
0.12231
0.121477
0.120725
0.120051
0.119448
0.11891
0.118432
0.118005
0.117623
0.117275
0.116956
0.116655
0.116365
0.116078
0.115788
0.115488
0.115172
0.114838
0.11448
0.114097
0.113688
0.113253
0.112791
0.112304
0.111793
0.111261
0.11071
0.110142
0.10956
0.108967
0.108365
0.107757
0.107145
0.106533
0.105923
0.105317
0.104718
0.10413
0.103555
0.102996
0.102456
0.101937
0.101443
0.100975
0.100537
0.10013
0.0997556
0.0994156
0.0991108
0.0988419
0.0986094
0.0984132
0.0982531
0.098129
0.0980404
0.0979867
0.0979676
0.0979827
0.0980318
0.0981146
0.0982313
0.098382
0.098567
0.0987867
0.0990416
0.0993323
0.0996593
0.100023
0.100424
0.100862
0.101337
0.101849
0.102397
0.102981
0.103599
0.10425
0.104932
0.105642
0.106378
0.107136
0.107913
0.108705
0.109508
0.110316
0.111125
0.111928
0.112721
0.113497
0.114251
0.114976
0.115667
0.116317
0.116922
0.117476
0.117975
0.118415
0.118792
0.119105
0.119352
0.119531
0.119643
0.119689
0.119672
0.119592
0.119454
0.119262
0.119021
0.118734
0.118408
0.118047
0.117658
0.117246
0.116817
0.116375
0.115925
0.115473
0.115022
0.114577
0.114141
0.113718
0.11331
0.112919
0.112549
0.1122
0.111874
0.111572
0.111296
0.111046
0.110822
0.110625
0.110455
0.110311
0.110194
0.110102
0.110036
0.109995
0.109977
0.109983
0.110011
0.110063
0.110136
0.110232
0.110352
0.110494
0.110662
0.110855
0.111076
0.111326
0.111607
0.111923
0.112274
0.112663
0.113092
0.113562
0.114075
0.114631
0.11523
0.115873
0.116557
0.117281
0.118041
0.118834
0.119655
0.120499
0.12136
0.122232
0.123106
0.123976
0.124834
0.125671
0.126478
0.127248
0.127972
0.128642
0.12925
0.129789
0.130251
0.130631
0.130924
0.131124
0.131228
0.131232
0.131136
0.130937
0.130638
0.130238
0.129741
0.129151
0.128471
0.127709
0.12687
0.125963
0.124995
0.123977
0.122916
0.121825
0.120712
0.119587
0.118461
0.117344
0.116244
0.115169
0.114129
0.113129
0.112175
0.111272
0.110423
0.109632
0.108899
0.108225
0.107609
0.107051
0.106548
0.106098
0.1057
0.10535
0.105047
0.104789
0.104575
0.104404
0.104278
0.104195
0.104158
0.104168
0.104225
0.104331
0.104487
0.104691
0.104943
0.105242
0.105583
0.105963
0.106378
0.106824
0.107293
0.107782
0.108286
0.1088
0.10932
0.109843
0.110366
0.110886
0.111403
0.111912
0.112413
0.112903
0.113379
0.113835
0.114269
0.114674
0.115043
0.11537
0.115648
0.11587
0.116027
0.116114
0.116125
0.129498
