0.0330984
0.0322268
0.0316596
0.0313841
0.0313839
0.0316392
0.0321271
0.0328221
0.0336965
0.0347206
0.0358639
0.0370952
0.038384
0.0397009
0.0410186
0.0423126
0.0435619
0.0447493
0.0458619
0.0468912
0.0478329
0.0486867
0.0494557
0.0501462
0.0507667
0.0513272
0.0518391
0.0523137
0.0527623
0.0531951
0.0536216
0.0540497
0.0544858
0.0549347
0.0554
0.055884
0.056388
0.0569127
0.0574583
0.0580253
0.0586144
0.0592267
0.0598646
0.0605308
0.0612293
0.0619648
0.0627427
0.0635687
0.0644482
0.0653863
0.0663868
0.0674517
0.0685812
0.0697726
0.0710201
0.0723149
0.0736451
0.0749957
0.0763492
0.0776861
0.0789856
0.0802271
0.0813903
0.082457
0.083412
0.0842436
0.084945
0.0855142
0.085955
0.0862764
0.0864927
0.0866228
0.0866894
0.0867181
0.0867362
0.0867714
0.0868508
0.0869996
0.0872398
0.0875898
0.0880636
0.0886704
0.0894142
0.0902945
0.0913063
0.0924408
0.0936859
0.0950273
0.0964492
0.0979353
0.0994691
0.101035
0.10262
0.10421
0.105797
0.107371
0.108928
0.110464
0.111978
0.113472
0.114947
0.11641
0.117866
0.119322
0.120787
0.122271
0.123785
0.125339
0.126945
0.128613
0.130353
0.132173
0.134081
0.136081
0.138173
0.140354
0.142618
0.144953
0.147341
0.149761
0.152188
0.15459
0.156932
0.159176
0.161284
0.163214
0.164924
0.166377
0.167534
0.168363
0.168836
0.16893
0.168631
0.167931
0.166829
0.165332
0.163455
0.161221
0.158658
0.1558
0.152688
0.149364
0.145873
0.142264
0.138585
0.134881
0.131198
0.127579
0.124063
0.120686
0.117479
0.114468
0.111674
0.109116
0.106806
0.104751
0.102957
0.101425
0.100152
0.0991343
0.0983641
0.0978332
0.0975314
0.0974478
0.0975706
0.0978877
0.0983866
0.099055
0.0998803
0.100851
0.101954
0.103178
0.104512
0.105944
0.107465
0.109063
0.110728
0.112451
0.114221
0.11603
0.117869
0.119728
0.121599
0.123475
0.125346
0.127206
0.129046
0.13086
0.132641
0.134381
0.136075
0.137716
0.139297
0.140814
0.142261
0.143631
0.144922
0.146127
0.147243
0.148266
0.149193
0.15002
0.150747
0.151371
0.151891
0.152308
0.152621
0.152831
0.15294
0.152951
0.152866
0.152688
0.152423
0.152073
0.151643
0.15114
0.150567
0.149931
0.149238
0.148493
0.147703
0.146873
0.146012
0.145125
0.14422
0.143305
0.142388
0.141478
0.140585
0.139718
0.138888
0.138107
0.137387
0.136738
0.136173
0.135703
0.135339
0.13509
0.134966
0.134971
0.135111
0.135388
0.135803
0.136353
0.137034
0.137841
0.138768
0.139807
0.140951
0.142192
0.143525
0.144944
0.146444
0.148019
0.149665
0.151376
0.153143
0.154956
0.156801
0.15866
0.16051
0.162327
0.164084
0.165752
0.167304
0.168716
0.16997
0.171052
0.17196
0.172697
0.173278
0.173724
0.174063
0.174325
0.174543
0.174747
0.174964
0.175211
0.175501
0.175836
0.176209
0.176606
0.177006
0.177383
0.177712
0.177964
0.178115
0.178144
0.178037
0.177784
0.177386
0.17685
0.17619
0.175429
0.174593
0.173714
0.172824
0.171955
0.171133
0.189923
