0.120556
0.119061
0.117638
0.116292
0.115024
0.113834
0.11272
0.111682
0.110715
0.109816
0.108983
0.108211
0.107497
0.106838
0.106232
0.105675
0.105165
0.1047
0.104279
0.103899
0.10356
0.10326
0.102997
0.102772
0.102584
0.102431
0.102312
0.102228
0.102176
0.102157
0.102168
0.102208
0.102276
0.102368
0.102484
0.102619
0.102771
0.102938
0.103115
0.103301
0.103491
0.103683
0.103875
0.104065
0.10425
0.104429
0.1046
0.104764
0.104921
0.105069
0.105211
0.105348
0.105479
0.105608
0.105736
0.105865
0.105997
0.106135
0.10628
0.106436
0.106605
0.106788
0.10699
0.107211
0.107455
0.107724
0.10802
0.108345
0.108702
0.109092
0.109517
0.109978
0.110476
0.11101
0.111581
0.112188
0.11283
0.113504
0.114208
0.114938
0.115692
0.116464
0.11725
0.118046
0.118846
0.119644
0.120437
0.121218
0.121984
0.122728
0.123447
0.124137
0.124795
0.125416
0.125999
0.126541
0.12704
0.127495
0.127904
0.128266
0.128582
0.128852
0.129074
0.129252
0.129384
0.129473
0.12952
0.129527
0.129497
0.129431
0.129333
0.129204
0.129049
0.128869
0.128668
0.128449
0.128215
0.127967
0.127708
0.127441
0.127166
0.126886
0.126601
0.126311
0.126017
0.12572
0.125418
0.125111
0.124799
0.124481
0.124156
0.123824
0.123483
0.123134
0.122776
0.122409
0.122034
0.121651
0.12126
0.120864
0.120464
0.120061
0.119659
0.119258
0.118864
0.118477
0.118101
0.11774
0.117397
0.117075
0.116776
0.116505
0.116264
0.116056
0.115882
0.115745
0.115646
0.115586
0.115566
0.115585
0.115642
0.115737
0.115867
0.116029
0.116221
0.11644
0.11668
0.116938
0.117208
0.117486
0.117767
0.118044
0.118314
0.118571
0.118811
0.119028
0.11922
0.119383
0.119513
0.11961
0.119672
0.119698
0.119688
0.119644
0.119566
0.119457
0.11932
0.119158
0.118975
0.118775
0.118564
0.118345
0.118125
0.117908
0.1177
0.117505
0.117329
0.117176
0.117051
0.116957
0.116898
0.116878
0.116899
0.116962
0.117071
0.117225
0.117425
0.117671
0.117962
0.118296
0.118673
0.119088
0.119541
0.120027
0.120543
0.121086
0.12165
0.122233
0.12283
0.123437
0.12405
0.124665
0.12528
0.12589
0.126494
0.127089
0.127675
0.128249
0.128813
0.129365
0.129907
0.13044
0.130964
0.131482
0.131995
0.132505
0.133011
0.133516
0.134019
0.13452
0.135018
0.135511
0.135996
0.13647
0.136929
0.137369
0.137785
0.138172
0.138523
0.138835
0.1391
0.139315
0.139474
0.139572
0.139605
0.139569
0.13946
0.139276
0.139012
0.138668
0.13824
0.137727
0.137128
0.136443
0.135671
0.134813
0.133872
0.132849
0.131748
0.130573
0.12933
0.128026
0.126668
0.125265
0.123826
0.12236
0.120878
0.119388
0.117902
0.116429
0.114976
0.113552
0.112164
0.110818
0.109519
0.108271
0.107079
0.105946
0.104874
0.103867
0.102927
0.102056
0.101259
0.100536
0.09989
0.0993238
0.0988384
0.0984346
0.0981124
0.108981
