0.115446
0.115052
0.114695
0.114395
0.114168
0.114023
0.113961
0.113974
0.114048
0.114164
0.1143
0.114434
0.114546
0.11462
0.114645
0.114616
0.114531
0.114396
0.114218
0.114007
0.113774
0.113526
0.113273
0.113019
0.112768
0.11252
0.112276
0.112033
0.111789
0.111543
0.111295
0.111046
0.1108
0.110561
0.110337
0.110135
0.109965
0.109835
0.109755
0.109733
0.109776
0.109891
0.110081
0.110349
0.110695
0.111116
0.111611
0.112173
0.112796
0.113475
0.1142
0.114966
0.115763
0.116587
0.117431
0.118291
0.119165
0.120053
0.120956
0.121876
0.122818
0.12379
0.124798
0.125851
0.126959
0.128131
0.129375
0.1307
0.132111
0.133614
0.13521
0.1369
0.13868
0.140544
0.142483
0.144485
0.146535
0.148616
0.150708
0.152789
0.154837
0.156829
0.15874
0.160547
0.162227
0.16376
0.165127
0.166309
0.167293
0.168068
0.168623
0.168955
0.16906
0.168939
0.168595
0.168036
0.167269
0.166306
0.165161
0.163848
0.162384
0.160787
0.159077
0.157273
0.155397
0.15347
0.151512
0.149547
0.147595
0.145678
0.143816
0.142028
0.140334
0.13875
0.137292
0.135972
0.134802
0.133791
0.132945
0.132267
0.131757
0.131413
0.131231
0.131203
0.131317
0.131563
0.131926
0.132389
0.132935
0.133545
0.1342
0.134881
0.135567
0.136239
0.136877
0.137463
0.137979
0.138409
0.138736
0.138947
0.139029
0.138972
0.138765
0.138402
0.137878
0.137189
0.136334
0.135315
0.134133
0.132795
0.131308
0.129681
0.127926
0.126056
0.124084
0.122026
0.119899
0.11772
0.115507
0.113277
0.111047
0.108835
0.106657
0.104527
0.10246
0.100468
0.098562
0.096752
0.0950456
0.0934492
0.0919677
0.0906042
0.0893607
0.0882379
0.0872353
0.0863515
0.0855843
0.0849306
0.0843873
0.0839503
0.0836158
0.0833797
0.0832377
0.0831859
0.0832205
0.0833375
0.0835336
0.0838053
0.0841494
0.0845627
0.0850423
0.085585
0.0861875
0.0868464
0.0875577
0.0883175
0.0891209
0.089963
0.090838
0.0917399
0.092662
0.0935972
0.0945383
0.0954777
0.0964078
0.0973209
0.0982096
0.0990667
0.0998853
0.100659
0.101382
0.102048
0.102653
0.103191
0.103659
0.104052
0.104367
0.104601
0.104751
0.104814
0.10479
0.104678
0.10448
0.104197
0.103834
0.103397
0.102894
0.102335
0.101733
0.101101
0.100454
0.0998078
0.0991798
0.0985856
0.0980405
0.0975585
0.0971512
0.096828
0.0965956
0.0964577
0.0964153
0.0964663
0.0966068
0.0968305
0.09713
0.0974971
0.097923
0.0983996
0.0989192
0.0994755
0.100063
0.100678
0.101317
0.101979
0.102663
0.103367
0.104091
0.104832
0.10559
0.10636
0.107138
0.107918
0.108696
0.109464
0.110217
0.110949
0.111658
0.112342
0.113001
0.11364
0.114263
0.11488
0.115502
0.11614
0.116807
0.117516
0.118278
0.119104
0.119999
0.120968
0.122011
0.123124
0.124299
0.125526
0.126789
0.128073
0.129358
0.130624
0.131852
0.13302
0.134109
0.135102
0.135983
0.136739
0.137358
0.137833
0.138158
0.138331
0.138353
0.152436
