0.131865
0.131936
0.13196
0.13193
0.131842
0.131694
0.131492
0.131241
0.130955
0.130645
0.130326
0.130013
0.129716
0.129445
0.129204
0.128994
0.12881
0.128644
0.128485
0.128323
0.128143
0.127937
0.127695
0.127414
0.127091
0.126731
0.126337
0.125919
0.125487
0.125051
0.124622
0.12421
0.123823
0.123469
0.123153
0.122879
0.122649
0.122468
0.122336
0.122258
0.122236
0.122275
0.122381
0.122562
0.122825
0.123179
0.123635
0.1242
0.124885
0.125698
0.126647
0.127738
0.128975
0.130359
0.131892
0.13357
0.135387
0.137338
0.13941
0.141591
0.143866
0.146218
0.148627
0.151072
0.153531
0.155978
0.15839
0.160742
0.163007
0.165161
0.167179
0.169037
0.170712
0.172185
0.173436
0.174448
0.175208
0.175704
0.175929
0.175878
0.17555
0.174946
0.174074
0.172943
0.171566
0.169959
0.168143
0.16614
0.163975
0.161676
0.159272
0.156793
0.154271
0.151735
0.149217
0.146745
0.144347
0.142049
0.139872
0.137835
0.135956
0.134244
0.13271
0.131356
0.130183
0.129189
0.128365
0.127703
0.12719
0.126812
0.126554
0.126398
0.126328
0.126327
0.12638
0.126471
0.126588
0.126719
0.126854
0.126987
0.127113
0.127228
0.12733
0.127421
0.127501
0.127573
0.127639
0.127702
0.127764
0.127828
0.127895
0.127965
0.128038
0.128111
0.128182
0.128245
0.128296
0.128328
0.128334
0.128306
0.128236
0.128116
0.127938
0.127694
0.127375
0.126976
0.12649
0.12591
0.125234
0.124458
0.123578
0.122594
0.121506
0.120315
0.119023
0.117635
0.116154
0.114587
0.112942
0.111226
0.109448
0.107619
0.105749
0.103849
0.101932
0.100008
0.0980912
0.0961922
0.0943231
0.0924953
0.0907196
0.0890062
0.0873647
0.0858037
0.0843312
0.0829539
0.0816781
0.0805087
0.0794498
0.0785048
0.0776761
0.076965
0.0763724
0.0758979
0.0755409
0.0752995
0.0751714
0.0751536
0.0752424
0.0754333
0.0757216
0.076102
0.0765685
0.077115
0.077735
0.0784218
0.0791686
0.0799684
0.0808141
0.0816986
0.082615
0.0835563
0.0845153
0.0854852
0.0864588
0.0874293
0.0883897
0.089333
0.0902525
0.0911416
0.0919943
0.092805
0.0935687
0.0942816
0.0949408
0.0955449
0.0960937
0.0965887
0.0970327
0.0974302
0.0977867
0.0981088
0.0984037
0.098679
0.0989421
0.0991998
0.0994581
0.0997216
0.0999935
0.100275
0.100566
0.100864
0.101166
0.101467
0.10176
0.10204
0.1023
0.102534
0.102737
0.102905
0.103034
0.103125
0.103176
0.103189
0.103167
0.103114
0.103034
0.102931
0.102811
0.102678
0.102535
0.102387
0.102236
0.102085
0.101936
0.101792
0.101655
0.10153
0.101422
0.101335
0.101277
0.101258
0.101286
0.101372
0.101527
0.101762
0.102088
0.102512
0.103042
0.103682
0.104434
0.105297
0.106265
0.107332
0.108487
0.109716
0.111005
0.112337
0.113693
0.115056
0.116408
0.117732
0.119012
0.120232
0.121383
0.122452
0.123432
0.124318
0.125106
0.125795
0.126385
0.126879
0.127279
0.127591
0.127817
0.127963
0.128033
0.128031
0.12796
0.14076
