0.0932079
0.0936167
0.0941487
0.0948104
0.0956057
0.0965349
0.0975955
0.0987819
0.100086
0.101498
0.103009
0.104606
0.106283
0.10803
0.109844
0.111721
0.113661
0.115667
0.117742
0.119892
0.122123
0.12444
0.126847
0.129348
0.131943
0.134631
0.137406
0.140262
0.143189
0.146174
0.149202
0.152257
0.155321
0.158374
0.161397
0.16437
0.167274
0.170088
0.172794
0.175373
0.177808
0.180081
0.182177
0.184079
0.185774
0.187245
0.188482
0.18947
0.1902
0.190664
0.190853
0.190766
0.190399
0.189755
0.188839
0.18766
0.186229
0.184562
0.182676
0.180591
0.178331
0.175919
0.17338
0.170739
0.168023
0.165257
0.162464
0.159669
0.156893
0.154156
0.151478
0.148875
0.146363
0.143954
0.141661
0.139492
0.137457
0.13556
0.133806
0.132197
0.130735
0.129419
0.128245
0.127211
0.126309
0.125534
0.124877
0.124328
0.123878
0.123514
0.123226
0.123001
0.122827
0.122692
0.122583
0.12249
0.122401
0.122306
0.122196
0.122064
0.121902
0.121705
0.121468
0.121189
0.120866
0.120497
0.120085
0.119631
0.119136
0.118606
0.118045
0.117457
0.116848
0.116225
0.115594
0.114961
0.114334
0.113719
0.113123
0.112553
0.112015
0.111515
0.111059
0.110652
0.110299
0.110003
0.109768
0.109596
0.109488
0.109446
0.10947
0.109558
0.109708
0.109917
0.110182
0.110498
0.110861
0.111265
0.111703
0.112171
0.112663
0.113172
0.113695
0.114225
0.11476
0.115298
0.115835
0.116372
0.116908
0.117447
0.117989
0.11854
0.119102
0.119682
0.120285
0.120916
0.12158
0.122284
0.123031
0.123825
0.12467
0.125566
0.126514
0.127513
0.128559
0.12965
0.130778
0.131937
0.133118
0.134312
0.135506
0.136691
0.137852
0.138977
0.140052
0.141065
0.142003
0.142852
0.143602
0.144242
0.144762
0.145155
0.145415
0.145536
0.145517
0.145355
0.145053
0.144613
0.14404
0.143339
0.142518
0.141586
0.140551
0.139424
0.138214
0.136932
0.135587
0.134189
0.132746
0.131266
0.129757
0.128223
0.126671
0.125104
0.123526
0.121939
0.120346
0.118747
0.117144
0.115538
0.113928
0.112316
0.110702
0.109086
0.107469
0.10585
0.104231
0.102612
0.100994
0.0993768
0.0977628
0.0961532
0.0945499
0.0929555
0.0913731
0.0898066
0.0882606
0.0867404
0.085252
0.0838023
0.0823983
0.0810478
0.0797586
0.0785385
0.0773947
0.0763342
0.075363
0.0744859
0.0737065
0.0730271
0.0724482
0.0719688
0.0715864
0.0712969
0.0710951
0.0709743
0.0709273
0.0709459
0.0710219
0.0711467
0.0713122
0.0715105
0.0717345
0.0719779
0.0722354
0.0725026
0.0727763
0.0730543
0.0733354
0.0736192
0.0739062
0.0741974
0.0744942
0.0747986
0.0751125
0.075438
0.0757771
0.0761316
0.0765034
0.0768939
0.0773046
0.0777368
0.0781916
0.0786701
0.0791734
0.0797028
0.0802593
0.080844
0.081458
0.0821021
0.0827769
0.0834826
0.0842188
0.0849846
0.0857783
0.0865977
0.0874396
0.0883003
0.0891753
0.0900595
0.0909473
0.0918322
0.0927073
0.0935646
0.0943955
0.0951899
0.0959367
0.0966236
0.0972372
0.10821
