0.338841
0.342717
0.347958
0.354193
0.360972
0.367826
0.374327
0.38013
0.385
0.38882
0.391579
0.393355
0.394283
0.394526
0.394252
0.39361
0.392716
0.39165
0.390453
0.389135
0.387678
0.386048
0.3842
0.382088
0.37967
0.376911
0.373784
0.370273
0.36637
0.362077
0.357402
0.352359
0.346968
0.341248
0.335225
0.328921
0.322363
0.315577
0.308587
0.301421
0.294104
0.286664
0.279126
0.271519
0.263869
0.256205
0.248555
0.240948
0.233413
0.225978
0.218673
0.211526
0.204565
0.197817
0.19131
0.185068
0.179115
0.173474
0.168166
0.163209
0.15862
0.154414
0.150601
0.147193
0.144194
0.141609
0.139439
0.13768
0.136329
0.135376
0.13481
0.134615
0.134775
0.135268
0.13607
0.137156
0.138496
0.140058
0.14181
0.143716
0.14574
0.147842
0.149986
0.152131
0.154239
0.156271
0.158188
0.159954
0.161534
0.162895
0.164006
0.16484
0.165371
0.165578
0.165444
0.164954
0.164098
0.16287
0.161268
0.159295
0.156955
0.15426
0.151222
0.147859
0.14419
0.140239
0.136031
0.131594
0.126958
0.122153
0.117213
0.11217
0.107058
0.10191
0.0967597
0.0916398
0.0865826
0.0816194
0.0767803
0.0720944
0.0675893
0.0632914
0.0592257
0.055416
0.0518843
0.0486519
0.0457382
0.0431619
0.0409401
0.0390887
0.0376225
0.0365548
0.0358975
0.0356608
0.0358531
0.036481
0.0375482
0.0390562
0.0410032
0.0433839
0.0461892
0.0494057
0.0530154
0.0569953
0.0613172
0.0659475
0.070847
0.0759713
0.0812705
0.0866898
0.0921701
0.0976483
0.103058
0.108332
0.1134
0.118193
0.122644
0.126688
0.130263
0.133314
0.135792
0.137655
0.13887
0.139414
0.139274
0.138445
0.136936
0.134765
0.131959
0.128555
0.124599
0.120143
0.115248
0.109977
0.104398
0.0985802
0.0925932
0.0865063
0.0803861
0.0742959
0.0682944
0.0624347
0.0567642
0.0513233
0.0461458
0.0412586
0.0366815
0.0324281
0.0285056
0.0249158
0.0216554
0.0187172
0.0160903
0.0137613
0.0117153
0.00993602
0.00840754
0.00711444
0.00604288
0.00518127
0.00452097
0.00405698
0.00378853
0.00371954
0.00385911
0.00422168
0.00482716
0.00570075
0.00687245
0.0083763
0.0102491
0.0125289
0.0152526
0.0184539
0.0221599
0.026388
0.0311426
0.0364116
0.0421633
0.0483439
0.0548757
0.0616563
0.0685595
0.0754377
0.082125
0.0884439
0.094211
0.099246
0.10338
0.106464
0.108378
0.10904
0.108408
0.106485
0.103322
0.0990124
0.0936911
0.0875249
0.080705
0.0734366
0.0659282
0.0583819
0.0509835
0.0438954
0.0372508
0.0311503
0.0256615
0.0208193
0.0166297
0.0130739
0.010113
0.00769425
0.00575578
0.00423187
0.00305688
0.00216853
0.0015101
0.0010318
0.000691404
0.000454141
0.00029224
0.000184134
0.00011353
6.8453e-05
4.03355e-05
2.32103e-05
1.30328e-05
7.13519e-06
3.8054e-06
1.97522e-06
9.96804e-07
4.88556e-07
2.32284e-07
1.06998e-07
4.76857e-08
2.05309e-08
8.52572e-09
3.40866e-09
1.30955e-09
4.82404e-10
1.69988e-10
5.71474e-11
1.82752e-11
5.54077e-12
1.58667e-12
4.2731e-13
1.07694e-13
2.52538e-14
5.47277e-15
1.08721e-15
1.96057e-16
3.17056e-17
4.52862e-18
5.6077e-19
5.92921e-20
5.72399e-21
9.28253e-22
4.96494e-22
4.35867e-22
5.65698e-22
