0
4.5029e-19
2.11594e-17
4.9163e-16
7.53035e-15
8.55407e-14
7.68651e-13
5.69128e-12
3.57152e-11
1.9392e-10
9.25506e-10
3.93144e-09
1.50159e-08
5.20045e-08
1.64488e-07
4.78093e-07
1.2839e-06
3.20104e-06
7.44215e-06
1.61999e-05
3.31421e-05
6.39555e-05
0.000116825
0.000202709
0.000335274
0.00053047
0.00080581
0.0011796
0.00167039
0.00229702
0.00307918
0.00403878
0.00520152
0.00659861
0.00826816
0.0102561
0.0126167
0.0154123
0.0187133
0.0225974
0.0271494
0.0324605
0.0386276
0.0457528
0.0539425
0.063306
0.0739542
0.0859978
0.0995447
0.114698
0.131553
0.150195
0.170694
0.193102
0.217453
0.243755
0.271988
0.302104
0.33402
0.367619
0.402748
0.439218
0.4768
0.515233
0.55422
0.593434
0.632519
0.671099
0.708781
0.745159
0.779828
0.812384
0.842436
0.869611
0.893567
0.913992
0.930618
0.943224
0.951639
0.95575
0.9555
0.950894
0.941995
0.928924
0.911859
0.891026
0.866701
0.839198
0.808864
0.776075
0.741222
0.704709
0.666942
0.628325
0.589247
0.550083
0.511184
0.472873
0.435442
0.399148
0.364213
0.330824
0.299128
0.269238
0.241232
0.215156
0.191026
0.16883
0.148534
0.130084
0.113408
0.0984199
0.0850242
0.0731178
0.0625928
0.0533393
0.0452472
0.0382083
0.0321177
0.0268753
0.0223864
0.0185626
0.0153219
0.0125896
0.0102975
0.00838447
0.00679581
0.00548316
0.00440395
0.0035211
0.00280244
0.00222034
0.00175116
0.00137485
0.00107451
0.000835963
0.000647424
0.000499132
0.000383059
0.000292645
0.000222557
0.000168487
0.000126974
9.52553e-05
7.11359e-05
5.28827e-05
3.91349e-05
2.88296e-05
2.11417e-05
1.54336e-05
1.12155e-05
8.1133e-06
5.84254e-06
4.18824e-06
2.98874e-06
2.1231e-06
1.50134e-06
1.05685e-06
7.40587e-07
5.16611e-07
3.58739e-07
2.47982e-07
1.70643e-07
1.16892e-07
7.97086e-08
5.41071e-08
3.6562e-08
2.45943e-08
1.64689e-08
1.0978e-08
7.28462e-09
4.81193e-09
3.16416e-09
2.07122e-09
1.34965e-09
8.75475e-10
5.6532e-10
3.63389e-10
2.32529e-10
1.48119e-10
9.39232e-11
5.92874e-11
3.72546e-11
2.33037e-11
1.4511e-11
8.99497e-12
5.55046e-12
3.40947e-12
2.08484e-12
1.26907e-12
7.69004e-13
4.63873e-13
2.78546e-13
1.66504e-13
9.90786e-14
5.86899e-14
3.46079e-14
2.03149e-14
1.18709e-14
6.90528e-15
3.99858e-15
2.30494e-15
1.32264e-15
7.55531e-16
4.29627e-16
2.43197e-16
1.37042e-16
7.68738e-17
4.2927e-17
2.38622e-17
1.32044e-17
7.27373e-18
3.98862e-18
2.17729e-18
1.18315e-18
6.40014e-19
3.44642e-19
1.84746e-19
9.85849e-20
5.23689e-20
2.76927e-20
1.45775e-20
7.63892e-21
3.98481e-21
2.06924e-21
1.06965e-21
5.5043e-22
2.81961e-22
1.43782e-22
7.29872e-23
3.68823e-23
1.85531e-23
9.29055e-24
4.63121e-24
2.29814e-24
1.13523e-24
5.58239e-25
2.73264e-25
1.3316e-25
6.45938e-26
3.11914e-26
1.49936e-26
7.17473e-27
3.41768e-27
1.62063e-27
7.65003e-28
3.59475e-28
1.68152e-28
7.82998e-29
3.62949e-29
1.67478e-29
7.69301e-30
3.51771e-30
1.60122e-30
7.2555e-31
3.27272e-31
1.46953e-31
6.56858e-32
2.92274e-32
1.2946e-32
5.70829e-33
2.50554e-33
1.09477e-33
4.76177e-34
2.06177e-34
8.88659e-35
3.8129e-35
1.62855e-35
6.92421e-36
2.93065e-36
1.23476e-36
5.17875e-37
2.16218e-37
8.98632e-38
3.71789e-38
1.53121e-38
6.27762e-39
2.562e-39
1.04085e-39
4.20939e-40
1.69462e-40
6.79125e-41
2.70925e-41
1.0759e-41
4.2532e-42
1.67372e-42
6.55648e-43
2.55671e-43
9.92462e-44
3.83503e-44
1.47518e-44
5.6486e-45
2.15308e-45
8.1696e-46
3.08586e-46
1.16056e-46
4.35203e-47
1.64548e-47
6.857e-48
5.84696e-48
