0.125484
0.13042
0.136365
0.143089
0.150341
0.157867
0.165439
0.172874
0.180054
0.186928
0.193516
0.199889
0.206157
0.212441
0.218852
0.225468
0.232323
0.239395
0.24661
0.253851
0.260972
0.267817
0.274238
0.280111
0.285349
0.289912
0.293804
0.297072
0.299798
0.302088
0.304059
0.305829
0.307505
0.309177
0.310908
0.312736
0.314674
0.316707
0.318799
0.320899
0.322942
0.324857
0.326569
0.328006
0.3291
0.32979
0.330026
0.329767
0.328983
0.327657
0.325782
0.323362
0.320411
0.316952
0.313014
0.308634
0.303854
0.29872
0.293279
0.28758
0.281673
0.275607
0.269429
0.263182
0.256909
0.250648
0.244432
0.238293
0.232255
0.226343
0.220574
0.214963
0.209524
0.204265
0.199193
0.194313
0.189627
0.185138
0.180846
0.17675
0.172851
0.169148
0.16564
0.162326
0.159206
0.156282
0.153553
0.151021
0.148689
0.14656
0.144637
0.142924
0.141427
0.140151
0.139102
0.138286
0.137709
0.137378
0.137298
0.137476
0.137915
0.138621
0.139595
0.140838
0.142349
0.144125
0.14616
0.148444
0.150965
0.153708
0.156653
0.159776
0.163051
0.166445
0.169925
0.173451
0.176981
0.180471
0.183874
0.187139
0.190218
0.193059
0.195612
0.197829
0.199663
0.20107
0.202013
0.202455
0.202369
0.201731
0.200526
0.198746
0.196388
0.193461
0.189977
0.185958
0.181433
0.176436
0.171008
0.165193
0.159042
0.152607
0.145943
0.139106
0.132152
0.125136
0.118111
0.111128
0.104235
0.0974761
0.0908898
0.0845107
0.0783683
0.0724869
0.0668858
0.0615791
0.0565762
0.0518819
0.0474971
0.0434187
0.0396406
0.0361537
0.0329468
0.0300068
0.0273193
0.0248688
0.0226395
0.0206153
0.0187803
0.017119
0.0156166
0.0142593
0.0130342
0.0119296
0.0109353
0.0100422
0.00924328
0.00853275
0.00790684
0.00736368
0.00690347
0.0065287
0.00624427
0.00605773
0.00597942
0.00602261
0.00620367
0.00654203
0.00706017
0.0077834
0.00873949
0.0099581
0.01147
0.0133058
0.0154951
0.0180643
0.0210353
0.0244232
0.0282344
0.0324643
0.0370954
0.0420956
0.0474172
0.0529955
0.0587495
0.064582
0.0703823
0.0760278
0.0813884
0.0863306
0.0907224
0.0944391
0.0973684
0.0994162
0.100511
0.100607
0.0996898
0.0977738
0.0949046
0.0911566
0.0866296
0.0814446
0.0757383
0.0696567
0.0633492
0.056962
0.0506323
0.0444835
0.0386214
0.0331316
0.028078
0.023503
0.0194283
0.0158568
0.0127756
0.010159
0.00797126
0.00617053
0.00471131
0.00354721
0.00263306
0.00192647
0.00138896
0.000986603
0.000690272
0.000475586
0.000322613
0.000215431
0.000141599
9.16069e-05
5.83402e-05
3.65873e-05
2.26109e-05
1.37869e-05
8.31146e-06
4.97021e-06
2.96308e-06
1.77399e-06
1.07713e-06
6.7115e-07
4.34271e-07
2.94371e-07
2.09593e-07
1.56109e-07
1.20568e-07
9.55845e-08
7.70843e-08
6.28048e-08
5.14564e-08
4.22685e-08
3.47499e-08
2.85632e-08
2.34602e-08
1.92485e-08
1.57738e-08
1.29096e-08
1.05515e-08
8.61253e-09
7.02038e-09
5.71482e-09
4.64577e-09
3.77162e-09
3.05785e-09
2.4759e-09
2.0021e-09
1.61696e-09
1.30437e-09
1.05113e-09
8.46359e-10
6.81183e-10
5.48357e-10
4.42013e-10
3.5744e-10
2.90929e-10
2.39671e-10
2.01728e-10
1.76137e-10
1.63223e-10
1.6536e-10
2.13446e-10
