0.276723
0.275309
0.27298
0.269884
0.266182
0.262039
0.257614
0.253061
0.248513
0.244087
0.239873
0.235932
0.232293
0.228954
0.225883
0.223022
0.220292
0.217606
0.214877
0.212028
0.209002
0.205768
0.202326
0.198707
0.194965
0.191176
0.18742
0.183781
0.180326
0.177105
0.174141
0.171429
0.168938
0.166612
0.164382
0.162171
0.159905
0.157516
0.154956
0.152196
0.14923
0.146077
0.142774
0.139376
0.13595
0.13257
0.129311
0.126246
0.123441
0.120953
0.118827
0.117099
0.115792
0.114918
0.114482
0.114479
0.114899
0.115726
0.116939
0.118518
0.120435
0.122666
0.125182
0.127955
0.130958
0.13416
0.137536
0.141056
0.144696
0.14843
0.152236
0.156093
0.159984
0.163894
0.167812
0.171728
0.175636
0.179535
0.183423
0.187302
0.191175
0.195045
0.198916
0.202791
0.206673
0.21056
0.21445
0.218336
0.222209
0.226054
0.229855
0.233588
0.23723
0.24075
0.244117
0.247296
0.250251
0.252944
0.25534
0.257401
0.259094
0.260387
0.261252
0.261664
0.261606
0.261062
0.260026
0.258496
0.256476
0.253977
0.251016
0.247615
0.243801
0.239607
0.235069
0.230226
0.225121
0.219798
0.214301
0.208677
0.202969
0.197222
0.191477
0.185773
0.180147
0.174633
0.16926
0.164053
0.159036
0.154226
0.149638
0.145282
0.141166
0.137292
0.133662
0.130273
0.127121
0.124199
0.121498
0.119008
0.116718
0.114615
0.112686
0.110919
0.109299
0.107814
0.10645
0.105193
0.104033
0.102957
0.101954
0.101013
0.100125
0.0992812
0.0984736
0.0976952
0.0969397
0.0962019
0.0954778
0.0947639
0.0940582
0.0933597
0.0926684
0.0919859
0.091315
0.0906602
0.0900275
0.0894247
0.0888618
0.0883505
0.0879049
0.0875414
0.0872785
0.0871368
0.0871391
0.0873098
0.0876744
0.0882594
0.0890908
0.0901936
0.0915908
0.0933017
0.0953406
0.0977155
0.100427
0.103464
0.106809
0.11043
0.114281
0.118308
0.12244
0.126598
0.13069
0.134619
0.13828
0.141569
0.144381
0.146617
0.148189
0.14902
0.149052
0.148243
0.146577
0.144056
0.140709
0.136585
0.131753
0.126302
0.120331
0.113954
0.107287
0.100448
0.0935535
0.0867115
0.0800201
0.0735643
0.0674146
0.0616254
0.0562352
0.0512672
0.0467302
0.0426206
0.0389245
0.0356192
0.0326764
0.0300637
0.0277466
0.0256904
0.0238614
0.0222278
0.0207609
0.0194349
0.0182274
0.0171195
0.0160955
0.0151423
0.0142497
0.0134096
0.0126155
0.0118626
0.0111472
0.0104666
0.0098186
0.00920153
0.00861411
0.00805527
0.0075241
0.00701976
0.00654148
0.00608849
0.00566002
0.00525533
0.00487362
0.00451412
0.00417601
0.00385847
0.0035607
0.00328186
0.00302112
0.00277767
0.00255068
0.00233933
0.00214285
0.00196043
0.00179132
0.00163477
0.00149005
0.00135646
0.00123331
0.00111996
0.00101576
0.000920126
0.00083247
0.000752242
0.000678921
0.000612009
0.000551036
0.000495559
0.000445161
0.00039945
0.00035806
0.000320648
0.000286898
0.000256515
0.000229229
0.000204791
0.000182977
0.000163585
0.000146436
0.000131378
0.000118282
0.000107053
9.76297e-05
8.99988e-05
8.42065e-05
8.03844e-05
7.87879e-05
7.98549e-05
8.42982e-05
0.00010551
