0.0917508
0.0918192
0.0919163
0.0920408
0.0921913
0.0923662
0.0925642
0.092784
0.0930249
0.0932862
0.0935674
0.0938684
0.0941892
0.0945297
0.0948898
0.0952695
0.0956684
0.0960859
0.0965215
0.0969741
0.0974425
0.0979257
0.0984223
0.098931
0.0994507
0.0999802
0.100519
0.101066
0.10162
0.102183
0.102752
0.103329
0.103914
0.104505
0.105104
0.10571
0.106323
0.106941
0.107564
0.10819
0.108817
0.109444
0.110069
0.110688
0.111298
0.111899
0.112486
0.113057
0.113609
0.114141
0.114649
0.115133
0.115591
0.116021
0.116423
0.116795
0.117138
0.11745
0.117733
0.117985
0.118208
0.118402
0.118566
0.118703
0.118812
0.118894
0.11895
0.118981
0.118989
0.118973
0.118936
0.118877
0.118799
0.118702
0.118588
0.118457
0.118311
0.11815
0.117976
0.117789
0.117591
0.117381
0.117161
0.116932
0.116693
0.116446
0.116191
0.115929
0.11566
0.115385
0.115105
0.11482
0.114531
0.11424
0.113947
0.113654
0.113362
0.113072
0.112787
0.112509
0.112239
0.111979
0.111731
0.111498
0.111282
0.111084
0.110907
0.110752
0.110621
0.110515
0.110436
0.110384
0.11036
0.110365
0.110397
0.110458
0.110546
0.11066
0.110799
0.110962
0.111146
0.111351
0.111574
0.111812
0.112064
0.112326
0.112597
0.112874
0.113155
0.113437
0.113717
0.113994
0.114265
0.114529
0.114783
0.115026
0.115256
0.115472
0.115674
0.115859
0.116029
0.116182
0.116319
0.11644
0.116545
0.116634
0.11671
0.116772
0.116822
0.116862
0.116892
0.116914
0.116929
0.116939
0.116945
0.116948
0.116949
0.116949
0.116949
0.116949
0.11695
0.116952
0.116954
0.116957
0.11696
0.116963
0.116965
0.116967
0.116966
0.116964
0.116958
0.11695
0.116937
0.116921
0.1169
0.116876
0.116848
0.116816
0.116781
0.116744
0.116706
0.116667
0.116629
0.116593
0.116559
0.116531
0.116508
0.116493
0.116486
0.11649
0.116506
0.116534
0.116577
0.116635
0.116709
0.116801
0.116911
0.117039
0.117186
0.117352
0.117536
0.117739
0.117958
0.118194
0.118446
0.11871
0.118987
0.119273
0.119566
0.119864
0.120165
0.120466
0.120765
0.121058
0.121343
0.121619
0.121881
0.12213
0.122362
0.122577
0.122772
0.122947
0.123101
0.123233
0.123344
0.123434
0.123502
0.12355
0.123578
0.123589
0.123585
0.123566
0.123535
0.123496
0.123451
0.123403
0.123355
0.123311
0.123275
0.12325
0.12324
0.123248
0.123277
0.123332
0.123413
0.123526
0.12367
0.123849
0.124064
0.124317
0.124607
0.124936
0.125304
0.12571
0.126154
0.126636
0.127155
0.12771
0.128299
0.128923
0.129578
0.130264
0.13098
0.131723
0.132492
0.133285
0.1341
0.134935
0.135788
0.136657
0.137538
0.13843
0.13933
0.140236
0.141144
0.142054
0.142962
0.143866
0.144764
0.145654
0.146534
0.147402
0.148257
0.149096
0.149919
0.150722
0.151506
0.152267
0.153003
0.153713
0.154395
0.155044
0.15566
0.15624
0.15678
0.157277
0.15773
0.158134
0.158488
0.174166
