0.168032
0.169946
0.171771
0.173487
0.175075
0.176516
0.177793
0.17889
0.179796
0.180498
0.180989
0.181262
0.181313
0.181142
0.180749
0.180138
0.179315
0.178287
0.177063
0.175656
0.174077
0.172341
0.170464
0.16846
0.166349
0.164147
0.161873
0.159547
0.157187
0.154813
0.152443
0.150095
0.147786
0.145534
0.143351
0.141251
0.139245
0.137341
0.135545
0.133861
0.132291
0.130832
0.129483
0.128238
0.127091
0.126033
0.125056
0.12415
0.123308
0.122519
0.121775
0.121068
0.120392
0.11974
0.119107
0.118489
0.117883
0.117286
0.116696
0.116111
0.11553
0.114952
0.114376
0.113801
0.113227
0.112653
0.112078
0.111502
0.110925
0.110347
0.109769
0.10919
0.108611
0.108033
0.107458
0.106886
0.106317
0.105754
0.105196
0.104644
0.104098
0.103559
0.103025
0.102495
0.10197
0.101448
0.100928
0.100409
0.0998896
0.0993696
0.0988485
0.0983266
0.0978044
0.0972832
0.0967647
0.0962513
0.095746
0.0952521
0.0947736
0.0943151
0.0938811
0.0934769
0.0931077
0.092779
0.0924961
0.0922647
0.09209
0.0919771
0.0919308
0.0919556
0.0920554
0.0922334
0.0924924
0.0928342
0.0932598
0.0937693
0.0943619
0.0950356
0.0957875
0.0966134
0.0975084
0.0984662
0.0994799
0.100541
0.101642
0.102773
0.103924
0.105084
0.106244
0.107393
0.108522
0.109619
0.110676
0.111685
0.112636
0.113524
0.114342
0.115086
0.115751
0.116336
0.116839
0.11726
0.1176
0.117863
0.118051
0.11817
0.118224
0.118222
0.118169
0.118074
0.117946
0.117793
0.117625
0.117449
0.117275
0.117112
0.116966
0.116846
0.116758
0.116706
0.116695
0.116729
0.116809
0.116935
0.117108
0.117325
0.117583
0.117878
0.118205
0.118558
0.118931
0.119316
0.119706
0.120095
0.120474
0.120837
0.121177
0.121489
0.121768
0.122008
0.122209
0.122367
0.122481
0.122554
0.122585
0.122579
0.122539
0.122471
0.122381
0.122275
0.122163
0.12205
0.121947
0.121862
0.121802
0.121775
0.12179
0.121852
0.121966
0.122137
0.122366
0.122656
0.123004
0.12341
0.123868
0.124373
0.124917
0.125492
0.126088
0.126693
0.127297
0.127885
0.128446
0.128967
0.129435
0.129839
0.130168
0.130412
0.130562
0.130611
0.130553
0.130384
0.130103
0.129708
0.1292
0.128582
0.127858
0.127034
0.126116
0.125113
0.124032
0.122885
0.121681
0.120432
0.119149
0.117842
0.116525
0.115208
0.113902
0.112619
0.111368
0.11016
0.109004
0.107907
0.106878
0.105922
0.105046
0.104252
0.103545
0.102926
0.102395
0.101952
0.101594
0.101319
0.101121
0.100996
0.100936
0.100934
0.100981
0.101067
0.101184
0.101321
0.101469
0.101618
0.101759
0.101884
0.101986
0.102062
0.102106
0.102117
0.102095
0.102041
0.101959
0.101852
0.101725
0.101583
0.101432
0.101275
0.101118
0.100962
0.10081
0.100662
0.100519
0.100381
0.100247
0.100115
0.0999869
0.0998623
0.0997426
0.09963
0.0995274
0.0994382
0.0993658
0.0993136
0.0992846
0.0992806
0.0993026
0.09935
0.0994208
0.111321
