0.051549
0.0527097
0.0541419
0.0558371
0.0577835
0.0599658
0.0623662
0.0649653
0.0677422
0.0706759
0.0737451
0.0769291
0.0802087
0.0835655
0.0869831
0.0904464
0.0939413
0.0974542
0.100971
0.104477
0.107953
0.111377
0.114723
0.117958
0.121044
0.123936
0.126585
0.12894
0.130947
0.132553
0.133712
0.134382
0.134533
0.134146
0.133218
0.13176
0.1298
0.127381
0.12456
0.121407
0.118001
0.114426
0.11077
0.10712
0.103558
0.10016
0.0969895
0.0940994
0.0915286
0.0893018
0.0874298
0.0859102
0.0847292
0.0838634
0.083282
0.0829497
0.0828284
0.0828795
0.0830658
0.0833524
0.0837077
0.0841031
0.0845135
0.0849159
0.0852893
0.0856138
0.0858697
0.086037
0.086096
0.0860264
0.0858089
0.0854254
0.0848604
0.0841017
0.0831422
0.0819802
0.0806205
0.0790747
0.0773609
0.0755038
0.0735336
0.071485
0.0693963
0.0673072
0.0652582
0.0632885
0.0614353
0.0597322
0.0582086
0.0568891
0.0557927
0.0549336
0.05432
0.0539557
0.0538393
0.0539657
0.0543257
0.0549075
0.0556964
0.0566759
0.057828
0.0591336
0.0605729
0.0621258
0.0637722
0.0654919
0.0672657
0.0690744
0.0709003
0.0727261
0.0745363
0.0763164
0.0780537
0.079737
0.0813571
0.0829069
0.0843811
0.085777
0.0870938
0.0883331
0.0894986
0.0905965
0.0916348
0.0926236
0.0935748
0.094502
0.0954202
0.0963458
0.097296
0.0982888
0.0993428
0.100477
0.101709
0.103059
0.104544
0.10618
0.107984
0.109969
0.112148
0.114531
0.117124
0.119931
0.122954
0.126187
0.129623
0.133249
0.137046
0.140991
0.145053
0.149199
0.153386
0.15757
0.1617
0.165721
0.169577
0.173207
0.176553
0.179556
0.18216
0.184313
0.18597
0.187092
0.18765
0.187623
0.187003
0.185792
0.184003
0.181663
0.178806
0.175479
0.171736
0.167639
0.163253
0.15865
0.1539
0.149075
0.144244
0.13947
0.134814
0.130329
0.126059
0.122043
0.11831
0.114882
0.111773
0.10899
0.106533
0.104397
0.102573
0.101049
0.0998084
0.0988342
0.0981082
0.0976118
0.0973268
0.0972355
0.0973214
0.0975689
0.0979638
0.0984933
0.0991456
0.09991
0.100777
0.101737
0.102783
0.103905
0.105098
0.106352
0.107662
0.109019
0.110415
0.111843
0.113296
0.114765
0.116242
0.117719
0.119187
0.12064
0.122068
0.123464
0.124821
0.126131
0.127389
0.128587
0.129721
0.130786
0.131778
0.132694
0.133531
0.134287
0.134963
0.135559
0.136075
0.136514
0.13688
0.137175
0.137406
0.137576
0.137694
0.137765
0.137797
0.137798
0.137776
0.13774
0.137698
0.13766
0.137633
0.137626
0.137647
0.137703
0.137801
0.137947
0.138147
0.138405
0.138725
0.139111
0.139565
0.140089
0.140686
0.141358
0.142107
0.142935
0.143848
0.144848
0.145943
0.14714
0.148448
0.149878
0.151441
0.153148
0.155012
0.157041
0.159243
0.16162
0.16417
0.166884
0.169745
0.172729
0.175807
0.178942
0.182096
0.18523
0.188308
0.191303
0.194195
0.196978
0.199657
0.202248
0.204774
0.20726
0.209724
0.212174
0.214595
0.216949
0.219172
0.221174
0.222848
0.224077
0.22475
0.253015
