3.48942e-68
3.7381e-68
7.71656e-68
1.8123e-67
4.32435e-67
1.03168e-66
2.45546e-66
5.82822e-66
1.37955e-65
3.25635e-65
7.66518e-65
1.79932e-64
4.21204e-64
9.83273e-64
2.28905e-63
5.31418e-63
1.23032e-62
2.84056e-62
6.54021e-62
1.5017e-61
3.4386e-61
7.85208e-61
1.78812e-60
4.06084e-60
9.19696e-60
2.07723e-59
4.6788e-59
1.05099e-58
2.35436e-58
5.25974e-58
1.17185e-57
2.60372e-57
5.76945e-57
1.27495e-56
2.80981e-56
6.17578e-56
1.35385e-55
2.96082e-55
6.46491e-55
1.41292e-54
3.11525e-54
7.08958e-54
1.76396e-53
5.31783e-53
2.10377e-52
1.0436e-51
5.79561e-51
3.32811e-50
1.90714e-49
1.07621e-48
5.95368e-48
3.22443e-47
1.70921e-46
8.86896e-46
4.50618e-45
2.24254e-44
1.09348e-43
5.22584e-43
2.4486e-42
1.12519e-41
5.0723e-41
2.24379e-40
9.74262e-40
4.15337e-39
1.73888e-38
7.15137e-38
2.88978e-37
1.14762e-36
4.48011e-36
1.71961e-35
6.49106e-35
2.4101e-34
8.80395e-34
3.16466e-33
1.1196e-32
3.89917e-32
1.33699e-31
4.51449e-31
1.50137e-30
4.91853e-30
1.58754e-29
5.04922e-29
1.5827e-28
4.89009e-28
1.48949e-27
4.4733e-27
1.32479e-26
3.86947e-26
1.11481e-25
3.16851e-25
8.88518e-25
2.4586e-24
6.71392e-24
1.80959e-23
4.8145e-23
1.26456e-22
3.27941e-22
8.3978e-22
2.12371e-21
5.30436e-21
1.30865e-20
3.18939e-20
7.67952e-20
1.82702e-19
4.29512e-19
9.97872e-19
2.29129e-18
5.20035e-18
1.16673e-17
2.58782e-17
5.67491e-17
1.23051e-16
2.63844e-16
5.5948e-16
1.17336e-15
2.43402e-15
4.99458e-15
1.01388e-14
2.03624e-14
4.04624e-14
7.95599e-14
1.54806e-13
2.98103e-13
5.68151e-13
1.07179e-12
2.00143e-12
3.69988e-12
6.77144e-12
1.22703e-11
2.20161e-11
3.91175e-11
6.88298e-11
1.19947e-10
2.07036e-10
3.53975e-10
5.99521e-10
1.00594e-09
1.67229e-09
2.75457e-09
4.49605e-09
7.2724e-09
1.16581e-08
1.85231e-08
2.91724e-08
4.55447e-08
7.04931e-08
1.08177e-07
1.64602e-07
2.48366e-07
3.71654e-07
5.51589e-07
8.12014e-07
1.18583e-06
1.71804e-06
2.46967e-06
3.52276e-06
4.98666e-06
7.00593e-06
9.77004e-06
1.35254e-05
1.85899e-05
2.53702e-05
3.43831e-05
4.62797e-05
6.1875e-05
8.21811e-05
0.000108447
0.000142202
0.000185308
0.000240017
0.000309034
0.000395589
0.000503519
0.000637352
0.000802405
0.00100489
0.001252
0.0015521
0.00191474
0.00235091
0.00287308
0.00349541
0.00423387
0.00510636
0.00613291
0.00733577
0.00873956
0.0103714
0.0122608
0.0144403
0.0169446
0.0198115
0.0230811
0.0267962
0.0310019
0.0357452
0.0410752
0.0470423
0.0536979
0.0610936
0.069281
0.0783107
0.0882315
0.0990896
0.110927
0.123783
0.137689
0.152671
0.168746
0.185923
0.204202
0.223571
0.244004
0.265467
0.287909
0.311265
0.335459
0.360398
0.385976
0.412072
0.438552
0.465271
0.492071
0.518784
0.545235
0.571241
0.596614
0.621166
0.644706
0.667046
0.688004
0.707404
0.72508
0.740878
0.754658
0.766296
0.775687
0.782746
0.787407
0.789629
0.78939
0.786695
0.781569
0.774061
0.76424
0.752198
0.738044
0.721906
0.703928
0.684265
0.663087
0.64057
0.616897
0.592257
0.566838
0.540828
0.514412
0.487771
0.461077
0.434494
0.408177
0.382267
0.356894
0.332175
0.308212
0.285095
0.262896
0.241677
0.221485
0.202353
0.184304
0.167347
0.151482
0.1367
0.12298
0.110298
0.0986204
0.0879097
0.0781237
0.0692167
0.0611408
0.0538464
0.0472833
0.0414012
0.0361503
0.0314821
0.02735
0.0237093
0.0205179
0.017737
0.0153308
0.0132676
0.0115201
0.0100664
0.00889139
0.00798873
0.00736469
0.00704368
0.00707712
0.00846653
