0.133955
0.134054
0.134175
0.134308
0.134443
0.134571
0.13468
0.134765
0.13482
0.134841
0.13483
0.13479
0.134727
0.134648
0.134564
0.134483
0.134413
0.134359
0.134323
0.134306
0.134302
0.134305
0.134303
0.134285
0.13424
0.134158
0.134029
0.133847
0.133611
0.13332
0.132981
0.1326
0.132187
0.131756
0.13132
0.130893
0.130488
0.13012
0.1298
0.12954
0.129351
0.129244
0.129228
0.129312
0.129506
0.12982
0.130261
0.130839
0.131563
0.13244
0.133478
0.134682
0.136055
0.1376
0.139313
0.141191
0.143226
0.145407
0.147719
0.150144
0.15266
0.155242
0.157862
0.160491
0.163096
0.165645
0.168103
0.170436
0.17261
0.174594
0.176357
0.177872
0.179114
0.180062
0.180699
0.181014
0.180998
0.180649
0.179969
0.178964
0.177647
0.176032
0.174139
0.171992
0.169617
0.167043
0.1643
0.161422
0.158441
0.155391
0.152305
0.149216
0.146155
0.143153
0.140236
0.137432
0.134761
0.132245
0.129901
0.127742
0.125779
0.124019
0.122465
0.12112
0.11998
0.119039
0.118289
0.11772
0.117318
0.117067
0.116952
0.116953
0.117052
0.11723
0.117468
0.117747
0.118049
0.11836
0.118663
0.118948
0.119203
0.119423
0.119601
0.119736
0.119828
0.119878
0.119891
0.119874
0.119833
0.119777
0.119714
0.119654
0.119605
0.119574
0.119568
0.119593
0.119652
0.119748
0.11988
0.120048
0.120246
0.120471
0.120715
0.120969
0.121225
0.121472
0.121698
0.121892
0.122041
0.122133
0.122158
0.122103
0.121958
0.121714
0.121363
0.120897
0.120311
0.119602
0.118766
0.117805
0.116719
0.115511
0.114189
0.112757
0.111226
0.109606
0.107909
0.106149
0.10434
0.102498
0.100639
0.0987793
0.0969363
0.0951263
0.0933653
0.0916689
0.0900515
0.0885264
0.0871053
0.0857986
0.0846148
0.0835607
0.0826409
0.0818585
0.0812143
0.0807076
0.0803358
0.0800947
0.0799786
0.0799807
0.0800931
0.0803068
0.0806124
0.0809999
0.0814591
0.0819796
0.0825509
0.083163
0.0838059
0.0844698
0.0851457
0.0858249
0.0864993
0.0871613
0.0878045
0.088423
0.089012
0.0895679
0.0900883
0.0905722
0.09102
0.0914335
0.0918162
0.092173
0.0925099
0.0928344
0.0931544
0.0934786
0.0938156
0.0941738
0.0945608
0.0949832
0.0954459
0.0959521
0.096503
0.0970975
0.0977325
0.0984029
0.0991017
0.0998204
0.100549
0.101278
0.101996
0.102693
0.103358
0.103983
0.104558
0.105078
0.105536
0.105929
0.106252
0.106503
0.106682
0.106788
0.10682
0.106779
0.106664
0.106478
0.106222
0.105897
0.105507
0.105055
0.104547
0.103989
0.103391
0.102762
0.102115
0.101463
0.100822
0.100208
0.0996359
0.099123
0.0986843
0.0983338
0.0980835
0.0979429
0.0979187
0.0980145
0.0982306
0.0985644
0.0990101
0.0995592
0.100201
0.100923
0.10171
0.10255
0.103425
0.104321
0.105225
0.106123
0.107002
0.107854
0.108668
0.109438
0.110159
0.110827
0.111439
0.111995
0.112494
0.112938
0.113326
0.11366
0.113942
0.114173
0.114354
0.114484
0.114566
0.114598
0.114582
0.126033
