3.77407e-143
3.48962e-66
6.42555e-64
5.89785e-62
3.59801e-60
1.64122e-58
5.97075e-57
1.80459e-55
4.66061e-54
1.04997e-52
2.0961e-51
3.75442e-50
6.09441e-49
9.04018e-48
1.23397e-46
1.55914e-45
1.8329e-44
2.0137e-43
2.07564e-42
2.01424e-41
1.84592e-40
1.60198e-39
1.31985e-38
1.03468e-37
7.73372e-37
5.52197e-36
3.77289e-35
2.4707e-34
1.55301e-33
9.38264e-33
5.4554e-32
3.05628e-31
1.65159e-30
8.61801e-30
4.34635e-29
2.12058e-28
1.00177e-27
4.58581e-27
2.03579e-26
8.77072e-26
3.66959e-25
1.49199e-24
5.8986e-24
2.26894e-23
8.49631e-23
3.0989e-22
1.10147e-21
3.8172e-21
1.29039e-20
4.25699e-20
1.37111e-19
4.31334e-19
1.32586e-18
3.98374e-18
1.17045e-17
3.36388e-17
9.46023e-17
2.60423e-16
7.01964e-16
1.85328e-15
4.79392e-15
1.21532e-14
3.02037e-14
7.36073e-14
1.7595e-13
4.12648e-13
9.49731e-13
2.14566e-12
4.75953e-12
1.03685e-11
2.21877e-11
4.66506e-11
9.63933e-11
1.95783e-10
3.90966e-10
7.67769e-10
1.483e-09
2.81815e-09
5.26972e-09
9.69848e-09
1.75713e-08
3.13454e-08
5.50691e-08
9.53005e-08
1.6249e-07
2.7302e-07
4.5216e-07
7.38265e-07
1.18865e-06
1.8876e-06
2.9572e-06
4.57164e-06
6.97564e-06
1.05081e-05
1.56317e-05
2.29687e-05
3.33454e-05
4.78435e-05
6.78612e-05
9.51828e-05
0.000132058
0.000181291
0.000246336
0.00033141
0.000441601
0.000583001
0.00076284
0.000989627
0.00127331
0.00162545
0.00205939
0.00259044
0.00323613
0.00401634
0.00495363
0.00607339
0.00740411
0.00897761
0.0108292
0.012998
0.0155268
0.0184625
0.0218559
0.0257618
0.0302385
0.0353481
0.0411555
0.0477283
0.0551361
0.0634494
0.0727388
0.083074
0.0945224
0.107148
0.121009
0.136157
0.152636
0.170479
0.189707
0.210328
0.232333
0.255699
0.280383
0.306323
0.333436
0.361619
0.390749
0.420679
0.451245
0.482261
0.513524
0.544815
0.575901
0.606535
0.636466
0.665436
0.693184
0.719454
0.743996
0.766568
0.786946
0.80492
0.820305
0.832938
0.842685
0.849442
0.853136
0.853728
0.851213
0.845617
0.837004
0.825467
0.81113
0.794146
0.774693
0.752973
0.729204
0.703623
0.676475
0.648015
0.618502
0.588191
0.557339
0.526191
0.494983
0.46394
0.433269
0.40316
0.373786
0.345298
0.317827
0.291483
0.266356
0.242515
0.22001
0.198872
0.179115
0.160739
0.143726
0.128051
0.113673
0.100545
0.0886125
0.0778143
0.0680856
0.0593583
0.0515631
0.0446302
0.0384902
0.0330754
0.0283199
0.0241608
0.0205383
0.017396
0.0146815
0.012346
0.0103446
0.00863652
0.00718452
0.00595514
0.00491838
0.00404751
0.00331887
0.00271163
0.00220752
0.00179068
0.00144733
0.00116562
0.000935368
0.000747905
0.000595867
0.000473032
0.000374171
0.00029491
0.000231605
0.000181237
0.000141314
0.00010979
8.4993e-05
6.55606e-05
5.03899e-05
3.8591e-05
2.94489e-05
2.2392e-05
1.69653e-05
1.28076e-05
9.63431e-06
7.22128e-06
5.39325e-06
4.01356e-06
2.97613e-06
2.19896e-06
1.61892e-06
1.18763e-06
8.68113e-07
6.32291e-07
4.58884e-07
3.31843e-07
2.39115e-07
1.71683e-07
1.22826e-07
8.75588e-08
6.21949e-08
4.40206e-08
3.10457e-08
2.1817e-08
1.52768e-08
1.0659e-08
7.41051e-09
5.13364e-09
3.54364e-09
2.43736e-09
1.67047e-09
1.14078e-09
7.76276e-10
5.26351e-10
3.55618e-10
2.39408e-10
1.60598e-10
1.07348e-10
7.14975e-11
4.74502e-11
3.13786e-11
2.06765e-11
1.35759e-11
8.88201e-12
5.79031e-12
3.76135e-12
2.43466e-12
1.57034e-12
1.00931e-12
6.46504e-13
4.12805e-13
2.6292e-13
1.67323e-13
1.06893e-13
6.94226e-14
4.74162e-14
3.69601e-14
4.24141e-14
