0.127205
0.125627
0.124107
0.122648
0.121252
0.119921
0.118653
0.11745
0.116309
0.115229
0.114208
0.113245
0.112339
0.111488
0.11069
0.109944
0.109248
0.108602
0.108003
0.107451
0.106944
0.106482
0.106063
0.105686
0.10535
0.105054
0.104797
0.104577
0.104394
0.104245
0.104129
0.104042
0.103984
0.103951
0.103939
0.103947
0.103971
0.104008
0.104056
0.10411
0.104169
0.104231
0.104294
0.104355
0.104415
0.104472
0.104527
0.104579
0.10463
0.104679
0.104729
0.10478
0.104835
0.104895
0.104962
0.105037
0.105124
0.105223
0.105337
0.105468
0.105618
0.105789
0.105983
0.106202
0.106448
0.106722
0.107028
0.107365
0.107736
0.108143
0.108585
0.109063
0.109578
0.110128
0.110713
0.111332
0.111982
0.112661
0.113365
0.114092
0.114836
0.115595
0.116364
0.117137
0.117912
0.118682
0.119444
0.120194
0.120927
0.12164
0.12233
0.122993
0.123627
0.124229
0.124796
0.125328
0.125822
0.126276
0.12669
0.127063
0.127394
0.127681
0.127926
0.128128
0.128287
0.128403
0.128479
0.128514
0.12851
0.128469
0.128393
0.128284
0.128144
0.127975
0.127781
0.127564
0.127326
0.127069
0.126797
0.126511
0.126214
0.125906
0.12559
0.125268
0.124939
0.124606
0.124269
0.123929
0.123585
0.123239
0.122892
0.122542
0.122191
0.12184
0.121487
0.121135
0.120784
0.120435
0.120088
0.119745
0.119408
0.119077
0.118754
0.118441
0.11814
0.117852
0.11758
0.117324
0.117088
0.116872
0.116678
0.116507
0.116362
0.116242
0.116148
0.116081
0.116042
0.116029
0.116043
0.116083
0.116147
0.116234
0.116343
0.11647
0.116614
0.116772
0.11694
0.117116
0.117297
0.117479
0.117659
0.117833
0.117999
0.118152
0.118291
0.118412
0.118514
0.118594
0.118651
0.118685
0.118694
0.11868
0.118642
0.118582
0.118501
0.118401
0.118286
0.118157
0.118019
0.117874
0.117727
0.117581
0.11744
0.117308
0.117189
0.117087
0.117006
0.116947
0.116916
0.116913
0.116943
0.117006
0.117104
0.117239
0.11741
0.11762
0.117867
0.118152
0.118473
0.11883
0.119221
0.119644
0.120099
0.120582
0.121091
0.121625
0.12218
0.122754
0.123344
0.123947
0.124562
0.125184
0.125813
0.126445
0.127079
0.127712
0.128343
0.128969
0.129591
0.130207
0.130816
0.131418
0.132013
0.132599
0.133177
0.133747
0.134308
0.134858
0.135398
0.135925
0.136436
0.13693
0.137403
0.137851
0.13827
0.138654
0.139
0.1393
0.139552
0.139748
0.139885
0.139957
0.139961
0.139893
0.139751
0.139532
0.139234
0.138857
0.1384
0.137864
0.137248
0.136554
0.135783
0.134937
0.134016
0.133025
0.131965
0.130839
0.129652
0.128407
0.127109
0.125765
0.124379
0.122961
0.121516
0.120055
0.118584
0.117114
0.115653
0.11421
0.112793
0.11141
0.110067
0.10877
0.107525
0.106335
0.105203
0.104132
0.103124
0.102179
0.1013
0.100487
0.0997419
0.0990667
0.0984628
0.0979322
0.0974765
0.0970973
0.0967956
0.107573
