0.117976
0.116638
0.11521
0.113681
0.112045
0.110296
0.10843
0.106449
0.104357
0.102161
0.0998724
0.0975071
0.0950821
0.0926169
0.090132
0.0876483
0.0851862
0.0827649
0.0804017
0.0781115
0.0759068
0.0737971
0.0717893
0.0698875
0.0680935
0.0664073
0.064827
0.0633499
0.0619726
0.0606917
0.0595041
0.0584078
0.0574016
0.0564858
0.055662
0.0549334
0.0543043
0.0537799
0.0533658
0.0530672
0.0528887
0.052833
0.0529006
0.0530888
0.0533912
0.0537977
0.0542938
0.054861
0.0554773
0.0561177
0.0567553
0.0573624
0.057912
0.0583789
0.0587414
0.0589823
0.0590905
0.059061
0.0588962
0.0586053
0.0582045
0.0577162
0.0571677
0.0565903
0.0560176
0.0554838
0.0550223
0.0546642
0.0544364
0.0543613
0.0544551
0.0547281
0.0551838
0.0558197
0.0566277
0.0575944
0.0587025
0.0599316
0.0612594
0.0626625
0.0641176
0.0656018
0.0670937
0.0685733
0.0700224
0.0714247
0.0727654
0.0740313
0.0752103
0.0762917
0.0772657
0.0781233
0.0788567
0.0794593
0.0799261
0.0802538
0.0804416
0.0804909
0.0804063
0.0801955
0.0798696
0.0794426
0.0789322
0.0783585
0.0777444
0.0771148
0.0764962
0.0759157
0.0754012
0.0749798
0.0746782
0.0745216
0.0745335
0.0747351
0.0751453
0.0757801
0.0766528
0.0777731
0.0791478
0.0807798
0.0826685
0.0848096
0.0871947
0.0898114
0.0926432
0.0956696
0.0988659
0.102203
0.10565
0.10917
0.112725
0.116274
0.119775
0.123186
0.126464
0.129567
0.132457
0.135099
0.13746
0.139515
0.141244
0.142633
0.143677
0.144374
0.144735
0.144773
0.144511
0.143975
0.143199
0.142219
0.141074
0.139806
0.138456
0.137067
0.135676
0.134322
0.133038
0.131853
0.130792
0.129875
0.129115
0.128524
0.128106
0.12786
0.127785
0.127872
0.128112
0.128493
0.129001
0.129621
0.130337
0.131134
0.131996
0.132908
0.133856
0.134827
0.135808
0.136787
0.137755
0.138702
0.139619
0.1405
0.141338
0.142126
0.142859
0.143534
0.144146
0.144692
0.145171
0.145579
0.145916
0.146182
0.146378
0.146505
0.146565
0.146562
0.146499
0.146382
0.146215
0.146004
0.145757
0.145481
0.145182
0.144868
0.144547
0.144226
0.143912
0.143612
0.143331
0.143076
0.14285
0.142659
0.142504
0.142389
0.142315
0.142282
0.142292
0.142343
0.142434
0.142564
0.142732
0.142936
0.143174
0.143444
0.143745
0.144075
0.144434
0.14482
0.145232
0.145672
0.146138
0.146631
0.147151
0.1477
0.148277
0.148885
0.149523
0.150193
0.150896
0.151633
0.152406
0.153214
0.154059
0.154942
0.155861
0.156818
0.15781
0.158835
0.15989
0.160969
0.162067
0.163174
0.164282
0.165381
0.166459
0.167506
0.168514
0.169474
0.170382
0.171238
0.172044
0.172809
0.173545
0.174268
0.174995
0.175745
0.176534
0.177375
0.178278
0.179241
0.180258
0.181314
0.182388
0.183452
0.184477
0.185436
0.186306
0.18707
0.187724
0.188273
0.188737
0.189144
0.18953
0.189937
0.190403
0.190965
0.191649
0.192469
0.193426
0.194507
0.195683
0.196916
0.198161
0.199364
0.200475
0.201441
0.202216
0.202762
0.203047
0.226906
