0.101582
0.101943
0.102325
0.102688
0.103
0.103233
0.103371
0.103407
0.103344
0.10319
0.102961
0.102674
0.102346
0.101992
0.101625
0.101254
0.100884
0.100516
0.100151
0.0997874
0.099423
0.0990573
0.0986913
0.0983279
0.0979722
0.0976311
0.0973132
0.0970276
0.096784
0.0965915
0.096458
0.0963897
0.0963907
0.0964627
0.0966049
0.0968136
0.0970828
0.0974042
0.0977673
0.0981599
0.0985688
0.0989797
0.0993781
0.0997495
0.10008
0.100358
0.100571
0.100711
0.100771
0.100746
0.100635
0.100441
0.100166
0.0998182
0.0994075
0.0989461
0.0984485
0.0979313
0.0974124
0.096911
0.0964472
0.0960416
0.0957147
0.0954872
0.0953791
0.0954097
0.0955976
0.0959599
0.0965129
0.097271
0.0982471
0.0994525
0.100896
0.102586
0.104525
0.106716
0.109159
0.111848
0.114778
0.117936
0.121308
0.124874
0.128611
0.132492
0.136485
0.140555
0.144662
0.148764
0.152815
0.15677
0.160581
0.1642
0.167582
0.170683
0.173462
0.175885
0.177921
0.179546
0.180746
0.18151
0.18184
0.181743
0.181234
0.180338
0.179084
0.177508
0.175653
0.173562
0.171283
0.168866
0.166359
0.163809
0.161262
0.158758
0.156335
0.154026
0.151857
0.14985
0.148019
0.146373
0.144918
0.143652
0.142568
0.141658
0.140906
0.140297
0.139813
0.139431
0.139132
0.138894
0.138694
0.138512
0.138328
0.138123
0.137881
0.137588
0.13723
0.136798
0.136286
0.135689
0.135005
0.134234
0.133381
0.13245
0.131449
0.130386
0.129274
0.128123
0.126945
0.125753
0.12456
0.123377
0.122217
0.12109
0.120004
0.118968
0.117989
0.117071
0.116217
0.11543
0.114709
0.114054
0.113464
0.112934
0.112462
0.112043
0.111673
0.111348
0.111063
0.110813
0.110595
0.110405
0.110241
0.110099
0.109977
0.109875
0.109791
0.109724
0.109674
0.109642
0.109627
0.10963
0.10965
0.109689
0.109747
0.109822
0.109916
0.110027
0.110156
0.110301
0.110461
0.110636
0.110823
0.111023
0.111232
0.111451
0.111678
0.111912
0.112151
0.112395
0.112642
0.112891
0.11314
0.11339
0.113637
0.11388
0.114117
0.114347
0.114567
0.114775
0.114968
0.115145
0.115303
0.115442
0.11556
0.115657
0.115732
0.115786
0.115821
0.115837
0.115836
0.115819
0.115788
0.115745
0.11569
0.115622
0.115542
0.115448
0.115339
0.115214
0.11507
0.114906
0.114724
0.114522
0.114304
0.114074
0.113837
0.113601
0.113373
0.113164
0.112983
0.112839
0.112741
0.112694
0.112705
0.112775
0.112903
0.113086
0.113316
0.113586
0.113884
0.114197
0.114514
0.114822
0.115108
0.115364
0.115581
0.115755
0.115883
0.115964
0.116003
0.116002
0.115969
0.115909
0.115829
0.115734
0.115628
0.115514
0.11539
0.115256
0.115106
0.114936
0.114738
0.114508
0.114239
0.11393
0.113579
0.113189
0.112766
0.11232
0.111862
0.111408
0.110972
0.11057
0.110219
0.10993
0.109713
0.109576
0.109521
0.109546
0.109645
0.109808
0.110021
0.11027
0.110537
0.110802
0.111049
0.111258
0.111412
0.123082
