1.30828e-72
1.43702e-72
3.10988e-72
7.60831e-72
1.88657e-71
4.6746e-71
1.15532e-70
2.84737e-70
6.99762e-70
1.71483e-69
4.19044e-69
1.02109e-68
2.48107e-68
6.01147e-68
1.45242e-67
3.49926e-67
8.40684e-67
2.01401e-66
4.81134e-66
1.14616e-65
2.72271e-65
6.44963e-65
1.52352e-64
3.58881e-64
8.43095e-64
1.976e-63
4.62821e-63
1.09117e-62
2.66563e-62
7.43319e-62
2.88155e-61
1.703e-60
1.28672e-59
1.04069e-58
8.38916e-58
6.60349e-57
5.0502e-56
3.74954e-55
2.70347e-54
1.89407e-53
1.29029e-52
8.55215e-52
5.51855e-51
3.46892e-50
2.12534e-49
1.26987e-48
7.40305e-48
4.21304e-47
2.34163e-46
1.27166e-45
6.75065e-45
3.50444e-44
1.77976e-43
8.84591e-43
4.30446e-42
2.05137e-41
9.57777e-41
4.38252e-40
1.96589e-39
8.64775e-39
3.73149e-38
1.57987e-37
6.56503e-37
2.67822e-36
1.07291e-35
4.22173e-35
1.63206e-34
6.20017e-34
2.3152e-33
8.49936e-33
3.06825e-32
1.08941e-31
3.80518e-31
1.30776e-30
4.42315e-30
1.47254e-29
4.82628e-29
1.55756e-28
4.95036e-28
1.54975e-27
4.77956e-27
1.4524e-26
4.34935e-26
1.28371e-25
3.73487e-25
1.07131e-24
3.03002e-24
8.45135e-24
2.32496e-23
6.30914e-23
1.68906e-22
4.46167e-22
1.16299e-21
2.99184e-21
7.5968e-21
1.90417e-20
4.71207e-20
1.15132e-19
2.77786e-19
6.61905e-19
1.55776e-18
3.62133e-18
8.31655e-18
1.88699e-17
4.23047e-17
9.37224e-17
2.05199e-16
4.44041e-16
9.49793e-16
2.00831e-15
4.19827e-15
8.67726e-15
1.77341e-14
3.58412e-14
7.16384e-14
1.41622e-13
2.76936e-13
5.35702e-13
1.02518e-12
1.94109e-12
3.63659e-12
6.7419e-12
1.23693e-11
2.24603e-11
4.03674e-11
7.18167e-11
1.26483e-10
2.20542e-10
3.80742e-10
6.50863e-10
1.1018e-09
1.84716e-09
3.06711e-09
5.04447e-09
8.21861e-09
1.32652e-08
2.12129e-08
3.36119e-08
5.27755e-08
8.2121e-08
1.26648e-07
1.93601e-07
2.93371e-07
4.40729e-07
6.56468e-07
9.69581e-07
1.42013e-06
2.06296e-06
2.97247e-06
4.2487e-06
6.02495e-06
8.47736e-06
1.18366e-05
1.64023e-05
2.25604e-05
3.08041e-05
4.17585e-05
5.62097e-05
7.51392e-05
9.9763e-05
0.000131577
0.000172409
0.000224476
0.000290451
0.000373535
0.000477539
0.000606973
0.000767143
0.000964255
0.00120554
0.00149935
0.00185532
0.00228449
0.00279946
0.0034145
0.00414576
0.00501136
0.00603161
0.00722908
0.00862878
0.0102583
0.0121478
0.0143303
0.0168413
0.0197195
0.0230059
0.0267443
0.030981
0.0357643
0.0411445
0.0471735
0.0539041
0.0613895
0.0696829
0.0788362
0.0888998
0.0999212
0.111944
0.125008
0.139146
0.154383
0.170739
0.188221
0.206829
0.226549
0.247356
0.26921
0.292061
0.31584
0.340467
0.365845
0.391862
0.418394
0.4453
0.47243
0.49962
0.526695
0.553474
0.579767
0.605382
0.630122
0.653793
0.676203
0.697163
0.716496
0.734032
0.749616
0.763107
0.774383
0.783339
0.789892
0.793983
0.795572
0.794645
0.791213
0.785308
0.776986
0.766327
0.753429
0.738413
0.721414
0.702586
0.682093
0.660111
0.636827
0.61243
0.587114
0.561073
0.534501
0.507587
0.480513
0.453453
0.426573
0.400026
0.373953
0.348483
0.323728
0.299788
0.276748
0.254678
0.233633
0.213655
0.194774
0.177005
0.160353
0.144814
0.130371
0.117001
0.104674
0.0933526
0.0829957
0.0735573
0.0649887
0.057239
0.0502561
0.0439875
0.038381
0.0333848
0.0289489
0.0250247
0.0215657
0.0185279
0.0158696
0.0135519
0.0115388
0.00979667
0.00829509
0.00700617
0.00590474
0.00496827
0.00417679
0.0035128
0.00296132
0.0025099
0.00214886
0.00187173
0.00167615
0.00156545
0.00155153
0.00185945
