0.133222
0.13445
0.135763
0.137165
0.138656
0.140235
0.141899
0.143641
0.145455
0.147332
0.149261
0.15123
0.153227
0.155237
0.157247
0.159242
0.161206
0.163125
0.164983
0.166764
0.168452
0.170031
0.171485
0.172795
0.173947
0.174923
0.175707
0.176284
0.17664
0.176764
0.176647
0.176281
0.175665
0.174798
0.173686
0.172338
0.170764
0.168982
0.16701
0.16487
0.162586
0.160182
0.157684
0.155119
0.152512
0.149888
0.14727
0.144679
0.142134
0.139654
0.137254
0.134945
0.132741
0.130648
0.128673
0.126823
0.1251
0.123506
0.122041
0.120704
0.119493
0.118404
0.117432
0.116572
0.115815
0.115155
0.114583
0.114088
0.113663
0.113295
0.112976
0.112696
0.112446
0.112216
0.112
0.11179
0.111582
0.11137
0.111151
0.110924
0.110687
0.11044
0.110184
0.109921
0.109653
0.109382
0.109111
0.108843
0.108582
0.108331
0.108092
0.10787
0.107666
0.107483
0.107324
0.10719
0.107082
0.107001
0.106947
0.10692
0.106919
0.106942
0.106988
0.107052
0.107132
0.107223
0.107322
0.107423
0.107521
0.107611
0.107688
0.107747
0.107783
0.107792
0.107771
0.107716
0.107627
0.107502
0.107341
0.107146
0.106918
0.106662
0.106381
0.106081
0.105769
0.10545
0.105133
0.104826
0.104537
0.104274
0.104045
0.103859
0.103723
0.103643
0.103627
0.10368
0.103807
0.104012
0.104297
0.104664
0.105114
0.105647
0.10626
0.106953
0.10772
0.108559
0.109463
0.110427
0.111444
0.112507
0.113607
0.114735
0.115884
0.117045
0.118207
0.119361
0.1205
0.121614
0.122695
0.123736
0.124731
0.125673
0.126559
0.127385
0.128149
0.128852
0.129493
0.130074
0.1306
0.131074
0.131502
0.13189
0.132245
0.132573
0.132883
0.13318
0.133471
0.133762
0.134058
0.134363
0.13468
0.135011
0.135355
0.135712
0.13608
0.136455
0.136833
0.137207
0.137573
0.137923
0.138249
0.138543
0.138798
0.139005
0.139156
0.139244
0.139261
0.139201
0.139057
0.138826
0.138503
0.138086
0.137573
0.136964
0.136261
0.135466
0.134584
0.13362
0.132581
0.131476
0.130314
0.129105
0.12786
0.126591
0.125308
0.124025
0.122751
0.121496
0.120271
0.119084
0.117942
0.11685
0.115812
0.114832
0.11391
0.113045
0.112237
0.111481
0.110774
0.110111
0.109487
0.108895
0.108329
0.107783
0.107251
0.106726
0.106204
0.105679
0.105147
0.104604
0.104047
0.103473
0.10288
0.102267
0.101633
0.100977
0.1003
0.099602
0.0988839
0.0981471
0.0973931
0.096624
0.095842
0.0950498
0.0942502
0.0934465
0.0926419
0.0918402
0.091045
0.09026
0.0894891
0.088736
0.0880041
0.0872968
0.0866171
0.0859676
0.0853505
0.0847675
0.0842198
0.0837077
0.0832313
0.0827895
0.0823808
0.0820027
0.081652
0.0813247
0.0810164
0.080722
0.0804363
0.0801543
0.0798714
0.0795838
0.0792894
0.0789873
0.0786788
0.0783672
0.0780581
0.0777587
0.0774777
0.0772248
0.0770098
0.0768416
0.0767278
0.0766739
0.076683
0.0767551
0.0768878
0.0770764
0.0773147
0.0870053
