0.0415027
0.0426557
0.0443084
0.0464367
0.0489955
0.0519199
0.0551278
0.0585238
0.062006
0.0654722
0.0688268
0.0719874
0.0748903
0.077494
0.0797811
0.081759
0.0834577
0.0849272
0.0862334
0.087453
0.0886681
0.0899612
0.0914099
0.093082
0.0950319
0.0972972
0.099897
0.102831
0.106079
0.109606
0.113362
0.117285
0.121312
0.125379
0.129427
0.133407
0.137283
0.141037
0.144664
0.148172
0.151584
0.154928
0.158236
0.161539
0.164863
0.168225
0.171631
0.175077
0.178548
0.182019
0.185461
0.188839
0.192122
0.195279
0.198286
0.201125
0.203786
0.206266
0.208568
0.2107
0.212671
0.214489
0.216163
0.217696
0.219086
0.220325
0.2214
0.222292
0.222979
0.223433
0.223628
0.223536
0.223132
0.222394
0.221306
0.219857
0.218044
0.215871
0.213349
0.210496
0.207339
0.203908
0.20024
0.196376
0.19236
0.188235
0.184048
0.179843
0.175662
0.171544
0.167526
0.163637
0.159903
0.156344
0.152975
0.149804
0.146834
0.144063
0.141484
0.139086
0.136855
0.134773
0.132822
0.13098
0.129228
0.127545
0.125912
0.124311
0.122727
0.121148
0.119562
0.117963
0.116347
0.114713
0.113063
0.1114
0.109734
0.108072
0.106425
0.104806
0.103229
0.101706
0.100252
0.09888
0.0976043
0.0964367
0.0953884
0.0944695
0.0936882
0.0930515
0.0925642
0.0922297
0.0920495
0.0920233
0.0921491
0.0924233
0.0928409
0.0933952
0.0940785
0.0948821
0.0957963
0.0968107
0.0979146
0.0990968
0.100346
0.101652
0.103005
0.104394
0.105811
0.10725
0.108705
0.110172
0.11165
0.113139
0.114644
0.116169
0.117724
0.119319
0.120968
0.122686
0.124492
0.126403
0.128439
0.130618
0.132958
0.135474
0.138178
0.141078
0.144176
0.147465
0.150935
0.154563
0.15832
0.162167
0.166055
0.169928
0.173722
0.177369
0.180793
0.183919
0.186673
0.188981
0.190779
0.192009
0.192624
0.192589
0.191887
0.190514
0.188481
0.185819
0.182571
0.178794
0.174559
0.169942
0.16503
0.159911
0.154672
0.149399
0.144175
0.13907
0.134149
0.129466
0.12506
0.120963
0.117192
0.113755
0.110649
0.107865
0.105383
0.103182
0.101235
0.0995127
0.0979856
0.096624
0.0953994
0.0942854
0.0932579
0.0922955
0.0913798
0.0904953
0.0896295
0.0887724
0.0879163
0.0870561
0.086188
0.0853101
0.0844217
0.0835233
0.082616
0.0817017
0.0807826
0.0798615
0.0789411
0.0780243
0.0771141
0.0762134
0.0753249
0.0744512
0.0735948
0.0727579
0.0719423
0.0711498
0.0703819
0.0696396
0.0689238
0.0682351
0.0675739
0.06694
0.0663333
0.0657535
0.0651996
0.064671
0.0641664
0.0636848
0.0632247
0.0627846
0.0623631
0.0619584
0.0615692
0.0611937
0.0608303
0.0604777
0.0601345
0.0597995
0.0594715
0.0591497
0.0588335
0.0585225
0.0582165
0.0579158
0.0576208
0.0573324
0.0570519
0.0567808
0.0565213
0.0562757
0.0560471
0.0558389
0.055655
0.0555
0.055379
0.0552979
0.0552633
0.0552829
0.0553654
0.0555209
0.0557611
0.0560998
0.0565526
0.0571377
0.0578758
0.0587893
0.0599026
0.0612401
0.0628245
0.0646744
0.0668005
0.0692015
0.0718601
0.0845665
