2.39801e-15
2.08515e-15
2.24985e-15
2.77463e-15
3.66229e-15
4.98599e-15
6.87766e-15
9.53395e-15
1.32325e-14
1.83578e-14
2.54374e-14
3.51924e-14
4.86044e-14
6.7007e-14
9.22075e-14
1.26651e-13
1.73637e-13
2.37611e-13
3.2455e-13
4.42474e-13
6.02123e-13
8.17851e-13
1.1088e-12
1.50048e-12
2.02673e-12
2.73248e-12
3.67716e-12
4.93927e-12
6.62229e-12
8.86238e-12
1.18383e-11
1.57843e-11
2.10068e-11
2.79056e-11
3.70018e-11
4.89726e-11
6.4697e-11
8.5313e-11
1.12292e-10
1.47531e-10
1.93473e-10
2.53256e-10
3.30905e-10
4.3157e-10
5.61829e-10
7.30065e-10
9.46946e-10
1.22601e-09
1.58443e-09
2.04389e-09
2.63178e-09
3.3826e-09
4.33972e-09
5.55754e-09
7.10417e-09
9.06474e-09
1.15454e-08
1.46783e-08
1.86275e-08
2.35964e-08
2.98367e-08
3.76592e-08
4.74468e-08
5.96702e-08
7.49074e-08
9.38661e-08
1.17411e-07
1.46598e-07
1.82712e-07
2.27313e-07
2.82293e-07
3.49943e-07
4.33027e-07
5.34877e-07
6.595e-07
8.11705e-07
9.97252e-07
1.22303e-06
1.49724e-06
1.82966e-06
2.2319e-06
2.71773e-06
3.30343e-06
4.00821e-06
4.85472e-06
5.86956e-06
7.08397e-06
8.53449e-06
1.02638e-05
1.23217e-05
1.4766e-05
1.7664e-05
2.10934e-05
2.51443e-05
2.99202e-05
3.55406e-05
4.21425e-05
4.98829e-05
5.89414e-05
6.95225e-05
8.18595e-05
9.62168e-05
0.000112894
0.000132231
0.000154609
0.000180459
0.000210264
0.000244564
0.000283965
0.000329141
0.000380841
0.000439898
0.000507233
0.000583862
0.000670908
0.000769599
0.000881287
0.00100745
0.00114969
0.00130976
0.00148956
0.00169114
0.00191673
0.0021687
0.00244962
0.00276224
0.00310946
0.00349441
0.00392039
0.0043909
0.00490961
0.0054804
0.00610733
0.00679464
0.00754675
0.00836824
0.00926384
0.0102384
0.011297
0.0124448
0.0136868
0.0150285
0.0164752
0.0180322
0.0197049
0.0214986
0.0234188
0.0254704
0.0276587
0.0299887
0.0324649
0.0350922
0.0378747
0.0408165
0.0439213
0.0471927
0.0506336
0.0542467
0.0580342
0.061998
0.0661393
0.0704592
0.0749578
0.079635
0.08449
0.0895216
0.094728
0.100107
0.105654
0.111368
0.117242
0.123273
0.129455
0.135781
0.142245
0.148839
0.155556
0.162386
0.16932
0.176348
0.183459
0.190643
0.197887
0.205179
0.212506
0.219855
0.227213
0.234565
0.241897
0.249195
0.256445
0.263632
0.270743
0.277762
0.284678
0.291475
0.298144
0.30467
0.311044
0.317256
0.323296
0.329155
0.334828
0.340307
0.345586
0.350662
0.35553
0.360187
0.364629
0.368854
0.372858
0.376638
0.380192
0.383513
0.386598
0.389439
0.39203
0.394363
0.396427
0.398214
0.399713
0.400913
0.401802
0.402372
0.402614
0.402521
0.402089
0.401318
0.400211
0.398777
0.397028
0.394984
0.392668
0.390109
0.38734
0.3844
0.381328
0.378166
0.374953
0.371729
0.368526
0.36537
0.362277
0.359254
0.356291
0.353367
0.350443
0.347469
0.344377
0.341089
0.337517
0.333567
0.329144
0.324159
0.318533
0.312204
0.305134
0.297318
0.288787
0.279615
0.269921
0.259874
0.249686
0.239611
0.229934
0.220955
0.21297
0.206249
0.201002
0.197358
0.195329
0.194794
0.195481
0.19697
0.198709
0.200049
0.200295
0.198775
0.194911
0.188291
0.178725
0.166286
0.15131
0.134371
0.116223
0.0977126
0.0796899
0.0629129
0.0479741
0.0352533
0.024904
0.0168712
0.0109358
0.00677222
0.00400904
0.00228197
0.00127137
0.000722664
0.00045087
0.000373616
