0.17732
0.177238
0.176969
0.176518
0.17589
0.175092
0.174134
0.173023
0.17177
0.170385
0.168879
0.167264
0.165552
0.163753
0.161881
0.159948
0.157964
0.155943
0.153895
0.151834
0.149769
0.147712
0.145673
0.143662
0.141689
0.139762
0.137887
0.136073
0.134324
0.132644
0.131039
0.129509
0.128056
0.126681
0.125383
0.124162
0.123014
0.121939
0.120933
0.119994
0.119118
0.118303
0.117546
0.116844
0.116195
0.115597
0.115047
0.114543
0.114082
0.113663
0.113283
0.112938
0.112626
0.112342
0.112083
0.111844
0.111622
0.11141
0.111205
0.111002
0.110796
0.110584
0.110362
0.110128
0.109879
0.109614
0.109334
0.109037
0.108726
0.1084
0.108063
0.107717
0.107363
0.107005
0.106646
0.106288
0.105933
0.105585
0.105245
0.104916
0.104601
0.1043
0.104016
0.103751
0.103507
0.103285
0.103088
0.102917
0.102773
0.102659
0.102575
0.102523
0.102504
0.102519
0.102569
0.102652
0.102771
0.102923
0.103108
0.103326
0.103574
0.103853
0.104159
0.104492
0.10485
0.10523
0.105632
0.106053
0.106491
0.106946
0.107414
0.107895
0.108387
0.108888
0.109396
0.10991
0.110428
0.110948
0.111469
0.111989
0.112507
0.113019
0.113525
0.114024
0.114512
0.114988
0.115451
0.115899
0.116331
0.116743
0.117136
0.117507
0.117855
0.118177
0.118474
0.118743
0.118982
0.119191
0.119368
0.119512
0.119622
0.119696
0.119734
0.119735
0.119698
0.119623
0.119508
0.119354
0.11916
0.118926
0.118653
0.118341
0.11799
0.117602
0.117177
0.116718
0.116226
0.115703
0.115152
0.114576
0.113978
0.113361
0.11273
0.112088
0.111441
0.110792
0.110147
0.109512
0.10889
0.108288
0.10771
0.107163
0.106652
0.106181
0.105756
0.105381
0.105062
0.104801
0.104604
0.104473
0.104411
0.10442
0.104503
0.104659
0.104888
0.105192
0.105567
0.106012
0.106524
0.1071
0.107734
0.108423
0.109161
0.109941
0.110758
0.111604
0.112475
0.113362
0.11426
0.115162
0.116063
0.116957
0.11784
0.118706
0.119553
0.120377
0.121176
0.121948
0.12269
0.123403
0.124084
0.124734
0.125351
0.125937
0.126489
0.127008
0.127493
0.127943
0.128358
0.128736
0.129076
0.129376
0.129635
0.129852
0.130023
0.130149
0.130226
0.130254
0.130231
0.130157
0.13003
0.129851
0.129618
0.129333
0.128997
0.12861
0.128174
0.12769
0.127161
0.126589
0.125976
0.125325
0.124639
0.123921
0.123173
0.122398
0.121601
0.120783
0.119949
0.119103
0.118248
0.117388
0.11653
0.115677
0.114836
0.114013
0.113215
0.112448
0.11172
0.111036
0.110404
0.109829
0.109317
0.10887
0.108493
0.108187
0.107952
0.107788
0.107693
0.107664
0.107698
0.107789
0.107935
0.108131
0.108372
0.108654
0.108973
0.109326
0.109708
0.110117
0.110548
0.110998
0.111461
0.111934
0.112409
0.112882
0.113344
0.113789
0.114209
0.114596
0.114941
0.115239
0.115482
0.115665
0.115785
0.115838
0.115825
0.115747
0.115608
0.128627
