1.29295e-14
1.12395e-14
1.20113e-14
1.46226e-14
1.90533e-14
2.56297e-14
3.49581e-14
4.79427e-14
6.58528e-14
9.04309e-14
1.24046e-13
1.69904e-13
2.32323e-13
3.17113e-13
4.32062e-13
5.87601e-13
7.97663e-13
1.08082e-12
1.46179e-12
1.97341e-12
2.65916e-12
3.5766e-12
4.80171e-12
6.43459e-12
8.60688e-12
1.14913e-11
1.53143e-11
2.03716e-11
2.70493e-11
3.585e-11
4.74269e-11
6.26276e-11
8.25487e-11
1.08608e-10
1.42632e-10
1.86972e-10
2.4465e-10
3.19537e-10
4.16586e-10
5.42122e-10
7.04204e-10
9.1308e-10
1.18176e-09
1.52673e-09
1.96881e-09
2.5343e-09
3.25631e-09
4.17643e-09
5.34686e-09
6.83292e-09
8.71623e-09
1.10985e-08
1.41065e-08
1.78974e-08
2.2666e-08
2.86536e-08
3.61578e-08
4.55452e-08
5.72668e-08
7.18758e-08
9.00499e-08
1.12617e-07
1.40588e-07
1.75191e-07
2.17921e-07
2.70589e-07
3.35385e-07
4.14957e-07
5.12491e-07
6.31823e-07
7.77554e-07
9.55196e-07
1.17134e-06
1.43383e-06
1.75204e-06
2.13707e-06
2.60209e-06
3.16268e-06
3.83725e-06
4.64747e-06
5.61881e-06
6.78117e-06
8.16954e-06
9.82483e-06
1.17947e-05
1.41346e-05
1.69088e-05
2.01921e-05
2.40705e-05
2.86436e-05
3.40257e-05
4.03482e-05
4.77619e-05
5.64389e-05
6.65757e-05
7.83961e-05
9.2154e-05
0.000108138
0.000126673
0.000148126
0.000172912
0.000201495
0.000234395
0.000272195
0.000315543
0.000365162
0.000421853
0.000486505
0.000560097
0.00064371
0.000738533
0.000845869
0.000967142
0.00110391
0.00125786
0.00143082
0.0016248
0.00184193
0.00208453
0.00235507
0.00265621
0.0029908
0.00336184
0.00377254
0.0042263
0.00472669
0.00527748
0.00588262
0.00654622
0.00727259
0.00806618
0.0089316
0.0098736
0.0108971
0.012007
0.0132084
0.0145065
0.0159065
0.0174136
0.019033
0.0207699
0.0226295
0.0246167
0.0267367
0.0289941
0.0313936
0.0339395
0.0366361
0.0394871
0.0424963
0.0456668
0.0490015
0.052503
0.0561732
0.0600139
0.0640262
0.0682109
0.072568
0.0770973
0.081798
0.0866686
0.0917073
0.0969115
0.102278
0.107804
0.113484
0.119314
0.125288
0.131401
0.137646
0.144016
0.150503
0.157099
0.163794
0.17058
0.177447
0.184384
0.191379
0.198422
0.2055
0.212601
0.219712
0.226819
0.23391
0.24097
0.247985
0.254942
0.261826
0.268624
0.275322
0.281908
0.288368
0.29469
0.300863
0.306877
0.312722
0.318388
0.323869
0.329158
0.334249
0.339138
0.343821
0.348296
0.352561
0.356614
0.360455
0.364084
0.367499
0.370701
0.373687
0.376457
0.379007
0.381333
0.383431
0.385294
0.386915
0.388285
0.389395
0.390234
0.390791
0.391056
0.391019
0.390673
0.39001
0.389027
0.387725
0.386107
0.384183
0.381967
0.379479
0.376744
0.373793
0.370662
0.36739
0.364019
0.360594
0.357156
0.353746
0.350401
0.347149
0.34401
0.34099
0.338086
0.335278
0.33253
0.329793
0.327001
0.324077
0.320931
0.31747
0.313593
0.309206
0.304222
0.298565
0.292186
0.285057
0.277188
0.268625
0.259459
0.249825
0.239904
0.229922
0.220138
0.210841
0.202329
0.194893
0.188793
0.184228
0.181314
0.180053
0.180315
0.181825
0.184164
0.186785
0.189049
0.190273
0.189791
0.187029
0.181568
0.1732
0.161968
0.148169
0.132331
0.115162
0.0974704
0.0800778
0.0637319
0.0490323
0.0363829
0.0259731
0.0177909
0.0116596
0.00729016
0.0043383
0.00245538
0.0013271
0.000696235
0.00037028
0.000217404
0.000174047
