4.71834e-66
4.99522e-66
1.00762e-65
2.31954e-65
5.43184e-65
1.27223e-64
2.97291e-64
6.92845e-64
1.61028e-63
3.73231e-63
8.62704e-63
1.98864e-62
4.57154e-62
1.04805e-61
2.39614e-61
5.46333e-61
1.24228e-60
2.81705e-60
6.37074e-60
1.43682e-59
3.23172e-59
7.24913e-59
1.62166e-58
3.61789e-58
8.0496e-58
1.78615e-57
3.95263e-57
8.72329e-57
1.92e-56
4.21456e-56
9.22639e-56
2.01438e-55
4.38614e-55
9.5248e-55
2.06282e-54
4.45557e-54
9.59796e-54
2.06201e-53
4.41815e-53
9.44124e-53
2.01214e-52
4.27695e-52
9.06714e-52
1.91738e-51
4.04548e-51
8.52332e-51
1.79734e-50
3.81764e-50
8.30369e-50
1.92177e-49
5.07306e-49
1.64343e-48
6.56808e-48
3.01532e-47
1.47186e-46
7.2961e-46
3.59672e-45
1.74829e-44
8.35217e-44
3.91723e-43
1.80313e-42
8.1464e-42
3.61302e-41
1.5734e-40
6.72937e-40
2.82737e-39
1.16725e-38
4.73614e-38
1.88911e-37
7.40903e-37
2.85777e-36
1.08429e-35
4.04766e-35
1.48692e-34
5.37624e-34
1.91363e-33
6.70659e-33
2.31467e-32
7.8685e-32
2.63502e-31
8.69429e-31
2.82691e-30
9.05908e-30
2.86165e-29
8.91192e-29
2.7366e-28
8.28701e-28
2.47508e-27
7.29196e-27
2.11943e-26
6.07812e-26
1.72008e-25
4.80408e-25
1.32436e-24
3.60401e-24
9.68281e-24
2.56862e-23
6.72867e-23
1.74075e-22
4.44802e-22
1.12271e-21
2.79949e-21
6.89678e-21
1.67886e-20
4.0385e-20
9.60084e-20
2.2559e-19
5.23952e-19
1.203e-18
2.73071e-18
6.12865e-18
1.36009e-17
2.98484e-17
6.4783e-17
1.39067e-16
2.95288e-16
6.20239e-16
1.28884e-15
2.64973e-15
5.39012e-15
1.08498e-14
2.16126e-14
4.26074e-14
8.31358e-14
1.60564e-13
3.06972e-13
5.8099e-13
1.08866e-12
2.01975e-12
3.71036e-12
6.74965e-12
1.21597e-11
2.16955e-11
3.83403e-11
6.71133e-11
1.16375e-10
1.99914e-10
3.40241e-10
5.73748e-10
9.58693e-10
1.58742e-09
2.6049e-09
4.2365e-09
6.82926e-09
1.09125e-08
1.72857e-08
2.71458e-08
4.22668e-08
6.52549e-08
9.99032e-08
1.51682e-07
2.28407e-07
3.41152e-07
5.05457e-07
7.42944e-07
1.08344e-06
1.56772e-06
2.25106e-06
3.20779e-06
4.53696e-06
6.36957e-06
8.87738e-06
1.22839e-05
1.68775e-05
2.30278e-05
3.12044e-05
4.20001e-05
5.61572e-05
7.45992e-05
9.84666e-05
0.000129159
0.000168381
0.000218199
0.000281097
0.00036005
0.000458593
0.000580908
0.00073191
0.00091735
0.00114392
0.00141936
0.0017526
0.00215386
0.00263481
0.00320868
0.00389044
0.0046969
0.00564691
0.00676142
0.00806368
0.0095793
0.0113364
0.0133657
0.0157003
0.0183763
0.0214322
0.0249088
0.0288496
0.0333003
0.0383082
0.0439224
0.0501932
0.0571714
0.0649081
0.0734537
0.0828571
0.0931655
0.104422
0.116668
0.129937
0.144258
0.159653
0.176136
0.193709
0.212368
0.232095
0.252861
0.274624
0.297328
0.320905
0.34527
0.370327
0.395964
0.422058
0.44847
0.475052
0.501645
0.528078
0.554177
0.579758
0.604636
0.628624
0.651535
0.673185
0.693397
0.712001
0.728839
0.743762
0.75664
0.767357
0.775817
0.781943
0.785679
0.786991
0.785869
0.782323
0.776386
0.768115
0.757585
0.744893
0.730154
0.713499
0.695073
0.675036
0.653556
0.63081
0.60698
0.582252
0.556813
0.530846
0.504533
0.47805
0.451565
0.425236
0.399211
0.373629
0.348612
0.324273
0.300707
0.278
0.256219
0.235422
0.215652
0.196939
0.1793
0.162745
0.14727
0.132863
0.119505
0.107169
0.0958216
0.0854259
0.0759401
0.0673199
0.0595192
0.0524907
0.0461871
0.0405617
0.0355696
0.031168
0.0273174
0.0239826
0.0211338
0.0187488
0.0168155
0.0153357
0.0143318
0.0138558
0.0140031
0.0167299
