4.28972e-168
2.94219e-62
5.0813e-60
4.37366e-58
2.50158e-56
1.06963e-54
3.6469e-53
1.03279e-51
2.4988e-50
5.27267e-49
9.857e-48
1.65297e-46
2.51162e-45
3.48667e-44
4.45305e-43
5.26344e-42
5.78714e-41
5.94526e-40
5.7291e-39
5.19652e-38
4.45029e-37
3.6084e-36
2.777e-35
2.03307e-34
1.41886e-33
9.45708e-33
6.03051e-32
3.68489e-31
2.16076e-30
1.21757e-29
6.6014e-29
3.44785e-28
1.73664e-27
8.44442e-27
3.9678e-26
1.8032e-25
7.93285e-25
3.38107e-24
1.39718e-23
5.60197e-23
2.1808e-22
8.24824e-22
3.03282e-21
1.08475e-20
3.77619e-20
1.28012e-19
4.22814e-19
1.36131e-18
4.27446e-18
1.30954e-17
3.91611e-17
1.1436e-16
3.26247e-16
9.09586e-16
2.47928e-15
6.60919e-15
1.72371e-14
4.39963e-14
1.09938e-13
2.69027e-13
6.44903e-13
1.51486e-12
3.48781e-12
7.87342e-12
1.7431e-11
3.78568e-11
8.06765e-11
1.68749e-10
3.4653e-10
6.98797e-10
1.38414e-09
2.69362e-09
5.15136e-09
9.68371e-09
1.78978e-08
3.25311e-08
5.81626e-08
1.02314e-07
1.77125e-07
3.01843e-07
5.06457e-07
8.36901e-07
1.36233e-06
2.18513e-06
3.4544e-06
5.38372e-06
8.27417e-06
1.25435e-05
1.87626e-05
2.76994e-05
4.03725e-05
5.8113e-05
8.26369e-05
0.000116126
0.000161322
0.000221623
0.000301198
0.000405102
0.000539408
0.00071134
0.000929421
0.00120363
0.00154557
0.00196866
0.00248831
0.00312215
0.00389024
0.00481532
0.00592305
0.00724227
0.00880521
0.0106478
0.0128097
0.0153347
0.0182706
0.0216695
0.0255875
0.0300847
0.0352248
0.0410749
0.0477046
0.0551859
0.0635917
0.0729953
0.0834686
0.0950818
0.107901
0.121986
0.137392
0.154163
0.172333
0.191924
0.212944
0.235384
0.259218
0.2844
0.310866
0.338529
0.36728
0.39699
0.427505
0.458654
0.490241
0.522055
0.553867
0.585434
0.616501
0.646804
0.676078
0.704053
0.730464
0.755055
0.777578
0.797803
0.815521
0.830542
0.842705
0.85188
0.857965
0.860895
0.860637
0.857196
0.85061
0.840953
0.828332
0.812884
0.794776
0.7742
0.751372
0.726523
0.699903
0.67177
0.642388
0.612025
0.580947
0.549413
0.517676
0.485974
0.454532
0.423559
0.393242
0.363751
0.335233
0.307814
0.281597
0.256666
0.233081
0.210885
0.190102
0.170737
0.152781
0.136211
0.120992
0.107079
0.0944173
0.0829476
0.0726037
0.0633165
0.0550148
0.0476262
0.0410787
0.0353014
0.0302254
0.0257845
0.0219154
0.0185587
0.0156585
0.0131632
0.011025
0.0092003
0.00764951
0.00633684
0.00523022
0.00430106
0.00352403
0.00287682
0.00233989
0.00189621
0.00153105
0.00123168
0.000987235
0.000788411
0.000627329
0.000497335
0.000392838
0.000309165
0.000242425
0.000189399
0.000147431
0.000114344
8.83593e-05
6.80303e-05
5.21874e-05
3.9888e-05
3.03762e-05
2.30482e-05
1.74243e-05
1.31247e-05
9.84999e-06
7.36542e-06
5.4875e-06
4.07349e-06
3.01282e-06
2.22022e-06
1.63018e-06
1.19258e-06
8.6928e-07
6.31315e-07
4.56825e-07
3.29359e-07
2.36595e-07
1.6934e-07
1.20762e-07
8.58064e-08
6.07471e-08
4.28499e-08
3.01156e-08
2.10887e-08
1.47139e-08
1.02288e-08
7.08499e-09
4.88959e-09
3.36221e-09
2.30354e-09
1.57248e-09
1.06954e-09
7.24811e-10
4.8941e-10
3.29262e-10
2.20713e-10
1.47413e-10
9.80989e-11
6.50447e-11
4.29714e-11
2.82858e-11
1.85514e-11
1.21229e-11
7.89326e-12
5.12068e-12
3.30993e-12
2.13173e-12
1.36794e-12
8.74623e-13
5.57182e-13
3.53667e-13
2.23673e-13
1.40947e-13
8.84949e-14
5.53612e-14
3.45081e-14
2.14325e-14
1.32645e-14
8.18179e-15
5.03216e-15
3.0903e-15
1.90238e-15
1.18753e-15
7.77262e-16
5.8249e-16
6.60136e-16
