0.177518
0.176946
0.176183
0.17524
0.174128
0.172858
0.171445
0.169902
0.168244
0.166488
0.164647
0.162737
0.160772
0.158765
0.15673
0.154679
0.152623
0.150571
0.148534
0.14652
0.144536
0.142589
0.140685
0.138829
0.137026
0.13528
0.133594
0.131971
0.130413
0.128922
0.127497
0.12614
0.124849
0.123625
0.122466
0.12137
0.120335
0.119358
0.118436
0.117568
0.11675
0.11598
0.115255
0.114573
0.113932
0.11333
0.112767
0.112241
0.111751
0.111296
0.110877
0.110493
0.110142
0.109823
0.109536
0.109278
0.109048
0.108841
0.108656
0.10849
0.108338
0.108197
0.108063
0.107934
0.107805
0.107675
0.107542
0.107403
0.107257
0.107105
0.106946
0.106781
0.106612
0.106439
0.106265
0.106091
0.105919
0.105752
0.105591
0.105439
0.105297
0.105167
0.10505
0.104949
0.104864
0.104797
0.10475
0.104723
0.104718
0.104737
0.10478
0.104849
0.104944
0.105067
0.105218
0.105398
0.105606
0.105842
0.106106
0.106397
0.106714
0.107054
0.107417
0.1078
0.108201
0.108617
0.109047
0.109486
0.109934
0.110386
0.110842
0.111298
0.111753
0.112204
0.112649
0.113087
0.113517
0.113936
0.114344
0.114739
0.115121
0.115488
0.115841
0.116179
0.116501
0.116808
0.117099
0.117374
0.117634
0.117878
0.118108
0.118323
0.118523
0.118709
0.118881
0.119039
0.119182
0.11931
0.119422
0.119517
0.119593
0.11965
0.119685
0.119696
0.119682
0.119639
0.119565
0.119457
0.119314
0.119133
0.118911
0.118647
0.118339
0.117987
0.11759
0.117148
0.116662
0.116133
0.115563
0.114955
0.114312
0.113637
0.112937
0.112215
0.111477
0.11073
0.109979
0.109233
0.108496
0.107778
0.107084
0.106424
0.105803
0.105229
0.104708
0.104249
0.103855
0.103534
0.103291
0.103129
0.103052
0.103062
0.103162
0.103352
0.103631
0.103997
0.104449
0.104982
0.105591
0.106271
0.107014
0.107814
0.108662
0.10955
0.110469
0.11141
0.112364
0.113324
0.114281
0.115229
0.116159
0.117068
0.117949
0.1188
0.119616
0.120398
0.121143
0.121851
0.122524
0.123162
0.123766
0.12434
0.124886
0.125405
0.1259
0.126374
0.126827
0.127263
0.127682
0.128084
0.12847
0.128839
0.129191
0.129525
0.129838
0.130129
0.130395
0.130634
0.130843
0.131019
0.131158
0.131258
0.131316
0.131328
0.131292
0.131205
0.131066
0.130871
0.130619
0.130309
0.12994
0.12951
0.12902
0.128471
0.127863
0.127197
0.126478
0.125706
0.124888
0.124027
0.12313
0.122204
0.121255
0.120293
0.119326
0.118363
0.117414
0.116488
0.115593
0.114739
0.113931
0.113178
0.112483
0.111851
0.111285
0.110785
0.110352
0.109986
0.109684
0.109445
0.109267
0.109146
0.10908
0.109067
0.109102
0.109185
0.10931
0.109476
0.109679
0.109915
0.110178
0.110464
0.110767
0.11108
0.111397
0.111709
0.11201
0.112292
0.112547
0.112769
0.112953
0.113094
0.113189
0.113237
0.113238
0.113194
0.11311
0.112988
0.112835
0.12551
