0.102962
0.102964
0.103103
0.103361
0.103714
0.104131
0.104578
0.105026
0.105448
0.105823
0.106138
0.106388
0.106574
0.106702
0.106781
0.106823
0.106838
0.106835
0.10682
0.106798
0.106768
0.106729
0.10668
0.106615
0.106532
0.10643
0.106308
0.106169
0.106017
0.105858
0.105699
0.10555
0.105419
0.105314
0.105245
0.105217
0.105235
0.105301
0.105417
0.105579
0.105785
0.106029
0.106301
0.106594
0.106897
0.1072
0.107491
0.107761
0.108
0.1082
0.108354
0.108459
0.108513
0.108516
0.108472
0.108388
0.108272
0.108136
0.107995
0.107864
0.107761
0.107706
0.107719
0.107819
0.108028
0.108364
0.108847
0.109492
0.110316
0.111331
0.112547
0.113971
0.115607
0.117457
0.119517
0.121782
0.124243
0.126886
0.129696
0.132653
0.135734
0.138915
0.142167
0.14546
0.148761
0.152036
0.15525
0.158367
0.161351
0.164165
0.166774
0.169147
0.17125
0.173058
0.174546
0.175694
0.176488
0.176918
0.176981
0.17668
0.176023
0.175025
0.173708
0.172098
0.170226
0.16813
0.165848
0.163423
0.160899
0.158319
0.155728
0.153168
0.150679
0.148297
0.146054
0.143977
0.142089
0.140406
0.138939
0.137693
0.136669
0.135862
0.135262
0.134856
0.134627
0.134556
0.134621
0.1348
0.135069
0.135404
0.135782
0.136178
0.136573
0.136944
0.137273
0.137543
0.137739
0.137848
0.137858
0.137761
0.13755
0.137221
0.136771
0.1362
0.135509
0.134701
0.133782
0.132757
0.131635
0.130425
0.129136
0.127779
0.126364
0.124903
0.123407
0.121888
0.120355
0.11882
0.117291
0.115778
0.114289
0.112831
0.11141
0.110033
0.108704
0.107429
0.10621
0.10505
0.103954
0.102923
0.101958
0.101063
0.100238
0.0994852
0.0988051
0.098199
0.0976675
0.0972112
0.0968303
0.0965248
0.0962945
0.0961387
0.0960565
0.0960465
0.0961073
0.0962366
0.0964323
0.0966916
0.0970114
0.0973885
0.0978192
0.0982997
0.0988258
0.0993931
0.0999968
0.100632
0.101294
0.101977
0.102675
0.103382
0.104092
0.104799
0.105495
0.106175
0.10683
0.107456
0.108044
0.108589
0.109085
0.109527
0.109911
0.110234
0.110494
0.110688
0.110817
0.110882
0.110883
0.110823
0.110705
0.110532
0.110306
0.11003
0.109709
0.109346
0.108942
0.108503
0.108031
0.10753
0.107006
0.106464
0.105912
0.105358
0.104812
0.104284
0.103786
0.10333
0.102929
0.102593
0.102334
0.102159
0.102076
0.102088
0.102196
0.102397
0.102687
0.103055
0.103493
0.103988
0.104526
0.105094
0.105678
0.106267
0.106848
0.107415
0.10796
0.108481
0.108977
0.109448
0.109896
0.110327
0.110744
0.111152
0.111553
0.111951
0.112346
0.112738
0.113125
0.113503
0.11387
0.11422
0.114552
0.114862
0.115151
0.115421
0.115677
0.115926
0.116178
0.116444
0.116736
0.117067
0.117447
0.117887
0.118394
0.118971
0.119619
0.120332
0.121104
0.121922
0.122771
0.123634
0.124491
0.125322
0.126105
0.126821
0.127449
0.127973
0.128378
0.128652
0.128786
0.142095
