9.62022e-43
9.06312e-43
1.39588e-42
2.52581e-42
4.74341e-42
8.96826e-42
1.69521e-41
3.1984e-41
6.02095e-41
1.13078e-40
2.11869e-40
3.96027e-40
7.38508e-40
1.37391e-39
2.54995e-39
4.7215e-39
8.72172e-39
1.60731e-38
2.95511e-38
5.4203e-38
9.91862e-38
1.81075e-37
3.29794e-37
5.99251e-37
1.08631e-36
1.96464e-36
3.54482e-36
6.38099e-36
1.14595e-35
2.05319e-35
3.67009e-35
6.54504e-35
1.16449e-34
2.06702e-34
3.66054e-34
6.46747e-34
1.14003e-33
2.00487e-33
3.51762e-33
6.15752e-33
1.07537e-32
1.87371e-32
3.25718e-32
5.64909e-32
9.77491e-32
1.6875e-31
2.90653e-31
4.99465e-31
8.56318e-31
1.46476e-30
2.49977e-30
4.25633e-30
7.23061e-30
1.22551e-29
2.07237e-29
3.49641e-29
5.88551e-29
9.88446e-29
1.65627e-28
2.76896e-28
4.61864e-28
7.68637e-28
1.27626e-27
2.11432e-27
3.49475e-27
5.76335e-27
9.48306e-27
1.55682e-26
2.55002e-26
4.1674e-26
6.79526e-26
1.10552e-25
1.79451e-25
2.90633e-25
4.6964e-25
7.57196e-25
1.21807e-24
1.95507e-24
3.13096e-24
5.00284e-24
7.97593e-24
1.26874e-23
2.01369e-23
3.1889e-23
5.0387e-23
7.94377e-23
1.24958e-22
1.96126e-22
3.07141e-22
4.79925e-22
7.48245e-22
1.16399e-21
1.80671e-21
2.79812e-21
4.32395e-21
6.66705e-21
1.02571e-20
1.57455e-20
2.41173e-20
3.68588e-20
5.62078e-20
8.55254e-20
1.29849e-19
1.96709e-19
2.97342e-19
4.4847e-19
6.7493e-19
1.01352e-18
1.51863e-18
2.27051e-18
3.38723e-18
5.04216e-18
7.48928e-18
1.10998e-17
1.64152e-17
2.42231e-17
3.56672e-17
5.24039e-17
7.68272e-17
1.12389e-16
1.64056e-16
2.38955e-16
3.47298e-16
5.03674e-16
7.28882e-16
1.05251e-15
1.51656e-15
2.18051e-15
3.12838e-15
4.47865e-15
6.39795e-15
9.12014e-15
1.29727e-14
1.84131e-14
2.60792e-14
3.6858e-14
5.19805e-14
7.31511e-14
1.02725e-13
1.43946e-13
2.01281e-13
2.80853e-13
3.91049e-13
5.43326e-13
7.533e-13
1.04221e-12
1.43886e-12
1.98228e-12
2.72515e-12
3.73852e-12
5.11789e-12
6.99144e-12
9.53075e-12
1.29651e-11
1.75998e-11
2.38414e-11
3.22289e-11
4.34762e-11
5.85264e-11
7.86228e-11
1.05401e-10
1.41009e-10
1.88258e-10
2.50828e-10
3.33516e-10
4.42574e-10
5.86128e-10
7.74727e-10
1.02204e-09
1.34577e-09
1.76878e-09
2.32061e-09
3.03939e-09
3.97429e-09
5.18874e-09
6.76456e-09
8.80732e-09
1.14534e-08
1.48791e-08
1.93127e-08
2.50502e-08
3.24764e-08
4.20923e-08
5.45513e-08
7.07079e-08
9.16816e-08
1.18941e-07
1.54418e-07
2.00651e-07
2.60986e-07
3.39828e-07
4.42976e-07
5.78061e-07
7.55112e-07
9.87285e-07
1.2918e-06
1.69116e-06
2.21462e-06
2.90019e-06
3.797e-06
4.9683e-06
6.49525e-06
8.48149e-06
1.10588e-05
1.43939e-05
1.8697e-05
2.42314e-05
3.13255e-05
4.03874e-05
5.19208e-05
6.65452e-05
8.50182e-05
0.000108262
0.000137395
0.000173763
0.000218982
0.000274984
0.000344061
0.000428929
0.000532786
0.00065938
0.000813087
0.000998996
0.00122299
0.00149186
0.00181339
0.00219647
0.00265123
0.00318913
0.00382312
0.00456773
0.00543925
0.0064558
0.0076375
0.00900656
0.0105874
0.0124068
0.0144938
0.0168801
0.0195998
0.0226894
0.0261879
0.030137
0.0345803
0.0395638
0.0451355
0.0513449
0.058243
0.0658818
0.0743139
0.083592
0.0937683
0.104894
0.117019
0.130189
0.14445
0.159841
0.176399
0.194152
0.213127
0.23334
0.254802
0.277516
0.301475
0.326666
0.353064
0.380637
0.409344
0.439135
0.469952
0.501729
0.534393
0.567866
0.602065
0.636903
0.672291
0.70814
0.744363
0.780874
0.817593
0.854447
0.891373
0.928322
0.965261
1.00218
1.03911
1.07609
1.11324
1.15071
1.18869
1.22742
1.26714
1.30805
1.35022
1.39353
1.4375
1.4812
1.52317
1.56135
1.78496
