0.00426717
0.00450859
0.00492939
0.00555725
0.00642191
0.00755296
0.00897699
0.0107147
0.0127779
0.0151672
0.0178702
0.0208607
0.0240997
0.0275367
0.0311135
0.0347678
0.0384378
0.0420673
0.0456103
0.0490343
0.0523238
0.0554818
0.0585294
0.0615057
0.0644646
0.067472
0.0706012
0.073929
0.0775303
0.0814738
0.0858176
0.0906053
0.0958634
0.101599
0.1078
0.114434
0.121451
0.128783
0.136354
0.144077
0.15186
0.159614
0.167252
0.174696
0.181878
0.188737
0.195228
0.201313
0.206962
0.212152
0.216865
0.221081
0.224783
0.227951
0.230564
0.2326
0.234038
0.234858
0.235046
0.234594
0.233503
0.231784
0.229461
0.226569
0.223155
0.219273
0.214991
0.210377
0.205506
0.200453
0.195292
0.190091
0.184914
0.179816
0.174846
0.170043
0.165436
0.161048
0.156891
0.152973
0.149294
0.145849
0.142631
0.139629
0.136829
0.134219
0.131784
0.129512
0.12739
0.125408
0.123557
0.121829
0.12022
0.118726
0.117345
0.116077
0.114923
0.113884
0.112963
0.112161
0.111481
0.110924
0.11049
0.110178
0.109984
0.109906
0.109935
0.110063
0.110279
0.110572
0.110927
0.111327
0.111756
0.112195
0.112627
0.113032
0.113393
0.113691
0.113911
0.114037
0.114056
0.113957
0.113732
0.113375
0.112881
0.112251
0.111486
0.110591
0.109573
0.10844
0.107203
0.105877
0.104475
0.103014
0.10151
0.0999819
0.0984476
0.0969265
0.0954379
0.0940016
0.0926372
0.0913646
0.0902038
0.0891747
0.0882975
0.0875924
0.0870797
0.0867798
0.0867133
0.0869007
0.0873623
0.0881179
0.0891868
0.0905869
0.0923344
0.0944434
0.0969246
0.0997851
0.103027
0.106648
0.110637
0.114979
0.119648
0.124611
0.129827
0.135244
0.140804
0.146439
0.152075
0.157632
0.163026
0.16817
0.172978
0.177367
0.181256
0.184574
0.187259
0.18926
0.190541
0.191079
0.190868
0.189917
0.188253
0.185914
0.182955
0.179441
0.175447
0.171054
0.166347
0.161414
0.15634
0.151209
0.146096
0.141071
0.136195
0.131518
0.127082
0.122917
0.119046
0.11548
0.112224
0.109277
0.106629
0.10427
0.102183
0.10035
0.0987529
0.0973721
0.0961887
0.0951845
0.0943422
0.0936463
0.0930821
0.0926369
0.092299
0.0920579
0.0919042
0.0918294
0.0918257
0.0918858
0.0920028
0.0921703
0.0923819
0.0926315
0.092913
0.0932204
0.0935479
0.0938898
0.0942404
0.0945942
0.094946
0.0952908
0.0956237
0.0959404
0.0962367
0.0965091
0.0967541
0.0969692
0.0971518
0.0973003
0.0974134
0.0974903
0.0975308
0.0975353
0.0975045
0.09744
0.0973436
0.0972178
0.0970654
0.0968897
0.0966946
0.0964841
0.0962627
0.0960353
0.0958069
0.095583
0.0953689
0.0951705
0.0949936
0.094844
0.0947276
0.0946505
0.0946183
0.0946369
0.0947119
0.0948486
0.0950523
0.0953277
0.0956794
0.0961115
0.0966278
0.0972315
0.0979255
0.0987121
0.0995935
0.100571
0.101647
0.102822
0.104098
0.105476
0.106961
0.108554
0.110259
0.112082
0.114026
0.116096
0.118294
0.120617
0.12306
0.125607
0.128233
0.130902
0.133565
0.13616
0.138616
0.140856
0.142805
0.144398
0.14559
0.165517
