0.000804002
0.000724684
0.000686627
0.000679324
0.000696186
0.000733202
0.000788073
0.000859634
0.000947495
0.00105181
0.00117315
0.00131238
0.00147064
0.00164929
0.00184989
0.00207418
0.00232409
0.0026017
0.00290929
0.00324925
0.00362418
0.00403679
0.00448997
0.00498672
0.00553021
0.00612373
0.00677067
0.00747456
0.008239
0.00906771
0.00996444
0.010933
0.0119773
0.0131011
0.0143084
0.0156028
0.0169883
0.0184683
0.0200466
0.0217263
0.0235108
0.025403
0.0274056
0.0295209
0.0317512
0.0340981
0.0365629
0.0391465
0.0418494
0.0446715
0.0476122
0.0506704
0.0538443
0.0571317
0.0605297
0.0640348
0.0676428
0.0713491
0.0751483
0.0790344
0.0830011
0.0870411
0.0911469
0.0953105
0.0995235
0.103777
0.108061
0.112367
0.116686
0.121006
0.125319
0.129614
0.133882
0.138113
0.142299
0.146428
0.150495
0.154489
0.158405
0.162234
0.165971
0.169611
0.173148
0.17658
0.179902
0.183114
0.186213
0.1892
0.192075
0.194839
0.197494
0.200043
0.20249
0.204837
0.20709
0.209253
0.211331
0.213328
0.215251
0.217103
0.218889
0.220614
0.222281
0.223893
0.225454
0.226964
0.228425
0.229836
0.231197
0.232505
0.233758
0.234952
0.236082
0.237142
0.238127
0.239028
0.239838
0.240549
0.241153
0.241642
0.242007
0.242239
0.242333
0.242281
0.242078
0.241718
0.2412
0.24052
0.23968
0.238681
0.237528
0.236225
0.234782
0.233208
0.231515
0.229718
0.227834
0.225879
0.223874
0.221839
0.219795
0.217766
0.215775
0.213842
0.211992
0.210245
0.208621
0.207139
0.205813
0.204659
0.203685
0.202898
0.202304
0.201899
0.201681
0.201641
0.201765
0.202037
0.202436
0.202937
0.203512
0.204131
0.204759
0.205361
0.205901
0.20634
0.206641
0.206767
0.206684
0.206358
0.205758
0.20486
0.203642
0.202086
0.200182
0.197925
0.195317
0.192366
0.189089
0.185507
0.18165
0.177555
0.173264
0.168826
0.164296
0.159731
0.155194
0.15075
0.146465
0.142406
0.138639
0.135226
0.132226
0.129692
0.127671
0.1262
0.125307
0.125007
0.125304
0.12619
0.12764
0.129619
0.132073
0.134939
0.138139
0.141584
0.145175
0.148806
0.152367
0.155742
0.158819
0.161488
0.163645
0.165196
0.166058
0.166166
0.165466
0.163927
0.161535
0.158296
0.154235
0.149395
0.143838
0.137639
0.130889
0.123687
0.11614
0.108364
0.100474
0.0925875
0.0848196
0.0772833
0.0700875
0.0633368
0.0571308
0.0515652
0.046731
0.0427156
0.0396023
0.0374693
0.0363886
0.0364232
0.0376225
0.0400182
0.0436169
0.0483938
0.0542854
0.0611826
0.0689261
0.0773038
0.0860518
0.0948596
0.103381
0.111247
0.118089
0.123558
0.127346
0.129215
0.129014
0.12669
0.1223
0.116007
0.108071
0.0988294
0.0886736
0.0780188
0.0672751
0.0568197
0.0469738
0.0379865
0.0300263
0.023181
0.0174645
0.0128285
0.0091783
0.00638917
0.00432226
0.00283791
0.00180586
0.00111194
0.000661327
0.000379168
0.0002091
0.000110632
5.59945e-05
2.70205e-05
1.23832e-05
5.36496e-06
2.18538e-06
8.31477e-07
2.93108e-07
9.47677e-08
2.77393e-08
7.22484e-09
1.63471e-09
3.1016e-10
4.66153e-11
4.99062e-12
2.92281e-13
1.2105e-15
