4.68318e-24
4.12899e-24
5.0024e-24
7.10211e-24
1.0716e-23
1.65054e-23
2.55758e-23
3.96645e-23
6.14534e-23
9.50538e-23
1.46746e-22
2.261e-22
3.47661e-22
5.3349e-22
8.16979e-22
1.24856e-21
1.90425e-21
2.89836e-21
4.40248e-21
6.67357e-21
1.00957e-20
1.52416e-20
2.29639e-20
3.45285e-20
5.1812e-20
7.75895e-20
1.15957e-19
1.72946e-19
2.57424e-19
3.82392e-19
5.66881e-19
8.38686e-19
1.23832e-18
1.82469e-18
2.68333e-18
3.93808e-18
5.76796e-18
8.43118e-18
1.22994e-17
1.79064e-17
2.60173e-17
3.77265e-17
5.45962e-17
7.88516e-17
1.13656e-16
1.63495e-16
2.34722e-16
3.36307e-16
4.80898e-16
6.86288e-16
9.77455e-16
1.38939e-15
1.97101e-15
2.79057e-15
3.94307e-15
5.56054e-15
7.826e-15
1.09927e-14
1.54102e-14
2.15604e-14
3.01056e-14
4.19549e-14
5.83527e-14
8.1e-14
1.12216e-13
1.55157e-13
2.14108e-13
2.94879e-13
4.05324e-13
5.56044e-13
7.61318e-13
1.04034e-12
1.41883e-12
1.93126e-12
2.62363e-12
3.55727e-12
4.81377e-12
6.50141e-12
8.76363e-12
1.17901e-11
1.58309e-11
2.12153e-11
2.83761e-11
3.78803e-11
5.04699e-11
6.71136e-11
8.90737e-11
1.17991e-10
1.55994e-10
2.05841e-10
2.71092e-10
3.5634e-10
4.67496e-10
6.12145e-10
8.00013e-10
1.04353e-09
1.35856e-09
1.76531e-09
2.28945e-09
2.96353e-09
3.82876e-09
4.93714e-09
6.35424e-09
8.16249e-09
1.04653e-08
1.33924e-08
1.71054e-08
2.18065e-08
2.77466e-08
3.5238e-08
4.4667e-08
5.65119e-08
7.13625e-08
8.99453e-08
1.13153e-07
1.42079e-07
1.78064e-07
2.22743e-07
2.78106e-07
3.46578e-07
4.31096e-07
5.35217e-07
6.63239e-07
8.20342e-07
1.01276e-06
1.24797e-06
1.53492e-06
1.88434e-06
2.30897e-06
2.82402e-06
3.44753e-06
4.20086e-06
5.10929e-06
6.20262e-06
7.51593e-06
9.09044e-06
1.09744e-05
1.32243e-05
1.59061e-05
1.90964e-05
2.28842e-05
2.73729e-05
3.26818e-05
3.89487e-05
4.63322e-05
5.50143e-05
6.52038e-05
7.71394e-05
9.10934e-05
0.000107376
0.000126338
0.000148379
0.00017395
0.000203558
0.000237776
0.000277245
0.000322684
0.000374897
0.000434779
0.000503324
0.000581637
0.00067094
0.000772582
0.000888049
0.00101897
0.00116715
0.00133452
0.00152324
0.00173562
0.00197417
0.00224164
0.00254097
0.00287534
0.00324815
0.00366308
0.00412402
0.00463516
0.00520093
0.00582604
0.00651549
0.00727453
0.0081087
0.00902381
0.010026
0.0111215
0.0123171
0.0136196
0.015036
0.0165738
0.0182406
0.020044
0.0219919
0.0240925
0.0263539
0.0287844
0.0313923
0.0341859
0.0371737
0.0403638
0.0437644
0.0473835
0.0512289
0.0553082
0.0596286
0.0641969
0.0690196
0.0741027
0.0794515
0.085071
0.0909652
0.0971377
0.103591
0.110327
0.117348
0.124652
0.132239
0.140109
0.148257
0.15668
0.165373
0.174332
0.183548
0.193014
0.202722
0.212661
0.22282
0.233188
0.243752
0.254496
0.265408
0.276468
0.287662
0.298969
0.310371
0.321845
0.333371
0.344923
0.356478
0.36801
0.37949
0.390893
0.402188
0.413348
0.424341
0.435141
0.445717
0.456043
0.466093
0.475843
0.485271
0.494357
0.503085
0.51144
0.519408
0.526979
0.53414
0.54088
0.547183
0.553031
0.5584
0.563257
0.567563
0.571268
0.574312
0.576629
0.578144
0.578782
0.578471
0.577147
0.574769
0.571319
0.56682
0.561337
0.554986
0.547933
0.540383
0.532573
0.524737
0.517081
0.509736
0.502718
0.495887
0.488924
0.481323
0.472416
0.461431
0.447586
0.4302
0.408822
0.383347
0.354089
0.321811
0.287672
0.25312
0.219717
0.188947
0.162038
0.139818
0.12266
0.123792
