0.0035165
0.00372396
0.00408518
0.0046253
0.00537291
0.00635828
0.00761108
0.00915772
0.0110184
0.0132045
0.0157162
0.0185409
0.021653
0.0250145
0.0285767
0.0322839
0.0360768
0.0398972
0.0436926
0.0474205
0.0510519
0.0545741
0.0579918
0.0613275
0.0646197
0.0679214
0.0712957
0.0748126
0.0785439
0.082559
0.0869199
0.0916773
0.0968673
0.102508
0.108599
0.115119
0.122028
0.129268
0.136768
0.144441
0.152198
0.159942
0.167581
0.175024
0.182193
0.189015
0.195434
0.2014
0.206878
0.211841
0.216267
0.220142
0.223453
0.226188
0.228335
0.229884
0.230821
0.231137
0.230826
0.229886
0.228321
0.226146
0.223386
0.220074
0.216258
0.211993
0.207343
0.202381
0.197182
0.191824
0.186384
0.180936
0.17555
0.170286
0.165197
0.160329
0.155714
0.151377
0.147333
0.14359
0.140146
0.136994
0.134123
0.131516
0.129154
0.127015
0.12508
0.123326
0.121733
0.120281
0.118955
0.117739
0.116622
0.115592
0.114644
0.113772
0.112973
0.112248
0.111596
0.111021
0.110525
0.110111
0.109782
0.109541
0.10939
0.109329
0.109358
0.109472
0.109668
0.109939
0.110276
0.110668
0.111103
0.111567
0.112044
0.112518
0.112972
0.11339
0.113755
0.11405
0.11426
0.114373
0.114376
0.11426
0.114016
0.11364
0.11313
0.112484
0.111706
0.110801
0.109776
0.108641
0.107407
0.106088
0.104699
0.103257
0.101779
0.100285
0.0987951
0.0973291
0.0959086
0.0945554
0.093292
0.0921412
0.091126
0.0902701
0.0895971
0.0891312
0.0888964
0.0889166
0.0892152
0.0898151
0.0907379
0.0920034
0.0936291
0.0956296
0.0980155
0.100793
0.103962
0.107517
0.111444
0.115722
0.120323
0.125207
0.130326
0.135626
0.14104
0.146499
0.151924
0.157233
0.162341
0.167162
0.171612
0.175613
0.179091
0.181982
0.184232
0.185803
0.186667
0.186815
0.18625
0.184992
0.183076
0.180549
0.177472
0.173911
0.169945
0.165651
0.161114
0.156414
0.151629
0.146834
0.142095
0.13747
0.13301
0.128753
0.124733
0.120969
0.117475
0.114257
0.111314
0.108641
0.106225
0.104055
0.102115
0.100388
0.0988581
0.0975084
0.0963238
0.09529
0.0943942
0.0936251
0.0929726
0.092428
0.091984
0.0916338
0.0913719
0.0911929
0.0910923
0.0910654
0.091108
0.0912157
0.091384
0.0916084
0.0918841
0.0922064
0.09257
0.0929699
0.0934007
0.093857
0.0943334
0.0948246
0.0953252
0.0958302
0.0963344
0.0968331
0.0973219
0.0977967
0.0982535
0.0986891
0.0991005
0.0994852
0.0998413
0.100167
0.100462
0.100725
0.100956
0.101157
0.101328
0.10147
0.101586
0.101679
0.101751
0.101805
0.101847
0.101879
0.101907
0.101935
0.101969
0.102013
0.102073
0.102155
0.102264
0.102406
0.102586
0.102811
0.103085
0.103413
0.1038
0.104251
0.10477
0.105361
0.106026
0.106769
0.107592
0.108497
0.109488
0.110566
0.111735
0.112997
0.114357
0.115819
0.117388
0.11907
0.12087
0.12279
0.124829
0.126984
0.12924
0.131576
0.133958
0.136342
0.138672
0.140883
0.142904
0.144667
0.146113
0.147203
0.147923
0.167662
