5.52712e-93
8.19055e-86
1.97619e-83
2.37849e-81
1.904e-79
1.14046e-77
5.45208e-76
2.16692e-74
7.3647e-73
2.18499e-71
5.74864e-70
1.35798e-68
2.90937e-67
5.70008e-66
1.02841e-64
1.71881e-63
2.67478e-62
3.89294e-61
5.31978e-60
6.84921e-59
8.33407e-58
9.61054e-57
1.05292e-55
1.09847e-54
1.09349e-53
1.04064e-52
9.48414e-52
8.29083e-51
6.96214e-50
5.62374e-49
4.37521e-48
3.28229e-47
2.37707e-46
1.66358e-45
1.12617e-44
7.38102e-44
4.6877e-43
2.88725e-42
1.72593e-41
1.00206e-40
5.65449e-40
3.10317e-39
1.65729e-38
8.61849e-38
4.36663e-37
2.15664e-36
1.03884e-35
4.8828e-35
2.2405e-34
1.00408e-33
4.39673e-33
1.88194e-32
7.87714e-32
3.2254e-31
1.29244e-30
5.06992e-30
1.94762e-29
7.32925e-29
2.70275e-28
9.76957e-28
3.46254e-27
1.20362e-26
4.10464e-26
1.37363e-25
4.51215e-25
1.45521e-24
4.60896e-24
1.43389e-23
4.38288e-23
1.31654e-22
3.88715e-22
1.12834e-21
3.22072e-21
9.04173e-21
2.49701e-20
6.78483e-20
1.81422e-19
4.7747e-19
1.23705e-18
3.1556e-18
7.92695e-18
1.96123e-17
4.77987e-17
1.14772e-16
2.71555e-16
6.33202e-16
1.4553e-15
3.29724e-15
7.36542e-15
1.62238e-14
3.52432e-14
7.55131e-14
1.59606e-13
3.32824e-13
6.84812e-13
1.39051e-12
2.78662e-12
5.51231e-12
1.07645e-11
2.07547e-11
3.95134e-11
7.42907e-11
1.37955e-10
2.53047e-10
4.5854e-10
8.20954e-10
1.45236e-09
2.53919e-09
4.38763e-09
7.49433e-09
1.26547e-08
2.11273e-08
3.48782e-08
5.69429e-08
9.19501e-08
1.46875e-07
2.32101e-07
3.6291e-07
5.61526e-07
8.59899e-07
1.30344e-06
1.95596e-06
2.90614e-06
4.27587e-06
6.23087e-06
8.99406e-06
1.28622e-05
1.82261e-05
2.55957e-05
3.56293e-05
4.91691e-05
6.72818e-05
9.1307e-05
0.000122912
0.000164153
0.000217547
0.000286152
0.00037365
0.000484446
0.000623777
0.00079782
0.00101382
0.00128024
0.00160686
0.002005
0.0024876
0.00306946
0.00376737
0.00460033
0.00558968
0.00675931
0.00813583
0.00974871
0.0116304
0.0138166
0.016346
0.0192606
0.0226055
0.0264292
0.0307827
0.03572
0.0412972
0.0475724
0.0546051
0.0624552
0.0711827
0.0808465
0.0915035
0.103208
0.116008
0.129949
0.145068
0.161393
0.178943
0.197727
0.21774
0.238966
0.261372
0.28491
0.309516
0.33511
0.361592
0.388849
0.416747
0.445139
0.473859
0.502729
0.531559
0.560146
0.588281
0.615747
0.642323
0.667789
0.691927
0.714524
0.735376
0.75429
0.771089
0.785612
0.797718
0.807289
0.814231
0.818475
0.81998
0.81873
0.814739
0.808049
0.798727
0.786866
0.772583
0.756019
0.737332
0.7167
0.694313
0.670375
0.645097
0.618696
0.591392
0.563403
0.534946
0.506229
0.477454
0.448811
0.420478
0.39262
0.365384
0.338903
0.313294
0.288654
0.265066
0.242595
0.221289
0.201182
0.182293
0.164628
0.14818
0.132931
0.118856
0.105917
0.094073
0.0832758
0.073473
0.0646087
0.0566252
0.0494635
0.0430641
0.0373682
0.0323181
0.0278578
0.0239334
0.0204937
0.0174901
0.0148773
0.0126129
0.0106577
0.0089758
0.00753427
0.00630332
0.00525603
0.00436824
0.00361839
0.00298735
0.0024582
0.0020161
0.00164803
0.00134272
0.00109034
0.000882483
0.000711889
0.000572376
0.000458685
0.000366362
0.000291656
0.000231418
0.000183015
0.000144258
0.000113334
8.87456e-05
6.92625e-05
5.38785e-05
4.17734e-05
3.22813e-05
2.48641e-05
1.90881e-05
1.46058e-05
1.11396e-05
8.46837e-06
6.41708e-06
4.84748e-06
3.65089e-06
2.74225e-06
2.0553e-06
1.53869e-06
1.15296e-06
8.6813e-07
6.61962e-07
5.1887e-07
4.29664e-07
3.92723e-07
4.6819e-07
