0.104294
0.103841
0.103197
0.10239
0.101454
0.100422
0.0993266
0.0981941
0.0970455
0.0958952
0.0947514
0.0936178
0.0924948
0.0913817
0.0902779
0.0891841
0.0881034
0.0870415
0.0860066
0.085009
0.0840606
0.0831736
0.0823603
0.081632
0.0809982
0.0804663
0.0800412
0.0797248
0.0795165
0.0794126
0.079407
0.0794911
0.0796543
0.0798843
0.0801673
0.0804888
0.0808339
0.0811875
0.0815352
0.0818634
0.0821598
0.0824139
0.0826171
0.082763
0.0828477
0.0828696
0.0828296
0.0827307
0.0825783
0.0823794
0.0821429
0.0818785
0.0815972
0.0813103
0.0810295
0.0807665
0.0805326
0.0803388
0.0801954
0.0801123
0.0800988
0.0801636
0.0803149
0.0805608
0.0809092
0.081368
0.0819452
0.082649
0.083488
0.0844709
0.0856068
0.0869046
0.0883733
0.0900213
0.0918562
0.0938845
0.0961111
0.0985389
0.101168
0.103997
0.10702
0.110227
0.113608
0.117145
0.120819
0.124609
0.128487
0.132426
0.136396
0.140365
0.1443
0.148169
0.15194
0.155581
0.159064
0.16236
0.165446
0.1683
0.170903
0.173241
0.175302
0.177079
0.178567
0.179765
0.180674
0.1813
0.18165
0.181734
0.181565
0.181157
0.180525
0.179688
0.178663
0.17747
0.17613
0.174662
0.173086
0.171423
0.16969
0.167905
0.166085
0.164245
0.162395
0.160548
0.158712
0.156892
0.155092
0.153316
0.151563
0.149833
0.148123
0.146432
0.144756
0.143093
0.141441
0.139797
0.138163
0.136538
0.134924
0.133326
0.131747
0.130195
0.128677
0.1272
0.125773
0.124406
0.123107
0.121886
0.120752
0.119713
0.118775
0.117945
0.117228
0.116627
0.116146
0.115786
0.115546
0.115425
0.11542
0.115529
0.115745
0.116063
0.116476
0.116976
0.117555
0.118204
0.118911
0.119668
0.120464
0.121286
0.122124
0.122966
0.123801
0.124618
0.125404
0.126151
0.126847
0.127484
0.128052
0.128545
0.128955
0.129278
0.129508
0.129643
0.129683
0.129625
0.129473
0.129228
0.128895
0.128479
0.127986
0.127425
0.126803
0.126132
0.12542
0.124681
0.123925
0.123164
0.122412
0.12168
0.120982
0.120329
0.119733
0.119206
0.118758
0.118399
0.118137
0.117978
0.11793
0.117994
0.118174
0.11847
0.118881
0.119401
0.120027
0.120751
0.121565
0.122458
0.12342
0.124439
0.125502
0.126599
0.127715
0.128839
0.129961
0.131068
0.132151
0.1332
0.134205
0.135158
0.13605
0.136874
0.13762
0.138282
0.138852
0.139324
0.139692
0.139954
0.140107
0.140153
0.140094
0.139938
0.139692
0.139371
0.138986
0.138555
0.138094
0.137619
0.137146
0.136688
0.136255
0.135854
0.135486
0.13515
0.134838
0.134539
0.134239
0.133921
0.133566
0.133155
0.132669
0.13209
0.131404
0.1306
0.129669
0.128608
0.127417
0.1261
0.124662
0.123112
0.12146
0.119716
0.117889
0.115989
0.114021
0.111992
0.109904
0.107759
0.105558
0.103305
0.101001
0.098653
0.0962697
0.0938643
0.0914541
0.0890607
0.0867093
0.0844277
0.0822453
0.0801914
0.0782937
0.0765771
0.075062
0.0737634
0.0726907
0.0718466
0.0712281
0.0708263
0.0706274
0.078028
