0.0980203
0.0979722
0.0979057
0.0978186
0.0977093
0.0975769
0.0974212
0.097243
0.0970437
0.0968256
0.0965917
0.0963454
0.096091
0.0958326
0.0955747
0.0953217
0.095078
0.0948475
0.0946337
0.0944396
0.0942677
0.09412
0.093998
0.0939026
0.0938346
0.0937941
0.0937813
0.0937964
0.0938393
0.0939101
0.0940088
0.0941358
0.0942912
0.0944752
0.0946882
0.0949303
0.0952016
0.095502
0.0958311
0.0961886
0.0965736
0.0969853
0.0974225
0.0978839
0.098368
0.0988735
0.0993986
0.0999418
0.100501
0.101076
0.101664
0.102263
0.102873
0.103491
0.104117
0.104749
0.105386
0.106026
0.106667
0.107308
0.107949
0.108586
0.109218
0.109844
0.110461
0.111068
0.111663
0.112244
0.112808
0.113353
0.113879
0.114382
0.114861
0.115314
0.11574
0.116137
0.116504
0.116841
0.117146
0.11742
0.117662
0.117873
0.118052
0.118201
0.118321
0.118412
0.118476
0.118514
0.118528
0.118519
0.118488
0.118437
0.118368
0.118282
0.118181
0.118066
0.117939
0.117801
0.117654
0.117498
0.117336
0.117169
0.116997
0.116823
0.116648
0.116473
0.1163
0.116129
0.115962
0.1158
0.115644
0.115496
0.115356
0.115226
0.115106
0.114997
0.1149
0.114816
0.114747
0.114691
0.114651
0.114626
0.114619
0.114628
0.114655
0.1147
0.114763
0.114846
0.114947
0.115066
0.115204
0.11536
0.115533
0.115722
0.115926
0.116142
0.11637
0.116608
0.116852
0.117101
0.117352
0.117602
0.117849
0.118089
0.11832
0.11854
0.118745
0.118932
0.119101
0.119247
0.11937
0.119468
0.11954
0.119583
0.119598
0.119584
0.11954
0.119467
0.119365
0.119236
0.119079
0.118897
0.118691
0.118463
0.118215
0.117951
0.117672
0.117382
0.117084
0.11678
0.116475
0.116172
0.115874
0.115584
0.115305
0.11504
0.114793
0.114565
0.114358
0.114175
0.114017
0.113885
0.11378
0.113702
0.11365
0.113625
0.113626
0.11365
0.113698
0.113767
0.113855
0.113961
0.114082
0.114216
0.114361
0.114515
0.114675
0.11484
0.115008
0.115177
0.115345
0.115512
0.115677
0.115837
0.115993
0.116145
0.116291
0.116432
0.116568
0.1167
0.116829
0.116955
0.11708
0.117204
0.117331
0.117461
0.117597
0.11774
0.117893
0.118057
0.118235
0.118429
0.11864
0.118871
0.119121
0.119393
0.119688
0.120005
0.120346
0.120711
0.121098
0.121509
0.121942
0.122397
0.122874
0.123371
0.123887
0.124423
0.124976
0.125545
0.126131
0.126731
0.127345
0.127972
0.128609
0.129257
0.129914
0.130577
0.131248
0.131923
0.132602
0.133285
0.13397
0.134657
0.135347
0.136038
0.136732
0.137429
0.138131
0.138837
0.139549
0.140267
0.140993
0.141727
0.14247
0.14322
0.143978
0.144743
0.145513
0.146286
0.14706
0.147833
0.1486
0.14936
0.150108
0.150841
0.151555
0.152247
0.152911
0.153546
0.154146
0.15471
0.155233
0.155712
0.156144
0.156526
0.156856
0.15713
0.157346
0.157502
0.157595
0.157625
0.157588
0.157484
0.157311
0.157071
0.156761
0.156384
0.15594
0.170643
