0.168773
0.170627
0.172386
0.174031
0.17554
0.176897
0.178084
0.179085
0.17989
0.180486
0.180866
0.181025
0.18096
0.180671
0.18016
0.179433
0.178497
0.17736
0.176034
0.174531
0.172866
0.171054
0.169111
0.167054
0.1649
0.162669
0.160378
0.158046
0.155691
0.153332
0.150985
0.148669
0.146399
0.14419
0.142056
0.140008
0.138057
0.13621
0.134473
0.13285
0.131342
0.129947
0.128662
0.127483
0.126402
0.125412
0.124502
0.123665
0.12289
0.122167
0.121487
0.120842
0.120223
0.119625
0.119041
0.118466
0.117898
0.117333
0.116768
0.116203
0.115636
0.115066
0.114494
0.113918
0.113338
0.112754
0.112166
0.111575
0.11098
0.110381
0.109779
0.109175
0.108569
0.107964
0.107359
0.106756
0.106157
0.105562
0.104974
0.104393
0.10382
0.103255
0.1027
0.102153
0.101614
0.101084
0.10056
0.100043
0.0995323
0.0990263
0.0985251
0.0980286
0.0975372
0.0970515
0.096573
0.0961034
0.095645
0.0952006
0.0947737
0.094368
0.0939876
0.093637
0.093321
0.0930444
0.0928122
0.0926295
0.0925011
0.0924318
0.0924261
0.0924881
0.0926215
0.0928296
0.0931149
0.0934793
0.0939239
0.0944488
0.0950535
0.0957362
0.0964942
0.0973238
0.0982202
0.0991778
0.10019
0.101248
0.102345
0.103472
0.104618
0.105774
0.106929
0.108073
0.109197
0.110289
0.111341
0.112343
0.113288
0.114167
0.114976
0.115708
0.11636
0.116929
0.117413
0.117812
0.118128
0.118363
0.11852
0.118604
0.118621
0.118577
0.11848
0.118338
0.118159
0.117954
0.11773
0.117497
0.117263
0.117038
0.116829
0.116644
0.116489
0.11637
0.116291
0.116255
0.116265
0.116321
0.116424
0.116571
0.11676
0.116987
0.117248
0.117538
0.117849
0.118177
0.118514
0.118853
0.119187
0.11951
0.119816
0.120098
0.120352
0.120573
0.12076
0.120909
0.121019
0.121091
0.121127
0.121128
0.1211
0.121046
0.120972
0.120887
0.120796
0.120709
0.120633
0.120577
0.12055
0.120559
0.120611
0.120714
0.120873
0.121091
0.121371
0.121714
0.12212
0.122586
0.123107
0.123678
0.124291
0.124937
0.125605
0.126284
0.126962
0.127626
0.128262
0.128858
0.129401
0.129879
0.13028
0.130593
0.130811
0.130924
0.130928
0.130817
0.130588
0.130242
0.129777
0.129197
0.128505
0.127706
0.126807
0.125817
0.124743
0.123595
0.122385
0.121123
0.119821
0.118492
0.117147
0.115798
0.114458
0.113138
0.11185
0.110603
0.109409
0.108275
0.107211
0.106223
0.105318
0.104499
0.10377
0.103133
0.102589
0.102136
0.101773
0.101496
0.101301
0.10118
0.101128
0.101135
0.101192
0.101291
0.101422
0.101574
0.101737
0.101903
0.102064
0.102211
0.10234
0.102445
0.102525
0.102578
0.102605
0.102608
0.10259
0.102555
0.102506
0.102449
0.102387
0.102324
0.102261
0.102201
0.102143
0.102087
0.102034
0.10198
0.101927
0.101872
0.101817
0.101762
0.101709
0.10166
0.101619
0.101587
0.101569
0.101568
0.101584
0.101619
0.101672
0.101742
0.101826
0.113975
