0.118362
0.119246
0.120238
0.121343
0.122561
0.123894
0.125342
0.126905
0.128582
0.130371
0.132271
0.134277
0.136387
0.138595
0.140894
0.143277
0.145733
0.148249
0.150809
0.153394
0.155984
0.158555
0.161081
0.163534
0.165886
0.168107
0.170171
0.172051
0.173722
0.175163
0.176356
0.177287
0.177946
0.178327
0.178427
0.17825
0.1778
0.177086
0.176121
0.174917
0.173491
0.171861
0.170044
0.168061
0.165933
0.16368
0.161324
0.158885
0.156386
0.153847
0.151289
0.148733
0.146197
0.143701
0.141262
0.138896
0.136616
0.134435
0.132363
0.130407
0.128573
0.126865
0.125283
0.123826
0.122491
0.121273
0.120168
0.119166
0.118262
0.117447
0.116714
0.116054
0.11546
0.114926
0.114446
0.114013
0.113624
0.113275
0.112963
0.112684
0.112438
0.112222
0.112035
0.111877
0.111747
0.111645
0.11157
0.111523
0.111504
0.111513
0.11155
0.111616
0.111708
0.111829
0.111976
0.112148
0.112344
0.112561
0.112797
0.113049
0.113311
0.113581
0.113852
0.11412
0.114378
0.11462
0.114842
0.115036
0.115196
0.115318
0.115396
0.115427
0.115406
0.115332
0.115202
0.115015
0.114773
0.114477
0.114129
0.113733
0.113294
0.112817
0.112309
0.111776
0.111226
0.110668
0.110109
0.109559
0.109026
0.108519
0.108046
0.107616
0.107238
0.106917
0.106662
0.106478
0.10637
0.106345
0.106404
0.106551
0.106788
0.107116
0.107533
0.108039
0.10863
0.109304
0.110055
0.110878
0.111765
0.11271
0.113703
0.114736
0.115799
0.116883
0.117976
0.11907
0.120154
0.121219
0.122257
0.123259
0.124218
0.12513
0.125989
0.126793
0.127541
0.128231
0.128866
0.129448
0.129983
0.130474
0.130929
0.131356
0.13176
0.132151
0.132536
0.132923
0.133318
0.133727
0.134154
0.134604
0.135077
0.135575
0.136093
0.136631
0.137182
0.137739
0.138296
0.138842
0.139367
0.139861
0.140312
0.140709
0.141041
0.141297
0.141466
0.141539
0.141509
0.141367
0.141108
0.140727
0.140223
0.139592
0.138836
0.137955
0.136955
0.135838
0.134612
0.133283
0.131862
0.130359
0.128785
0.127152
0.125474
0.123764
0.122037
0.120308
0.118591
0.116899
0.115245
0.113644
0.112104
0.110637
0.109249
0.107949
0.106739
0.105622
0.1046
0.10367
0.102829
0.102073
0.101396
0.10079
0.100247
0.0997587
0.0993155
0.0989083
0.0985281
0.0981659
0.0978138
0.0974644
0.0971109
0.0967478
0.0963703
0.0959747
0.0955581
0.0951186
0.0946551
0.0941671
0.0936548
0.093119
0.0925609
0.0919821
0.0913846
0.0907705
0.0901425
0.089503
0.088855
0.0882014
0.0875455
0.0868906
0.0862401
0.0855975
0.0849662
0.0843499
0.0837519
0.0831754
0.0826236
0.0820991
0.0816043
0.0811413
0.0807117
0.0803165
0.0799564
0.0796315
0.0793412
0.0790845
0.0788596
0.0786642
0.078495
0.0783485
0.0782201
0.0781049
0.0779979
0.0778937
0.0777875
0.0776753
0.0775545
0.0774238
0.0772847
0.0771406
0.0769979
0.0768651
0.0767531
0.0766739
0.0766403
0.0766644
0.0767572
0.0769268
0.0771783
0.0866821
