0.235753
0.241708
0.24728
0.252231
0.256399
0.259716
0.262203
0.263968
0.26518
0.266037
0.266742
0.267467
0.268333
0.269397
0.270648
0.272015
0.273383
0.274614
0.275573
0.276143
0.276248
0.27586
0.275005
0.273755
0.272223
0.27055
0.268888
0.267389
0.266189
0.265401
0.265109
0.265362
0.266177
0.267541
0.269416
0.271743
0.274447
0.277449
0.280661
0.283999
0.287382
0.290735
0.293992
0.297096
0.299997
0.302656
0.30504
0.307125
0.308893
0.310332
0.311433
0.312191
0.312604
0.312672
0.312396
0.311778
0.310821
0.309528
0.307902
0.305948
0.30367
0.301073
0.298163
0.294946
0.291431
0.287628
0.283548
0.279205
0.274611
0.269786
0.264746
0.259512
0.254105
0.248548
0.242864
0.237078
0.231214
0.225298
0.219354
0.213406
0.207478
0.201592
0.19577
0.190031
0.184395
0.178878
0.173495
0.168261
0.163187
0.158285
0.153564
0.149033
0.144698
0.140567
0.136645
0.132938
0.129451
0.126189
0.123156
0.12036
0.117804
0.115495
0.113439
0.111642
0.110112
0.108856
0.10788
0.107191
0.106794
0.106696
0.106899
0.107407
0.108219
0.109333
0.110746
0.112447
0.114427
0.116668
0.119153
0.121856
0.12475
0.127802
0.130976
0.13423
0.137521
0.1408
0.144019
0.147125
0.150065
0.152787
0.155238
0.157367
0.159126
0.160473
0.161366
0.161773
0.161665
0.161022
0.159831
0.158085
0.155788
0.152949
0.149588
0.14573
0.141407
0.136658
0.131529
0.126067
0.120326
0.114359
0.108225
0.101978
0.0956755
0.0893713
0.0831169
0.0769604
0.0709459
0.0651127
0.0594952
0.0541224
0.0490181
0.0442004
0.0396822
0.0354715
0.0315716
0.0279812
0.0246955
0.0217062
0.0190023
0.0165703
0.0143953
0.0124608
0.0107498
0.00924465
0.00792811
0.00678316
0.00579355
0.00494408
0.00422079
0.00361123
0.00310463
0.0026921
0.00236681
0.00212419
0.00196209
0.00188102
0.00188428
0.00197826
0.00217253
0.00248008
0.00291739
0.00350448
0.00426481
0.00522509
0.00641487
0.00786585
0.00961108
0.0116837
0.0141155
0.0169351
0.0201663
0.0238252
0.0279186
0.032441
0.0373732
0.0426796
0.0483075
0.0541861
0.0602265
0.0663228
0.0723546
0.0781895
0.0836875
0.0887063
0.0931065
0.0967581
0.0995463
0.101377
0.102184
0.101928
0.100604
0.0982421
0.0949021
0.0906756
0.0856801
0.0800534
0.0739477
0.0675221
0.060936
0.0543422
0.0478808
0.0416745
0.0358249
0.0304105
0.025486
0.0210831
0.0172119
0.0138642
0.0110163
0.00863272
0.0066701
0.00508019
0.00381311
0.00281979
0.00205385
0.00147303
0.00103996
0.000722518
0.000493814
0.000331907
0.000219307
0.000142401
9.08305e-05
5.68898e-05
3.49736e-05
2.10942e-05
1.24771e-05
7.23422e-06
4.10966e-06
2.2865e-06
1.24543e-06
6.63942e-07
3.46398e-07
1.76926e-07
8.8559e-08
4.3545e-08
2.11349e-08
1.0217e-08
4.99647e-09
2.53134e-09
1.36843e-09
8.09212e-10
5.26735e-10
3.71669e-10
2.77103e-10
2.13308e-10
1.66896e-10
1.31539e-10
1.03945e-10
8.21718e-11
6.49177e-11
5.12308e-11
4.03783e-11
3.17824e-11
2.49827e-11
1.96117e-11
1.53755e-11
1.20397e-11
9.41762e-12
7.36063e-12
5.75098e-12
4.49567e-12
3.52168e-12
2.7724e-12
2.20494e-12
1.7886e-12
1.50481e-12
1.34955e-12
1.34068e-12
1.73822e-12
