0.000198499
0.000177779
0.00016909
0.00016922
0.000176283
0.000189227
0.00020753
0.000231021
0.000259766
0.000294006
0.00033412
0.0003806
0.000434047
0.000495156
0.000564723
0.000643639
0.000732895
0.000833585
0.00094691
0.00107418
0.00121682
0.00137638
0.00155453
0.00175306
0.00197391
0.00221914
0.00249095
0.0027917
0.00312387
0.0034901
0.00389316
0.00433596
0.00482158
0.00535319
0.00593411
0.00656779
0.00725779
0.00800775
0.00882143
0.00970265
0.0106553
0.0116832
0.0127904
0.0139808
0.0152583
0.0166268
0.0180899
0.0196514
0.0213147
0.0230832
0.02496
0.0269478
0.0290494
0.0312669
0.0336023
0.0360571
0.0386323
0.0413286
0.0441462
0.0470846
0.050143
0.0533199
0.0566132
0.0600203
0.063538
0.0671623
0.0708889
0.0747127
0.078628
0.0826285
0.0867076
0.0908579
0.0950717
0.0993408
0.103657
0.10801
0.112392
0.116794
0.121205
0.125617
0.130019
0.134402
0.138757
0.143075
0.147348
0.151566
0.155722
0.159809
0.16382
0.167749
0.171591
0.175341
0.178995
0.18255
0.186004
0.189355
0.192603
0.195747
0.198788
0.201728
0.204568
0.20731
0.209957
0.212513
0.21498
0.217362
0.219661
0.221882
0.224027
0.226099
0.2281
0.230031
0.231894
0.233689
0.235416
0.237073
0.238658
0.240169
0.241601
0.242951
0.244213
0.245382
0.24645
0.247412
0.24826
0.248986
0.249584
0.250047
0.250368
0.250541
0.250561
0.250424
0.250126
0.249667
0.249046
0.248265
0.247327
0.246238
0.245005
0.243638
0.242149
0.240549
0.238856
0.237085
0.235256
0.233387
0.231501
0.229617
0.227757
0.225944
0.224198
0.22254
0.220989
0.219561
0.218271
0.217133
0.216155
0.215342
0.214699
0.214222
0.213908
0.213745
0.213722
0.213819
0.214016
0.214288
0.214607
0.214941
0.215257
0.215522
0.215698
0.215749
0.21564
0.215337
0.214807
0.21402
0.21295
0.211576
0.209881
0.207855
0.205492
0.202794
0.19977
0.196436
0.192817
0.188942
0.184848
0.180582
0.176191
0.171734
0.167269
0.16286
0.158575
0.154479
0.15064
0.147123
0.143988
0.141293
0.139085
0.137405
0.136284
0.135741
0.135781
0.136396
0.137566
0.139252
0.141404
0.143955
0.146828
0.149931
0.153163
0.156417
0.159578
0.162532
0.165162
0.167359
0.169019
0.170049
0.170368
0.169913
0.168636
0.166511
0.163529
0.159705
0.15507
0.149677
0.143596
0.136912
0.129723
0.122138
0.114274
0.106254
0.0982027
0.0902468
0.0825119
0.0751216
0.0681965
0.0618538
0.0562066
0.0513641
0.0474301
0.0445025
0.0426712
0.0420144
0.0425949
0.0444542
0.0476059
0.0520279
0.0576553
0.0643731
0.0720113
0.0803423
0.0890825
0.0978989
0.10642
0.114253
0.121004
0.126305
0.129837
0.131355
0.130712
0.127869
0.122903
0.116008
0.107475
0.0976746
0.0870302
0.0759824
0.0649589
0.0543447
0.0444591
0.0355402
0.0277383
0.0211182
0.0156688
0.011318
0.00794984
0.00542334
0.00358836
0.00229926
0.00142431
0.000851378
0.000490018
0.000270905
0.00014346
7.25367e-05
3.48882e-05
1.58922e-05
6.82026e-06
2.74023e-06
1.02276e-06
3.51183e-07
1.09556e-07
3.05397e-08
7.43365e-09
1.52716e-09
2.50686e-10
2.96982e-11
1.98072e-12
2.41791e-14
