0.112855
0.113363
0.115051
0.117958
0.122075
0.127349
0.133679
0.140919
0.148892
0.157397
0.166227
0.175189
0.184118
0.192889
0.201421
0.209685
0.217689
0.225473
0.23309
0.240589
0.248005
0.255342
0.262564
0.269602
0.276349
0.282675
0.288439
0.293501
0.297737
0.301051
0.303381
0.30471
0.305059
0.304488
0.303088
0.300973
0.298273
0.295119
0.291643
0.287962
0.284183
0.280389
0.276648
0.273006
0.269491
0.266115
0.262878
0.259768
0.256766
0.253848
0.250985
0.24815
0.245315
0.242454
0.239545
0.236568
0.233508
0.230354
0.227102
0.22375
0.220302
0.216768
0.213158
0.209491
0.205786
0.202065
0.198353
0.194676
0.19106
0.187533
0.18412
0.180847
0.177736
0.174809
0.172085
0.16958
0.167308
0.165281
0.163506
0.161991
0.160739
0.159754
0.159035
0.158583
0.158397
0.158473
0.15881
0.159405
0.160254
0.161355
0.162703
0.164295
0.166127
0.168193
0.170486
0.173
0.175726
0.178651
0.181763
0.185045
0.188478
0.19204
0.195707
0.199448
0.203233
0.207026
0.21079
0.214484
0.218066
0.221492
0.224718
0.227699
0.230392
0.232752
0.23474
0.236318
0.237453
0.238116
0.238281
0.237932
0.237056
0.235647
0.233706
0.231241
0.228265
0.2248
0.220871
0.21651
0.211754
0.206643
0.201221
0.195534
0.189631
0.183558
0.177366
0.171101
0.164808
0.158531
0.152311
0.146182
0.140179
0.13433
0.128659
0.123186
0.117926
0.112891
0.108087
0.103519
0.0991858
0.0950851
0.0912111
0.0875559
0.08411
0.0808621
0.0778003
0.0749117
0.0721832
0.0696018
0.0671544
0.0648286
0.0626127
0.0604954
0.0584667
0.0565173
0.0546391
0.052825
0.0510691
0.0493667
0.0477143
0.0461095
0.0445514
0.0430402
0.0415779
0.0401678
0.0388148
0.037526
0.0363101
0.0351781
0.0341434
0.0332217
0.0324314
0.0317931
0.0313304
0.0310689
0.0310362
0.0312616
0.0317749
0.0326058
0.0337827
0.0353315
0.0372734
0.039624
0.042391
0.0455722
0.0491543
0.0531111
0.0574021
0.0619723
0.0667514
0.0716551
0.0765857
0.0814347
0.0860857
0.0904176
0.0943092
0.0976437
0.100313
0.102225
0.103302
0.103493
0.102767
0.101124
0.0985884
0.0952125
0.0910723
0.0862652
0.0809053
0.0751192
0.0690396
0.0628008
0.0565324
0.0503555
0.0443779
0.0386916
0.0333703
0.0284688
0.0240228
0.0200501
0.0165522
0.0135166
0.0109196
0.00872896
0.00690671
0.0054116
0.0042014
0.00323476
0.00247259
0.00187911
0.00142246
0.00107498
0.000813187
0.000617635
0.000472522
0.000365278
0.000286098
0.000227475
0.000183768
0.000150806
0.000125559
0.000105856
9.01638e-05
7.74069e-05
6.68388e-05
5.7941e-05
5.03514e-05
4.38141e-05
3.81442e-05
3.32043e-05
2.88888e-05
2.51138e-05
2.18103e-05
1.89201e-05
1.63932e-05
1.41862e-05
1.22607e-05
1.05829e-05
9.12286e-06
7.85398e-06
6.75276e-06
5.79834e-06
4.97229e-06
4.25834e-06
3.64212e-06
3.11099e-06
2.65384e-06
2.26089e-06
1.92361e-06
1.63451e-06
1.38706e-06
1.17554e-06
9.95007e-07
8.41134e-07
7.1018e-07
5.989e-07
5.04489e-07
4.24528e-07
3.56934e-07
2.9992e-07
2.51957e-07
2.11747e-07
1.78192e-07
1.50379e-07
1.27562e-07
1.09161e-07
9.47614e-08
8.4148e-08
7.73583e-08
7.48063e-08
7.75174e-08
9.90954e-08
