0.0873144
0.0869936
0.0867231
0.0865041
0.0863374
0.0862232
0.0861614
0.0861506
0.0861892
0.0862746
0.0864036
0.0865727
0.086778
0.0870155
0.0872812
0.0875713
0.0878824
0.0882113
0.0885552
0.0889118
0.0892789
0.0896547
0.0900374
0.0904254
0.090817
0.0912107
0.0916047
0.0919974
0.0923871
0.0927721
0.0931511
0.0935228
0.0938863
0.094241
0.0945866
0.0949235
0.0952523
0.0955741
0.0958905
0.0962033
0.0965149
0.0968276
0.0971442
0.0974676
0.0978006
0.098146
0.0985068
0.0988855
0.0992845
0.099706
0.100152
0.100623
0.101121
0.101646
0.102197
0.102776
0.10338
0.104007
0.104657
0.105327
0.106014
0.106716
0.107428
0.108149
0.108874
0.1096
0.110324
0.111043
0.111754
0.112454
0.11314
0.11381
0.114463
0.115096
0.115709
0.116299
0.116868
0.117413
0.117936
0.118437
0.118916
0.119374
0.119812
0.120232
0.120636
0.121024
0.121399
0.121764
0.12212
0.122469
0.122814
0.123157
0.123499
0.123842
0.124189
0.124538
0.124892
0.12525
0.125613
0.125979
0.126346
0.126714
0.12708
0.127442
0.127796
0.128139
0.128467
0.128778
0.129067
0.129331
0.129566
0.12977
0.129939
0.13007
0.130162
0.130212
0.130221
0.130186
0.130108
0.129987
0.129824
0.129621
0.129379
0.1291
0.128787
0.128443
0.128072
0.127677
0.127261
0.126829
0.126385
0.125932
0.125475
0.125017
0.124563
0.124116
0.123678
0.123253
0.122844
0.122452
0.122079
0.121726
0.121394
0.121082
0.120791
0.120519
0.120266
0.120029
0.119808
0.119598
0.1194
0.119209
0.119023
0.118841
0.11866
0.118478
0.118293
0.118103
0.117909
0.117708
0.117502
0.117289
0.117071
0.116847
0.116621
0.116393
0.116164
0.115938
0.115716
0.115501
0.115296
0.115101
0.114921
0.114757
0.114611
0.114484
0.114379
0.114297
0.114239
0.114204
0.114193
0.114206
0.114242
0.114299
0.114377
0.114474
0.114587
0.114714
0.114853
0.114999
0.115151
0.115306
0.115459
0.115608
0.115749
0.115881
0.115999
0.116103
0.116189
0.116257
0.116305
0.116332
0.11634
0.116328
0.116297
0.11625
0.116189
0.116116
0.116036
0.115952
0.115868
0.115789
0.115719
0.115664
0.115627
0.115614
0.115628
0.115674
0.115755
0.115875
0.116035
0.116237
0.116484
0.116777
0.117115
0.117498
0.117926
0.118398
0.118911
0.119464
0.120054
0.120679
0.121335
0.122019
0.122726
0.123454
0.124198
0.124954
0.125718
0.126486
0.127253
0.128017
0.128774
0.12952
0.130254
0.130974
0.131677
0.132363
0.133032
0.133684
0.13432
0.13494
0.135547
0.136141
0.136726
0.137301
0.137868
0.13843
0.138986
0.139537
0.140082
0.140622
0.141154
0.141678
0.142191
0.142691
0.143176
0.143643
0.144088
0.14451
0.144905
0.14527
0.145602
0.145899
0.146156
0.146372
0.146542
0.146664
0.146736
0.146753
0.146713
0.146614
0.146454
0.14623
0.145941
0.145587
0.145169
0.144686
0.144141
0.143537
0.142877
0.142166
0.141409
0.140611
0.13978
0.138921
0.138042
0.13715
0.136251
0.149289
