0.0572097
0.0566957
0.0562394
0.0558199
0.0554218
0.0550359
0.0546596
0.0542964
0.0539547
0.0536463
0.0533849
0.0531846
0.0530587
0.0530189
0.0530743
0.0532312
0.0534929
0.0538596
0.0543282
0.0548931
0.0555456
0.056275
0.0570683
0.0579108
0.0587867
0.0596792
0.0605713
0.0614462
0.0622878
0.0630814
0.0638141
0.0644751
0.0650561
0.0655519
0.0659598
0.0662803
0.0665165
0.066674
0.0667609
0.0667868
0.0667629
0.0667012
0.0666142
0.0665142
0.0664135
0.0663233
0.066254
0.0662149
0.0662139
0.0662578
0.0663521
0.0665012
0.0667088
0.0669778
0.0673104
0.0677089
0.0681752
0.0687115
0.0693199
0.0700029
0.070763
0.0716029
0.0725251
0.0735317
0.0746246
0.0758043
0.0770706
0.0784219
0.0798547
0.0813642
0.0829438
0.0845852
0.0862788
0.0880139
0.0897794
0.091564
0.0933573
0.0951499
0.0969348
0.0987073
0.100466
0.102214
0.103956
0.105704
0.107472
0.109278
0.111142
0.113089
0.115142
0.117327
0.119669
0.122189
0.124908
0.12784
0.130996
0.134379
0.137988
0.141814
0.145838
0.150039
0.154386
0.158841
0.163363
0.167904
0.172413
0.176837
0.18112
0.185207
0.189042
0.192572
0.195748
0.198522
0.200855
0.202711
0.204061
0.204884
0.205167
0.204904
0.204097
0.202757
0.200903
0.198562
0.195768
0.192561
0.188987
0.185098
0.180947
0.176593
0.172094
0.167509
0.162898
0.158315
0.153814
0.149444
0.145249
0.141269
0.137536
0.134077
0.130912
0.128057
0.125519
0.123302
0.121402
0.119812
0.118521
0.117513
0.11677
0.116272
0.115997
0.115921
0.11602
0.11627
0.116647
0.117128
0.117688
0.118308
0.118966
0.119644
0.120324
0.120991
0.12163
0.122228
0.122777
0.123266
0.123689
0.12404
0.124316
0.124516
0.124639
0.124687
0.124663
0.124571
0.124417
0.124209
0.123953
0.12366
0.123338
0.122998
0.12265
0.122304
0.121972
0.121663
0.121387
0.121153
0.120968
0.120841
0.120778
0.120782
0.120858
0.121007
0.12123
0.121527
0.121896
0.122334
0.122836
0.123397
0.124012
0.124674
0.125377
0.126113
0.126875
0.127657
0.128453
0.129256
0.130063
0.130869
0.131673
0.132471
0.133265
0.134056
0.134845
0.135637
0.136436
0.137247
0.138078
0.138935
0.139824
0.140753
0.141728
0.142754
0.143837
0.144979
0.146181
0.147444
0.148763
0.150136
0.151553
0.153008
0.154488
0.155982
0.157476
0.158956
0.160408
0.161816
0.163167
0.164447
0.165642
0.166741
0.16773
0.168598
0.169334
0.169926
0.170362
0.170631
0.17072
0.170617
0.170312
0.169795
0.169057
0.168096
0.166909
0.165502
0.163882
0.162065
0.160071
0.157923
0.155651
0.153284
0.150856
0.148398
0.145938
0.143504
0.141116
0.138791
0.136538
0.134359
0.132254
0.130214
0.128229
0.126285
0.124367
0.122461
0.120553
0.118633
0.116694
0.114734
0.112753
0.110757
0.108755
0.106758
0.104779
0.102831
0.100927
0.099075
0.0972819
0.0955494
0.0938751
0.0922524
0.0906715
0.0891211
0.0875894
0.0860669
0.0845478
0.0830319
0.0815258
0.0800436
0.0786064
0.0772416
0.0759814
0.0832135
