0.105425
0.105526
0.105458
0.105216
0.104805
0.10424
0.103544
0.102743
0.101865
0.100936
0.0999756
0.0990019
0.0980262
0.0970554
0.096093
0.0951403
0.0941979
0.0932668
0.0923495
0.0914503
0.0905761
0.0897356
0.0889393
0.0881986
0.0875252
0.0869305
0.0864243
0.0860149
0.0857081
0.0855071
0.0854122
0.085421
0.0855281
0.0857255
0.086003
0.0863484
0.0867476
0.0871857
0.0876468
0.0881149
0.0885742
0.0890094
0.0894068
0.0897538
0.0900399
0.0902568
0.0903987
0.0904621
0.0904463
0.0903532
0.0901871
0.0899545
0.0896642
0.0893266
0.0889536
0.0885582
0.0881544
0.0877567
0.0873798
0.0870386
0.0867479
0.0865222
0.0863758
0.0863228
0.0863766
0.0865508
0.0868584
0.0873122
0.0879248
0.0887087
0.0896759
0.090838
0.0922059
0.0937896
0.0955981
0.0976385
0.099916
0.102433
0.105191
0.108184
0.111406
0.114845
0.118485
0.122306
0.126282
0.130384
0.134578
0.138826
0.143087
0.147319
0.151478
0.155517
0.159394
0.163064
0.166489
0.169631
0.172459
0.174946
0.177071
0.178821
0.180187
0.181168
0.18177
0.182004
0.181888
0.181443
0.180697
0.179678
0.178421
0.176958
0.175325
0.173557
0.171688
0.169752
0.167777
0.165794
0.163826
0.161895
0.16002
0.158215
0.15649
0.154853
0.153307
0.151852
0.150487
0.149205
0.147998
0.146858
0.145773
0.14473
0.143718
0.142723
0.141732
0.140735
0.139722
0.138682
0.137611
0.136502
0.135354
0.134167
0.132942
0.131685
0.130402
0.129102
0.127794
0.126489
0.125201
0.12394
0.12272
0.121553
0.120451
0.119424
0.118483
0.117635
0.116887
0.116245
0.11571
0.115286
0.114971
0.114764
0.114661
0.114658
0.114748
0.114925
0.115179
0.115502
0.115885
0.116318
0.116791
0.117294
0.117816
0.118348
0.118881
0.119406
0.119914
0.120398
0.120852
0.121268
0.121642
0.12197
0.122247
0.122472
0.122642
0.122756
0.122814
0.122816
0.122765
0.122661
0.122508
0.122309
0.122068
0.121789
0.121476
0.121136
0.120775
0.120397
0.120011
0.119622
0.119238
0.118865
0.118512
0.118184
0.117888
0.117632
0.117421
0.11726
0.117154
0.117107
0.11712
0.117196
0.117336
0.117537
0.117799
0.118118
0.118491
0.118912
0.119377
0.119879
0.120414
0.120973
0.121553
0.122145
0.122745
0.123346
0.123943
0.124529
0.1251
0.125647
0.126166
0.126649
0.127089
0.127478
0.127811
0.128081
0.128283
0.128412
0.128468
0.128451
0.128363
0.128211
0.128002
0.127748
0.12746
0.127153
0.12684
0.126536
0.126252
0.126
0.125786
0.125615
0.125488
0.125401
0.125347
0.125317
0.125298
0.125276
0.125235
0.125162
0.125042
0.124862
0.124613
0.124288
0.123882
0.123394
0.122826
0.122182
0.121465
0.120682
0.11984
0.118942
0.117993
0.116995
0.115947
0.114849
0.113697
0.112487
0.111216
0.109881
0.108482
0.107022
0.105508
0.103949
0.10236
0.100761
0.0991723
0.0976184
0.0961238
0.0947125
0.093407
0.0922264
0.0911858
0.0902954
0.0895599
0.0889791
0.0885472
0.088254
0.0880855
0.0880247
0.0880523
0.0973503
