1.04141e-84
1.23245e-84
3.03602e-84
8.30284e-84
2.31587e-83
8.22e-83
1.16607e-81
4.28201e-80
1.54434e-78
4.90894e-77
1.38491e-75
3.50882e-74
8.06396e-73
1.69505e-71
3.28161e-70
5.88626e-69
9.83237e-68
1.5363e-66
2.25419e-65
3.11677e-64
4.07343e-63
5.04615e-62
5.94003e-61
6.65933e-60
7.12495e-59
7.2889e-58
7.14208e-57
6.71371e-56
6.06342e-55
5.26845e-54
4.40973e-53
3.55975e-52
2.7745e-51
2.09007e-50
1.52324e-49
1.07499e-48
7.35266e-48
4.87798e-47
3.14141e-46
1.96523e-45
1.19511e-44
7.0695e-44
4.0703e-43
2.28233e-42
1.24707e-41
6.64342e-41
3.4523e-40
1.75086e-39
8.67013e-39
4.19397e-38
1.98261e-37
9.16304e-37
4.14196e-36
1.8319e-35
7.93022e-35
3.36132e-34
1.39548e-33
5.6763e-33
2.26295e-32
8.84473e-32
3.39017e-31
1.2747e-30
4.70288e-30
1.70296e-29
6.05401e-29
2.11342e-28
7.24663e-28
2.44117e-27
8.08109e-27
2.62934e-26
8.41047e-26
2.64534e-25
8.18312e-25
2.4901e-24
7.45519e-24
2.19646e-23
6.36931e-23
1.81819e-22
5.11024e-22
1.41439e-21
3.85562e-21
1.03535e-20
2.73913e-20
7.14068e-20
1.83456e-19
4.64569e-19
1.15974e-18
2.85442e-18
6.92764e-18
1.65814e-17
3.91453e-17
9.11628e-17
2.09455e-16
4.74844e-16
1.06231e-15
2.34555e-15
5.1119e-15
1.0998e-14
2.33607e-14
4.8995e-14
1.01475e-13
2.07563e-13
4.19349e-13
8.36916e-13
1.65012e-12
3.21454e-12
6.18785e-12
1.17712e-11
2.21314e-11
4.11289e-11
7.55575e-11
1.37229e-10
2.46431e-10
4.37592e-10
7.68442e-10
1.33464e-09
2.29285e-09
3.8966e-09
6.55148e-09
1.08989e-08
1.79415e-08
2.9229e-08
4.71297e-08
7.52225e-08
1.18855e-07
1.85933e-07
2.88012e-07
4.41804e-07
6.71219e-07
1.0101e-06
1.50588e-06
2.22427e-06
3.25547e-06
4.72202e-06
6.7887e-06
9.67497e-06
1.36703e-05
1.91529e-05
2.66124e-05
3.66768e-05
5.01447e-05
6.80228e-05
9.15691e-05
0.000122344
0.000162266
0.000213677
0.000279416
0.000362897
0.000468202
0.000600175
0.000764533
0.00096798
0.00121833
0.00152466
0.0018974
0.00234858
0.00289187
0.00354285
0.00431911
0.00524044
0.00632901
0.0076095
0.00910929
0.0108585
0.0128904
0.0152408
0.017949
0.0210571
0.0246102
0.0286561
0.0332455
0.0384312
0.0442679
0.050812
0.0581206
0.0662512
0.0752604
0.0852036
0.0961339
0.1081
0.121148
0.135316
0.150636
0.16713
0.184814
0.203689
0.223747
0.244965
0.267306
0.290719
0.315136
0.340474
0.366633
0.393497
0.420936
0.448801
0.476932
0.505154
0.533282
0.56112
0.588466
0.615112
0.640846
0.66546
0.688745
0.7105
0.730532
0.748659
0.764714
0.778548
0.790028
0.799045
0.805512
0.809367
0.810573
0.809119
0.805019
0.798315
0.789074
0.777384
0.76336
0.747136
0.728863
0.708711
0.686862
0.663511
0.638858
0.613111
0.58648
0.559174
0.531398
0.503353
0.475233
0.44722
0.419486
0.392189
0.365473
0.339467
0.314285
0.290023
0.266762
0.244569
0.223492
0.203567
0.184815
0.167245
0.150854
0.135627
0.12154
0.108563
0.0966565
0.0857764
0.075874
0.0668969
0.0587906
0.051499
0.0449655
0.0391336
0.0339477
0.0293535
0.0252989
0.0217337
0.0186105
0.0158845
0.0135139
0.0114599
0.00968661
0.00816125
0.00685386
0.00573729
0.0047871
0.00398137
0.00330056
0.00272732
0.00224637
0.00184425
0.00150923
0.00123109
0.00100096
0.000811231
0.000655345
0.000527711
0.00042357
0.000338893
0.00027028
0.000214878
0.000170302
0.000134564
0.00010602
8.33106e-05
6.53223e-05
5.1146e-05
4.0046e-05
3.14336e-05
2.4847e-05
1.99383e-05
1.64703e-05
1.43294e-05
1.35675e-05
1.62458e-05
