0.169464
0.171244
0.172923
0.174481
0.175899
0.177159
0.178245
0.179142
0.179837
0.180322
0.180588
0.180632
0.180451
0.180047
0.179423
0.178585
0.177543
0.176306
0.174887
0.173299
0.171558
0.16968
0.167683
0.165583
0.163399
0.161149
0.158851
0.156523
0.154183
0.151847
0.149533
0.147256
0.145031
0.142872
0.140791
0.1388
0.136906
0.135117
0.133439
0.131875
0.130425
0.129089
0.127863
0.126743
0.125721
0.12479
0.12394
0.123163
0.122447
0.121783
0.121161
0.120572
0.120007
0.119459
0.118922
0.118391
0.117861
0.117328
0.116792
0.116249
0.1157
0.115142
0.114577
0.114004
0.113423
0.112835
0.11224
0.111637
0.111029
0.110414
0.109794
0.109171
0.108544
0.107915
0.107287
0.106659
0.106034
0.105415
0.104801
0.104196
0.1036
0.103015
0.102441
0.101879
0.10133
0.100793
0.100268
0.0997548
0.0992531
0.0987624
0.0982821
0.0978122
0.0973527
0.096904
0.0964671
0.0960431
0.0956339
0.0952416
0.094869
0.0945192
0.0941957
0.0939023
0.093643
0.0934223
0.0932446
0.0931141
0.0930356
0.0930131
0.0930508
0.0931525
0.0933217
0.0935613
0.0938737
0.0942607
0.0947233
0.0952619
0.0958759
0.0965637
0.0973229
0.0981502
0.099041
0.0999901
0.100991
0.102037
0.103119
0.10423
0.105359
0.106497
0.107635
0.108762
0.109867
0.110941
0.111975
0.11296
0.113887
0.114749
0.115539
0.116252
0.116884
0.117432
0.117894
0.11827
0.11856
0.118768
0.118896
0.118949
0.118932
0.118853
0.118719
0.118537
0.118317
0.118068
0.117798
0.117516
0.117233
0.116955
0.116692
0.116451
0.116237
0.116057
0.115915
0.115815
0.115759
0.115748
0.115782
0.11586
0.11598
0.116138
0.116332
0.116555
0.116803
0.117069
0.117348
0.117633
0.117918
0.118197
0.118463
0.118712
0.118939
0.119139
0.11931
0.119449
0.119555
0.119628
0.11967
0.119682
0.119668
0.119633
0.119583
0.119523
0.119461
0.119406
0.119364
0.119345
0.119356
0.119406
0.119502
0.11965
0.119856
0.120123
0.120455
0.120851
0.121311
0.121833
0.122412
0.123041
0.123714
0.124421
0.125151
0.125893
0.126634
0.127362
0.128062
0.128722
0.129329
0.12987
0.130333
0.130709
0.130987
0.13116
0.13122
0.131164
0.130988
0.13069
0.13027
0.129731
0.129076
0.128309
0.127437
0.126467
0.125409
0.124271
0.123066
0.121803
0.120495
0.119155
0.117794
0.116426
0.115064
0.113719
0.112403
0.111128
0.109904
0.108742
0.107649
0.106633
0.105701
0.104858
0.104107
0.103451
0.102889
0.102421
0.102045
0.101758
0.101553
0.101425
0.101366
0.101368
0.101422
0.101518
0.101647
0.101799
0.101964
0.102135
0.102303
0.102463
0.102609
0.102739
0.10285
0.102943
0.103018
0.103078
0.103125
0.103163
0.103196
0.103226
0.103256
0.103288
0.103322
0.103359
0.103398
0.103436
0.103474
0.103508
0.103539
0.103566
0.103589
0.10361
0.103629
0.10365
0.103675
0.103707
0.103748
0.1038
0.103864
0.103939
0.104023
0.104113
0.104206
0.116596
