0
1.36518e-44
1.65564e-42
9.99377e-41
4.00326e-39
1.19719e-37
2.85103e-36
5.63183e-35
9.49148e-34
1.39317e-32
1.80922e-31
2.10467e-30
2.21535e-29
2.12747e-28
1.87702e-27
1.53047e-26
1.15919e-25
8.19178e-25
5.42246e-24
3.3737e-23
1.979e-22
1.09753e-21
5.76896e-21
2.88053e-20
1.3691e-19
6.20588e-19
2.68738e-18
1.11354e-17
4.4215e-17
1.68469e-16
6.16748e-16
2.17195e-15
7.36595e-15
2.40823e-14
7.59769e-14
2.31517e-13
6.81998e-13
1.94374e-12
5.36404e-12
1.43439e-11
3.71944e-11
9.3587e-11
2.28647e-10
5.42754e-10
1.25253e-09
2.81175e-09
6.14349e-09
1.3072e-08
2.71015e-08
5.47766e-08
1.07987e-07
2.07754e-07
3.90249e-07
7.16096e-07
1.28426e-06
2.25221e-06
3.86415e-06
6.48956e-06
1.06737e-05
1.72024e-05
2.71812e-05
4.21307e-05
6.40956e-05
9.57667e-05
0.000140613
0.000203019
0.000288424
0.000403466
0.000556115
0.000755817
0.00101363
0.00134239
0.00175687
0.00227396
0.00291295
0.00369575
0.00464721
0.0057955
0.00717243
0.00881388
0.0107601
0.0130562
0.0157521
0.0189031
0.0225697
0.0268175
0.0317172
0.0373441
0.0437775
0.0510999
0.0593964
0.068753
0.0792557
0.0909889
0.104033
0.118465
0.134351
0.151751
0.170712
0.191265
0.213428
0.237198
0.262552
0.289443
0.317802
0.347532
0.378513
0.410594
0.443599
0.477328
0.511554
0.546027
0.580477
0.614618
0.648149
0.680761
0.712139
0.741969
0.769941
0.795758
0.819137
0.839816
0.85756
0.872164
0.883457
0.891305
0.895615
0.896337
0.893462
0.887026
0.877107
0.863823
0.847332
0.827826
0.80553
0.780696
0.753599
0.724531
0.693797
0.661708
0.62858
0.594721
0.560437
0.526018
0.49174
0.457858
0.424607
0.392199
0.360817
0.330621
0.301742
0.274287
0.248334
0.22394
0.201137
0.179935
0.160326
0.142285
0.12577
0.110729
0.097098
0.084806
0.0737749
0.0639231
0.0551663
0.0474195
0.0405983
0.0346199
0.0294044
0.0248752
0.02096
0.0175907
0.0147043
0.0122426
0.0101526
0.00838584
0.00689902
0.00565325
0.00461403
0.00375088
0.00303709
0.00244936
0.00196752
0.00157419
0.0012545
0.000995756
0.000787244
0.000619923
0.000486228
0.000379853
0.000295572
0.00022908
0.000176841
0.000135973
0.000104135
7.9436e-05
6.03548e-05
4.56752e-05
3.4429e-05
2.5849e-05
1.93303e-05
1.43983e-05
1.06821e-05
7.89368e-06
5.81004e-06
4.25946e-06
3.11033e-06
2.26222e-06
1.63886e-06
1.18256e-06
8.49933e-07
6.08446e-07
4.33848e-07
3.08128e-07
2.17973e-07
1.53586e-07
1.0779e-07
7.53502e-08
5.24649e-08
3.63858e-08
2.51347e-08
1.72939e-08
1.18521e-08
8.09045e-09
5.50086e-09
3.72536e-09
2.51296e-09
1.68843e-09
1.12995e-09
7.53209e-10
5.00094e-10
3.30726e-10
2.17854e-10
1.42936e-10
9.34114e-11
6.08048e-11
3.94237e-11
2.54599e-11
1.63771e-11
1.04929e-11
6.69637e-12
4.2566e-12
2.69505e-12
1.69962e-12
1.06762e-12
6.67984e-13
4.16289e-13
2.58408e-13
1.59771e-13
9.83946e-14
6.03569e-14
3.68777e-14
2.24431e-14
1.36045e-14
8.21419e-15
4.94002e-15
2.9592e-15
1.76564e-15
1.04933e-15
6.2116e-16
3.66249e-16
2.15096e-16
1.25826e-16
7.33144e-17
4.25492e-17
2.45966e-17
1.41625e-17
8.12248e-18
4.64e-18
2.64016e-18
1.49632e-18
8.44697e-19
4.74962e-19
2.66011e-19
1.48396e-19
8.24567e-20
4.56365e-20
2.51583e-20
1.38144e-20
7.55549e-21
4.11601e-21
2.23343e-21
1.20712e-21
6.49845e-22
3.48459e-22
1.86112e-22
9.90099e-23
5.24644e-23
2.76906e-23
1.45574e-23
7.6228e-24
3.97587e-24
2.06559e-24
1.06905e-24
5.51375e-25
2.83826e-25
1.46724e-25
7.81826e-26
4.76555e-26
4.98317e-26
