3.95783e-10
3.45103e-10
3.48337e-10
3.9017e-10
4.65964e-10
5.76892e-10
7.27974e-10
9.27429e-10
1.18669e-09
1.52079e-09
1.94906e-09
2.49602e-09
3.19261e-09
4.07769e-09
5.19989e-09
6.61994e-09
8.41351e-09
1.06747e-08
1.35201e-08
1.70942e-08
2.15756e-08
2.71845e-08
3.41919e-08
4.29308e-08
5.38095e-08
6.73277e-08
8.40956e-08
1.04857e-07
1.30518e-07
1.62177e-07
2.01165e-07
2.49095e-07
3.07912e-07
3.79959e-07
4.68053e-07
5.75577e-07
7.06581e-07
8.65907e-07
1.05933e-06
1.29373e-06
1.57728e-06
1.91967e-06
2.33237e-06
2.82893e-06
3.42533e-06
4.14034e-06
4.99604e-06
6.01826e-06
7.23725e-06
8.68826e-06
1.04124e-05
1.24573e-05
1.48784e-05
1.77399e-05
2.11156e-05
2.50908e-05
2.97638e-05
3.52471e-05
4.16696e-05
4.91788e-05
5.79429e-05
6.8153e-05
8.00266e-05
9.38098e-05
0.000109781
0.000128254
0.000149583
0.000174164
0.000202444
0.000234918
0.000272144
0.000314738
0.000363386
0.00041885
0.00048197
0.000553672
0.000634976
0.000727
0.00083097
0.000948222
0.00108021
0.00122853
0.00139488
0.00158111
0.00178924
0.0020214
0.00227989
0.00256719
0.00288589
0.00323881
0.00362888
0.00405923
0.00453314
0.00505405
0.00562557
0.00625146
0.00693562
0.00768208
0.00849501
0.00937867
0.0103374
0.0113758
0.0124981
0.0137091
0.0150132
0.016415
0.0179189
0.0195294
0.0212509
0.0230874
0.0250431
0.0271217
0.0293269
0.0316619
0.0341298
0.0367333
0.0394747
0.0423559
0.0453785
0.0485434
0.0518514
0.0553024
0.0588961
0.0626316
0.0665074
0.0705216
0.0746716
0.0789545
0.0833666
0.087904
0.0925622
0.0973362
0.102221
0.10721
0.112297
0.117476
0.122741
0.128083
0.133496
0.138973
0.144504
0.150084
0.155703
0.161353
0.167027
0.172716
0.178412
0.184107
0.189793
0.19546
0.201101
0.206708
0.212271
0.217782
0.223233
0.228615
0.233918
0.239135
0.244256
0.249271
0.254173
0.25895
0.263596
0.2681
0.272453
0.276647
0.280674
0.284526
0.288194
0.291674
0.294957
0.298041
0.300919
0.303591
0.306053
0.308306
0.310351
0.31219
0.313827
0.315268
0.31652
0.31759
0.318489
0.319227
0.319814
0.320264
0.320587
0.320795
0.320902
0.320916
0.320849
0.320709
0.320502
0.320232
0.319903
0.319513
0.31906
0.318538
0.317938
0.317249
0.316458
0.315549
0.314504
0.313306
0.311936
0.310375
0.308607
0.306617
0.304392
0.301925
0.299211
0.296253
0.293058
0.28964
0.286021
0.282229
0.278299
0.274273
0.270196
0.266122
0.262103
0.258198
0.25446
0.250945
0.247699
0.244765
0.242175
0.239949
0.238095
0.236605
0.235456
0.234608
0.234005
0.233574
0.23323
0.232875
0.232402
0.2317
0.230654
0.229153
0.227095
0.224389
0.220959
0.216751
0.211736
0.205911
0.199302
0.19197
0.184005
0.17553
0.1667
0.157699
0.148736
0.140041
0.131862
0.12445
0.118056
0.112915
0.109231
0.107164
0.10681
0.108186
0.111214
0.115712
0.121387
0.127842
0.134585
0.141061
0.146679
0.150863
0.153092
0.152957
0.150195
0.144724
0.136657
0.126292
0.11409
0.100631
0.0865581
0.0725165
0.0590946
0.0467766
0.0359098
0.0266909
0.0191718
0.0132795
0.00884844
0.00565582
0.00345653
0.00201191
0.00111009
0.000577293
0.000280943
0.000126796
5.24682e-05
1.96287e-05
6.54677e-06
1.95628e-06
5.89198e-07
3.02857e-07
