0.283614
0.282459
0.280235
0.277073
0.273125
0.268555
0.26353
0.258214
0.252764
0.247317
0.241993
0.236883
0.232054
0.227537
0.223335
0.219419
0.215738
0.21222
0.208786
0.205357
0.201863
0.198255
0.194509
0.190628
0.186645
0.182613
0.178604
0.174695
0.170963
0.167468
0.164254
0.161337
0.158709
0.156333
0.154153
0.1521
0.150094
0.148061
0.145936
0.143669
0.141228
0.138608
0.135821
0.132902
0.129901
0.126878
0.123903
0.121044
0.11837
0.115942
0.113813
0.112029
0.110622
0.109616
0.109026
0.108858
0.109111
0.109779
0.110852
0.112315
0.114153
0.116345
0.118873
0.121714
0.124846
0.128244
0.131886
0.135745
0.139796
0.144013
0.148371
0.152845
0.157411
0.162045
0.166727
0.171435
0.176153
0.180864
0.185553
0.190208
0.194817
0.199372
0.203862
0.20828
0.212615
0.21686
0.221004
0.225035
0.22894
0.232704
0.23631
0.239739
0.24297
0.245979
0.248745
0.25124
0.253441
0.255322
0.256858
0.258029
0.258811
0.259189
0.259148
0.258676
0.257769
0.256423
0.254643
0.252435
0.249813
0.246795
0.243401
0.239658
0.235595
0.231244
0.226641
0.221822
0.216825
0.211689
0.206451
0.201151
0.195825
0.190506
0.185229
0.180024
0.174918
0.169936
0.165099
0.160426
0.155931
0.151627
0.147522
0.143624
0.139934
0.136456
0.133186
0.130122
0.12726
0.124593
0.122113
0.119813
0.117683
0.115712
0.113892
0.112212
0.11066
0.109227
0.107903
0.106676
0.105538
0.104479
0.103491
0.102564
0.10169
0.100863
0.100076
0.0993217
0.098596
0.0978938
0.0972115
0.0965464
0.0958966
0.0952615
0.0946418
0.0940393
0.0934577
0.092902
0.0923794
0.0918986
0.0914709
0.0911094
0.0908299
0.0906502
0.0905904
0.0906727
0.0909209
0.0913602
0.0920166
0.0929159
0.0940829
0.0955403
0.0973074
0.0993986
0.101822
0.104579
0.10766
0.111046
0.114707
0.118599
0.122668
0.126847
0.131056
0.135206
0.139201
0.142939
0.146315
0.149227
0.151576
0.153273
0.154243
0.154424
0.153776
0.152277
0.149929
0.146758
0.142808
0.138146
0.132856
0.127036
0.120794
0.114245
0.107506
0.100689
0.0939033
0.0872459
0.0808023
0.0746436
0.0688256
0.0633883
0.0583567
0.0537416
0.0495414
0.0457439
0.0423283
0.0392678
0.0365312
0.0340853
0.031896
0.0299303
0.0281571
0.0265478
0.025077
0.0237224
0.0224653
0.02129
0.0201838
0.0191365
0.0181402
0.0171888
0.0162778
0.0154037
0.0145642
0.0137575
0.0129824
0.0122379
0.0115233
0.0108382
0.0101821
0.00955444
0.00895488
0.00838294
0.00783811
0.00731987
0.00682763
0.00636078
0.00591865
0.00550054
0.00510574
0.00473348
0.004383
0.0040535
0.00374417
0.0034542
0.00318277
0.00292906
0.00269227
0.00247157
0.00226617
0.00207528
0.00189814
0.00173399
0.00158209
0.00144173
0.00131224
0.00119292
0.00108316
0.000982337
0.000889859
0.000805169
0.000727735
0.000657053
0.000592647
0.000534069
0.000480901
0.000432751
0.000389257
0.000350087
0.000314938
0.000283539
0.00025565
0.000231069
0.000209633
0.000191227
0.000175795
0.000163357
0.000154033
0.00014809
0.000146003
0.000148549
0.000156959
0.000195898
