0.0951957
0.0952259
0.0952517
0.095273
0.0952904
0.0953045
0.0953163
0.0953269
0.0953374
0.0953486
0.0953615
0.0953767
0.0953949
0.0954165
0.0954423
0.0954729
0.0955093
0.0955526
0.0956043
0.0956665
0.0957413
0.0958315
0.0959398
0.0960696
0.0962241
0.0964066
0.0966205
0.0968686
0.0971537
0.097478
0.097843
0.09825
0.0986991
0.09919
0.0997218
0.100293
0.1009
0.101542
0.102215
0.102914
0.103637
0.104378
0.105134
0.1059
0.106671
0.107444
0.108214
0.108976
0.109728
0.110463
0.11118
0.111874
0.112542
0.11318
0.113787
0.114359
0.114894
0.11539
0.115848
0.116264
0.116639
0.116974
0.117268
0.117522
0.117738
0.117917
0.118062
0.118174
0.118256
0.118309
0.118338
0.118343
0.118327
0.118293
0.118243
0.118178
0.118099
0.118008
0.117906
0.117792
0.117668
0.117533
0.117387
0.117229
0.117057
0.116873
0.116674
0.116459
0.116228
0.11598
0.115714
0.11543
0.115128
0.114809
0.114472
0.11412
0.113753
0.113373
0.112983
0.112585
0.112183
0.111779
0.111377
0.11098
0.110594
0.110221
0.109866
0.109533
0.109225
0.108947
0.108703
0.108494
0.108325
0.108199
0.108116
0.108079
0.108089
0.108146
0.10825
0.1084
0.108596
0.108835
0.109115
0.109432
0.109784
0.110166
0.110573
0.111001
0.111446
0.111901
0.112362
0.112825
0.113282
0.113731
0.114166
0.114583
0.114979
0.115351
0.115694
0.116008
0.116291
0.11654
0.116757
0.116941
0.117092
0.117211
0.117299
0.117359
0.117393
0.117402
0.11739
0.117358
0.117311
0.117251
0.11718
0.117102
0.117019
0.116933
0.116847
0.116763
0.116683
0.116607
0.116537
0.116474
0.116417
0.116367
0.116324
0.116286
0.116253
0.116224
0.116197
0.116172
0.116145
0.116116
0.116084
0.116047
0.116003
0.115953
0.115894
0.115828
0.115754
0.115673
0.115586
0.115493
0.115396
0.115298
0.1152
0.115105
0.115016
0.114936
0.114867
0.114813
0.114775
0.114758
0.114762
0.114792
0.114847
0.11493
0.115043
0.115185
0.115357
0.115559
0.11579
0.11605
0.116335
0.116645
0.116976
0.117326
0.117692
0.118069
0.118455
0.118844
0.119233
0.119618
0.119994
0.120357
0.120703
0.12103
0.121333
0.12161
0.121859
0.122078
0.122267
0.122424
0.122551
0.122649
0.122718
0.122762
0.122783
0.122784
0.12277
0.122745
0.122713
0.122679
0.122647
0.122623
0.122612
0.122618
0.122647
0.122702
0.122789
0.122912
0.123075
0.12328
0.123532
0.123832
0.124183
0.124586
0.125042
0.125552
0.126115
0.12673
0.127396
0.128109
0.128869
0.12967
0.13051
0.131384
0.132289
0.133219
0.13417
0.135139
0.136119
0.137109
0.138104
0.1391
0.140096
0.141088
0.142075
0.143054
0.144026
0.144989
0.145943
0.146886
0.147819
0.148742
0.149655
0.150556
0.151446
0.152324
0.15319
0.154041
0.154877
0.155696
0.156497
0.157276
0.158032
0.158761
0.159462
0.160129
0.160761
0.161352
0.1619
0.1624
0.162848
0.163239
0.163569
0.163833
0.164027
0.180007
