0
2.47809e-05
0.000173236
0.000585045
0.00129996
0.0022073
0.00317876
0.00419676
0.00533804
0.00669544
0.00834279
0.0103424
0.0127579
0.01566
0.0191276
0.0232477
0.0281162
0.0338366
0.0405201
0.0482847
0.0572536
0.0675538
0.0793144
0.0926635
0.107726
0.124619
0.143452
0.164317
0.187289
0.212421
0.239738
0.269235
0.300871
0.334568
0.370207
0.407623
0.44661
0.486916
0.528243
0.570255
0.612575
0.654795
0.696477
0.737162
0.776382
0.81366
0.848527
0.88053
0.90924
0.934261
0.955242
0.971884
0.983946
0.991252
0.993693
0.991235
0.983913
0.971836
0.955179
0.934185
0.909153
0.880434
0.848424
0.813552
0.776272
0.737052
0.696369
0.654691
0.612477
0.570164
0.52816
0.486842
0.446547
0.40757
0.370164
0.334536
0.300848
0.269221
0.239733
0.212423
0.187298
0.164332
0.143472
0.124643
0.107752
0.0926919
0.0793439
0.0675838
0.0572833
0.0483138
0.0405481
0.0338632
0.0281411
0.0232708
0.0191487
0.0156792
0.0127752
0.0103578
0.00835645
0.00670865
0.00535927
0.00426023
0.00336991
0.00265253
0.00207759
0.00161926
0.00125583
0.000969178
0.000744273
0.000568747
0.000432477
0.000327238
0.00024639
0.000184603
0.00013763
0.000102104
7.53759e-05
5.53705e-05
4.04746e-05
2.94404e-05
2.1309e-05
1.53476e-05
1.09995e-05
7.84451e-06
5.56693e-06
3.93118e-06
2.76241e-06
1.93157e-06
1.34398e-06
9.30528e-07
6.41099e-07
4.3952e-07
2.99841e-07
2.03545e-07
1.37495e-07
9.24213e-08
6.1818e-08
4.11448e-08
2.72505e-08
1.79593e-08
1.17778e-08
7.68593e-09
4.99098e-09
3.22503e-09
2.07367e-09
1.32679e-09
8.44744e-10
5.35186e-10
3.37398e-10
2.11659e-10
1.32127e-10
8.20734e-11
5.07308e-11
3.12032e-11
1.90978e-11
1.16313e-11
7.04902e-12
4.25097e-12
2.55097e-12
1.52328e-12
9.05136e-13
5.35187e-13
3.14887e-13
1.84358e-13
1.07406e-13
6.22659e-14
3.59196e-14
2.06192e-14
1.17779e-14
6.69459e-15
3.78649e-15
2.13112e-15
1.19354e-15
6.65159e-16
3.68868e-16
2.03551e-16
1.11773e-16
6.10738e-17
3.32072e-17
1.79667e-17
9.67301e-18
5.18219e-18
2.76263e-18
1.46551e-18
7.73598e-19
4.06348e-19
2.12393e-19
1.10469e-19
5.71737e-20
2.9445e-20
1.50898e-20
7.69512e-21
3.90485e-21
1.97175e-21
9.90732e-22
4.95357e-22
2.46456e-22
1.22016e-22
6.0111e-23
2.94678e-23
1.43747e-23
6.97766e-24
3.37037e-24
1.61995e-24
7.74793e-25
3.68745e-25
1.74633e-25
8.22966e-26
3.85919e-26
1.80081e-26
8.36176e-27
3.86354e-27
1.77636e-27
8.12704e-28
3.69993e-28
1.67614e-28
7.55591e-29
3.38938e-29
1.5129e-29
6.71984e-30
2.97006e-30
1.30626e-30
5.71675e-31
2.48959e-31
1.07886e-31
4.65218e-32
1.99622e-32
8.52346e-33
3.62144e-33
1.5311e-33
6.44147e-34
2.69664e-34
1.12336e-34
4.65661e-35
1.92079e-35
7.88399e-36
3.2201e-36
1.30873e-36
5.29285e-37
2.13003e-37
8.52978e-38
3.39897e-38
1.34777e-38
5.31787e-39
2.08794e-39
8.1575e-40
3.1714e-40
1.22688e-40
4.72294e-41
1.80916e-41
6.89605e-42
2.61565e-42
9.87224e-43
3.70773e-43
1.38567e-43
5.15305e-44
1.9069e-44
7.02179e-45
2.57291e-45
9.38117e-46
3.40366e-46
1.22883e-46
4.41464e-47
1.57817e-47
5.61397e-48
1.9872e-48
6.99955e-49
2.45332e-49
8.5565e-50
2.96957e-50
1.02553e-50
3.52417e-51
1.2051e-51
4.10057e-52
1.38843e-52
4.67797e-53
1.56837e-53
5.23232e-54
1.73699e-54
5.73793e-55
1.88612e-55
6.16935e-56
2.00801e-56
6.5035e-57
2.09597e-57
6.72168e-58
2.145e-58
6.81132e-59
2.15224e-59
6.76718e-60
2.11728e-60
6.59182e-61
2.04215e-61
6.29544e-62
1.93117e-62
5.8951e-63
1.7916e-63
5.45099e-64
1.77824e-64
1.28552e-64
