0.0976942
0.0978368
0.0980021
0.0981916
0.0984068
0.0986493
0.0989202
0.0992206
0.0995511
0.0999119
0.100303
0.100723
0.10117
0.101644
0.102142
0.102661
0.103198
0.103751
0.104315
0.104888
0.105467
0.106048
0.106629
0.107206
0.107776
0.108338
0.108888
0.109423
0.109943
0.110444
0.110924
0.111381
0.111813
0.11222
0.112599
0.11295
0.113272
0.113564
0.113828
0.114063
0.114271
0.114454
0.114613
0.114751
0.114871
0.114975
0.115067
0.115148
0.115223
0.115294
0.115364
0.115434
0.115507
0.115585
0.115667
0.115755
0.11585
0.11595
0.116056
0.116166
0.11628
0.116395
0.116511
0.116626
0.116738
0.116845
0.116945
0.117036
0.117117
0.117186
0.117241
0.117281
0.117305
0.117312
0.117302
0.117273
0.117226
0.117162
0.117081
0.116983
0.11687
0.116744
0.116606
0.11646
0.116306
0.116147
0.115988
0.115829
0.115674
0.115526
0.115387
0.115261
0.115148
0.115052
0.114974
0.114916
0.114877
0.11486
0.114863
0.114887
0.11493
0.114992
0.11507
0.115163
0.115269
0.115384
0.115507
0.115634
0.115762
0.115888
0.11601
0.116124
0.116229
0.116321
0.116399
0.116462
0.116507
0.116533
0.116542
0.116531
0.116502
0.116455
0.116392
0.116314
0.116222
0.116119
0.116008
0.11589
0.115769
0.115647
0.115529
0.115415
0.115311
0.115218
0.115139
0.115076
0.115033
0.115011
0.115012
0.115037
0.115087
0.115163
0.115265
0.115393
0.115546
0.115722
0.115922
0.116142
0.11638
0.116635
0.116904
0.117184
0.117472
0.117766
0.118062
0.118359
0.118653
0.118941
0.119223
0.119495
0.119756
0.120006
0.120242
0.120465
0.120674
0.120869
0.12105
0.121218
0.121373
0.121517
0.12165
0.121773
0.121888
0.121996
0.122098
0.122195
0.122289
0.122379
0.122468
0.122556
0.122642
0.122728
0.122814
0.1229
0.122984
0.123068
0.123149
0.123229
0.123305
0.123377
0.123443
0.123503
0.123555
0.123599
0.123633
0.123656
0.123667
0.123667
0.123654
0.123628
0.123589
0.123538
0.123475
0.123402
0.123318
0.123226
0.123128
0.123025
0.122919
0.122812
0.122706
0.122605
0.122509
0.122422
0.122345
0.12228
0.122229
0.122193
0.122174
0.122172
0.122189
0.122225
0.122279
0.122352
0.122443
0.122551
0.122676
0.122814
0.122965
0.123127
0.123297
0.123473
0.123652
0.123831
0.124008
0.124179
0.124341
0.124493
0.124631
0.124752
0.124856
0.12494
0.125003
0.125044
0.125064
0.125061
0.125037
0.124993
0.124931
0.124851
0.124757
0.124652
0.124537
0.124417
0.124294
0.124171
0.124052
0.12394
0.123838
0.123749
0.123675
0.123619
0.123584
0.12357
0.12358
0.123615
0.123675
0.123762
0.123875
0.124016
0.124182
0.124374
0.124591
0.124832
0.125095
0.125378
0.12568
0.125999
0.126332
0.126678
0.127034
0.127398
0.127769
0.128144
0.128522
0.128902
0.129282
0.129662
0.13004
0.130416
0.130791
0.131163
0.131533
0.131901
0.132268
0.132635
0.133001
0.133369
0.13374
0.14725
