0.128792
0.128648
0.128425
0.128132
0.12778
0.127384
0.126963
0.126534
0.126114
0.125717
0.125352
0.125022
0.124726
0.124456
0.124202
0.123952
0.12369
0.123405
0.123086
0.122727
0.122325
0.121881
0.121402
0.120896
0.120372
0.119844
0.119322
0.118817
0.118337
0.117889
0.117478
0.117106
0.116775
0.116484
0.116235
0.116026
0.11586
0.115739
0.115665
0.115643
0.11568
0.115783
0.11596
0.116218
0.116566
0.117011
0.117561
0.118221
0.118996
0.11989
0.120903
0.122036
0.123287
0.124653
0.126129
0.127709
0.129387
0.131154
0.133001
0.134918
0.136897
0.138925
0.140992
0.143087
0.145199
0.147315
0.149424
0.151512
0.153568
0.155578
0.157528
0.159403
0.16119
0.162873
0.164436
0.165865
0.167144
0.168259
0.169196
0.169942
0.170487
0.170821
0.170938
0.170834
0.170508
0.169962
0.169202
0.168237
0.16708
0.165745
0.164252
0.162621
0.160874
0.159037
0.157135
0.155193
0.153236
0.151288
0.149371
0.147506
0.145711
0.144
0.142386
0.140877
0.139479
0.138194
0.137024
0.135965
0.135014
0.134165
0.133412
0.132748
0.132167
0.13166
0.131224
0.130852
0.130541
0.130288
0.130091
0.129949
0.129861
0.129828
0.12985
0.129927
0.130057
0.13024
0.130474
0.130753
0.131073
0.131427
0.131808
0.132205
0.132607
0.133003
0.133379
0.133723
0.134019
0.134255
0.134417
0.134491
0.134466
0.13433
0.134073
0.133686
0.133163
0.132497
0.131687
0.13073
0.129627
0.128379
0.126991
0.125469
0.123821
0.122056
0.120186
0.118221
0.116176
0.114065
0.111904
0.109708
0.107492
0.105273
0.103066
0.100886
0.098748
0.0966646
0.0946481
0.0927095
0.0908583
0.0891027
0.0874491
0.0859029
0.0844677
0.0831461
0.0819392
0.0808473
0.0798696
0.0790046
0.0782503
0.0776042
0.0770633
0.0766249
0.0762858
0.0760431
0.0758938
0.0758352
0.0758644
0.0759789
0.0761761
0.0764534
0.0768082
0.0772376
0.0777387
0.0783083
0.0789429
0.0796386
0.0803914
0.0811967
0.0820498
0.0829457
0.0838789
0.0848439
0.0858349
0.0868457
0.0878702
0.0889017
0.0899335
0.0909585
0.0919695
0.0929588
0.0939187
0.0948412
0.0957183
0.0965423
0.0973056
0.0980014
0.0986236
0.0991673
0.0996291
0.100007
0.100301
0.100513
0.100648
0.10071
0.100709
0.100651
0.100549
0.100412
0.100252
0.100078
0.0999017
0.0997306
0.099572
0.0994314
0.0993124
0.0992168
0.0991451
0.0990963
0.0990685
0.0990592
0.099066
0.0990866
0.0991193
0.0991633
0.099219
0.0992876
0.0993714
0.0994738
0.0995982
0.0997487
0.0999288
0.100142
0.10039
0.100674
0.100995
0.10135
0.101738
0.102155
0.102598
0.103063
0.103546
0.104046
0.104561
0.105093
0.105643
0.106216
0.106817
0.107455
0.108137
0.108872
0.109668
0.110531
0.111467
0.112478
0.113566
0.114727
0.115957
0.117246
0.118585
0.119959
0.121355
0.122755
0.124144
0.125504
0.12682
0.128075
0.129257
0.130353
0.131353
0.13225
0.133037
0.133712
0.134272
0.134719
0.135053
0.135278
0.135398
0.135418
0.135342
0.148945
