3.62894e-56
3.64495e-56
6.5836e-56
1.37599e-55
2.94614e-55
6.32141e-55
1.354e-54
2.89314e-54
6.16605e-54
1.31075e-53
2.77915e-53
5.87733e-53
1.23972e-52
2.60825e-52
5.47334e-52
1.14561e-51
2.39167e-51
4.98022e-51
1.03438e-50
2.14286e-50
4.42785e-50
9.12597e-50
1.87608e-49
3.84691e-49
7.86794e-49
1.60509e-48
3.2661e-48
6.62903e-48
1.34203e-47
2.71001e-47
5.45847e-47
1.09665e-46
2.19766e-46
4.39288e-46
8.75863e-46
1.7419e-45
3.45548e-45
6.83747e-45
1.34953e-44
2.65689e-44
5.21757e-44
1.02204e-43
1.99697e-43
3.89208e-43
7.56657e-43
1.46732e-42
2.8383e-42
5.4765e-42
1.05404e-41
2.0236e-41
3.87529e-41
7.40282e-41
1.4106e-40
2.68119e-40
5.08354e-40
9.61441e-40
1.81383e-39
3.41342e-39
6.40772e-39
1.19988e-38
2.24127e-38
4.17611e-38
7.76201e-38
1.43913e-37
2.66166e-37
4.91056e-37
9.03725e-37
1.65909e-36
3.03831e-36
5.55041e-36
1.01146e-35
1.83867e-35
3.3342e-35
6.03134e-35
1.08835e-34
1.95912e-34
3.51795e-34
6.30168e-34
1.12607e-33
2.00731e-33
3.56954e-33
6.33242e-33
1.12073e-32
1.97898e-32
3.48697e-32
6.13248e-32
1.07698e-31
1.89031e-31
3.32102e-31
5.85552e-31
1.04073e-30
1.87787e-30
3.4763e-30
6.69406e-30
1.36091e-29
2.95343e-29
6.85612e-29
1.68843e-28
4.34582e-28
1.15054e-27
3.09145e-27
8.34936e-27
2.25214e-26
6.04284e-26
1.60889e-25
4.24447e-25
1.10856e-24
2.86504e-24
7.32524e-24
1.85258e-23
4.63424e-23
1.14664e-22
2.80629e-22
6.79393e-22
1.62711e-21
3.85519e-21
9.03732e-21
2.09618e-20
4.8111e-20
1.09274e-19
2.45628e-19
5.46458e-19
1.20333e-18
2.62296e-18
5.65987e-18
1.20909e-17
2.55728e-17
5.35543e-17
1.11054e-16
2.28048e-16
4.63764e-16
9.34062e-16
1.86333e-15
3.68183e-15
7.20656e-15
1.39735e-14
2.68427e-14
5.10874e-14
9.63373e-14
1.80009e-13
3.33304e-13
6.11585e-13
1.11216e-12
2.00449e-12
3.58084e-12
6.34073e-12
1.11299e-11
1.93672e-11
3.3411e-11
5.71462e-11
9.69135e-11
1.62969e-10
2.71756e-10
4.49395e-10
7.37022e-10
1.19884e-09
1.93418e-09
3.09539e-09
4.91408e-09
7.73936e-09
1.20929e-08
1.87478e-08
2.88395e-08
4.40224e-08
6.66866e-08
1.00256e-07
1.49597e-07
2.21565e-07
3.25747e-07
4.75436e-07
6.8892e-07
9.9116e-07
1.41596e-06
2.00875e-06
2.83012e-06
3.96024e-06
5.50447e-06
7.60018e-06
1.04252e-05
1.42082e-05
1.9241e-05
2.58936e-05
3.46316e-05
4.60376e-05
6.08355e-05
7.99188e-05
0.000104384
0.000135568
0.000175091
0.000224907
0.000287356
0.000365225
0.000461821
0.000581038
0.000727447
0.000906379
0.00112403
0.00138754
0.00170515
0.00208627
0.00254163
0.00308339
0.00372529
0.00448274
0.00537301
0.00641528
0.00763082
0.00904307
0.0106777
0.0125629
0.0147288
0.0172086
0.0200372
0.0232523
0.0268937
0.0310031
0.0356243
0.0408026
0.0465843
0.0530168
0.0601476
0.0680242
0.0766928
0.0861983
0.0965831
0.107887
0.120144
0.133384
0.147633
0.162906
0.179214
0.196556
0.214924
0.234297
0.254645
0.275924
0.298079
0.321042
0.344733
0.369058
0.393909
0.41917
0.444709
0.470387
0.496052
0.521548
0.546708
0.571363
0.595339
0.618461
0.640557
0.661455
0.68099
0.699004
0.715349
0.729887
0.742496
0.753067
0.761508
0.767748
0.771732
0.773426
0.772818
0.769915
0.764746
0.75736
0.747825
0.736229
0.722676
0.707289
0.690202
0.671564
0.651534
0.63028
0.607977
0.584803
0.560941
0.536575
0.511887
0.487056
0.462258
0.437665
0.413442
0.389749
0.366737
0.344552
0.323337
0.303228
0.28436
0.266871
0.250905
0.236621
0.224203
0.213872
0.205903
0.200648
0.198556
0.200189
0.206238
0.243687
