4.43613e-33
4.02069e-33
5.48299e-33
8.82192e-33
1.49083e-32
2.55099e-32
4.37381e-32
7.49185e-32
1.28091e-31
2.18543e-31
3.72058e-31
6.32018e-31
1.07125e-30
1.81174e-30
3.05735e-30
5.14799e-30
8.64917e-30
1.44996e-29
2.42541e-29
4.04818e-29
6.74191e-29
1.12035e-28
1.85769e-28
3.07357e-28
5.07415e-28
8.35862e-28
1.37391e-27
2.25338e-27
3.68776e-27
6.02208e-27
9.81261e-27
1.59543e-26
2.58838e-26
4.19021e-26
6.76862e-26
1.091e-25
1.75471e-25
2.8161e-25
4.50974e-25
7.20637e-25
1.14906e-24
1.82824e-24
2.90259e-24
4.59836e-24
7.26918e-24
1.14666e-23
1.80488e-23
2.83485e-23
4.44304e-23
6.94863e-23
1.08439e-22
1.68867e-22
2.62406e-22
4.06888e-22
6.29575e-22
9.72061e-22
1.49766e-21
2.30254e-21
3.53246e-21
5.40782e-21
8.26122e-21
1.25934e-20
1.91567e-20
2.90789e-20
4.40468e-20
6.6578e-20
1.00422e-19
1.5115e-19
2.27022e-19
3.40262e-19
5.08912e-19
7.5955e-19
1.13124e-18
1.68128e-18
2.49352e-18
3.69039e-18
5.45029e-18
8.03261e-18
1.18136e-17
1.73381e-17
2.53927e-17
3.71115e-17
5.41255e-17
7.8775e-17
1.14411e-16
1.65823e-16
2.39837e-16
3.46165e-16
4.98594e-16
7.16654e-16
1.02795e-15
1.4714e-15
2.10179e-15
2.99606e-15
4.26199e-15
6.05029e-15
8.57123e-15
1.21175e-14
1.70958e-14
2.40696e-14
3.38185e-14
4.74183e-14
6.63507e-14
9.26517e-14
1.29113e-13
1.79554e-13
2.4919e-13
3.45126e-13
4.77019e-13
6.5797e-13
9.05712e-13
1.24419e-12
1.70569e-12
2.3336e-12
3.18618e-12
4.34141e-12
5.90348e-12
8.01132e-12
1.08497e-11
1.4664e-11
1.97792e-11
2.66247e-11
3.5767e-11
4.79515e-11
6.41574e-11
8.56672e-11
1.14158e-10
1.51819e-10
2.01498e-10
2.66896e-10
3.52811e-10
4.65448e-10
6.12814e-10
8.05223e-10
1.05593e-09
1.38193e-09
1.80496e-09
2.35279e-09
3.06079e-09
3.9739e-09
5.14916e-09
6.65875e-09
8.5938e-09
1.10692e-08
1.42293e-08
1.82555e-08
2.33745e-08
2.98698e-08
3.80946e-08
4.84884e-08
6.15964e-08
7.80939e-08
9.88154e-08
1.24789e-07
1.57282e-07
1.97845e-07
2.48384e-07
3.11222e-07
3.89195e-07
4.85753e-07
6.05087e-07
7.52268e-07
9.33432e-07
1.15598e-06
1.4288e-06
1.76259e-06
2.17016e-06
2.66681e-06
3.2708e-06
4.00386e-06
4.89179e-06
5.96516e-06
7.26012e-06
8.81929e-06
1.06928e-05
1.29397e-05
1.56289e-05
1.88412e-05
2.26707e-05
2.72269e-05
3.26373e-05
3.90491e-05
4.66329e-05
5.55853e-05
6.61327e-05
7.85351e-05
9.30904e-05
0.000110139
0.00013007
0.000153325
0.000180407
0.000211885
0.000248404
0.000290689
0.000339558
0.000395931
0.000460837
0.000535429
0.000620993
0.000718959
0.000830921
0.000958641
0.00110407
0.00126937
0.00145691
0.0016693
0.00190941
0.00218036
0.00248559
0.00282882
0.0032141
0.00364585
0.00412883
0.00466818
0.00526946
0.00593863
0.00668211
0.00750676
0.00841991
0.00942937
0.0105435
0.011771
0.0131213
0.0146043
0.0162303
0.0180104
0.0199559
0.0220789
0.0243919
0.0269079
0.0296407
0.0326042
0.0358131
0.0392825
0.0430278
0.0470651
0.0514107
0.0560814
0.0610946
0.0664675
0.0722182
0.0783647
0.0849254
0.0919189
0.099364
0.10728
0.115685
0.124599
0.13404
0.144028
0.154582
0.16572
0.177462
0.189825
0.202829
0.216491
0.23083
0.245863
0.26161
0.278087
0.295314
0.313308
0.332089
0.351674
0.372081
0.393329
0.415433
0.438407
0.462262
0.487006
0.512638
0.539153
0.566537
0.594767
0.62381
0.653625
0.684167
0.715386
0.747238
0.779684
0.812702
0.846288
0.880458
0.915236
0.950642
0.986661
1.02319
1.06001
1.09668
1.13252
1.16657
1.19756
1.22402
1.24434
1.25698
1.26072
1.25487
1.23948
1.21546
1.32715
