0.0978305
0.0977737
0.0976968
0.0975978
0.0974755
0.0973292
0.0971595
0.0969676
0.0967555
0.0965261
0.0962827
0.0960295
0.0957705
0.0955104
0.0952536
0.0950043
0.0947665
0.0945438
0.0943393
0.0941554
0.0939942
0.0938571
0.0937451
0.0936586
0.0935981
0.0935637
0.0935552
0.0935727
0.0936162
0.0936859
0.0937818
0.0939043
0.0940538
0.0942305
0.0944347
0.0946668
0.0949266
0.0952143
0.0955294
0.0958714
0.0962399
0.0966337
0.0970521
0.0974938
0.0979577
0.0984425
0.0989469
0.0994698
0.10001
0.100566
0.101137
0.101721
0.102318
0.102927
0.103546
0.104174
0.10481
0.105453
0.1061
0.106752
0.107406
0.108059
0.108712
0.109361
0.110004
0.110639
0.111264
0.111876
0.112473
0.113052
0.113612
0.114149
0.114663
0.11515
0.115608
0.116038
0.116436
0.116803
0.117137
0.117439
0.117707
0.117944
0.118148
0.118322
0.118465
0.11858
0.118668
0.11873
0.118768
0.118783
0.118778
0.118755
0.118714
0.118658
0.118587
0.118505
0.118411
0.118308
0.118197
0.118079
0.117956
0.117828
0.117696
0.117562
0.117427
0.117291
0.117156
0.117021
0.116889
0.11676
0.116633
0.116511
0.116394
0.116282
0.116176
0.116076
0.115983
0.115898
0.115822
0.115755
0.115697
0.115651
0.115617
0.115595
0.115587
0.115593
0.115615
0.115653
0.115707
0.115779
0.115868
0.115974
0.116098
0.116239
0.116395
0.116566
0.116751
0.116947
0.117153
0.117366
0.117584
0.117804
0.118024
0.118241
0.118452
0.118654
0.118843
0.119018
0.119176
0.119314
0.119431
0.119523
0.11959
0.119629
0.11964
0.119623
0.119576
0.119499
0.119393
0.119258
0.119096
0.118907
0.118693
0.118457
0.1182
0.117926
0.117636
0.117335
0.117025
0.11671
0.116393
0.116079
0.11577
0.11547
0.115183
0.114911
0.114658
0.114427
0.114218
0.114036
0.11388
0.113753
0.113655
0.113586
0.113546
0.113534
0.113549
0.11359
0.113654
0.113741
0.113847
0.113971
0.114109
0.114259
0.114418
0.114584
0.114754
0.114927
0.115099
0.11527
0.115437
0.115599
0.115756
0.115905
0.116048
0.116183
0.116311
0.116431
0.116546
0.116656
0.116761
0.116864
0.116965
0.117068
0.117174
0.117285
0.117404
0.117532
0.117674
0.11783
0.118003
0.118196
0.118409
0.118646
0.118907
0.119194
0.119507
0.119846
0.120213
0.120606
0.121025
0.121469
0.121938
0.12243
0.122944
0.123478
0.12403
0.124601
0.125187
0.125788
0.126401
0.127026
0.127661
0.128305
0.128956
0.129613
0.130276
0.130941
0.131609
0.132279
0.13295
0.13362
0.134291
0.134961
0.13563
0.1363
0.136971
0.137643
0.138318
0.138997
0.139682
0.140373
0.141072
0.141779
0.142496
0.143222
0.143957
0.1447
0.14545
0.146205
0.146962
0.147718
0.148471
0.149216
0.149949
0.150667
0.151364
0.152037
0.152681
0.153292
0.153866
0.154399
0.154888
0.155329
0.155719
0.156055
0.156336
0.156557
0.156719
0.156817
0.156852
0.156821
0.156724
0.15656
0.156329
0.156032
0.155667
0.155238
0.154745
0.169317
