0.0321096
0.0330992
0.0345668
0.0365045
0.0388859
0.0416649
0.044777
0.0481415
0.0516666
0.0552547
0.0588092
0.0622408
0.0654739
0.0684511
0.071137
0.07352
0.0756119
0.0774466
0.0790771
0.080571
0.0820061
0.083465
0.0850298
0.0867771
0.0887736
0.0910721
0.0937089
0.0967014
0.100048
0.103729
0.107707
0.111932
0.116345
0.120883
0.125482
0.130084
0.134642
0.13912
0.143497
0.147767
0.151934
0.156017
0.160037
0.16402
0.16799
0.171965
0.175952
0.179952
0.183952
0.187929
0.191853
0.195688
0.199394
0.202935
0.206275
0.209386
0.212247
0.214844
0.217173
0.219234
0.221033
0.22258
0.223885
0.224957
0.225804
0.226428
0.226827
0.226996
0.226924
0.226598
0.226001
0.225118
0.223933
0.222431
0.220603
0.218444
0.215953
0.213139
0.210013
0.206596
0.202914
0.198999
0.194887
0.190619
0.186239
0.181791
0.177321
0.172874
0.168493
0.164217
0.160084
0.156125
0.152367
0.148829
0.145528
0.142471
0.139662
0.137098
0.134771
0.132667
0.13077
0.129059
0.127512
0.126103
0.124807
0.123597
0.12245
0.12134
0.120246
0.119149
0.118031
0.116879
0.115684
0.114439
0.11314
0.111788
0.110387
0.108943
0.107465
0.105963
0.104452
0.102944
0.101455
0.100001
0.0985977
0.0972599
0.0960026
0.0948397
0.093784
0.0928468
0.0920379
0.0913654
0.0908357
0.0904535
0.0902215
0.0901408
0.0902109
0.0904297
0.0907934
0.0912973
0.0919353
0.0927002
0.0935846
0.0945799
0.0956777
0.0968695
0.0981467
0.0995017
0.100927
0.102417
0.103967
0.105574
0.107236
0.108954
0.110731
0.112572
0.114484
0.116476
0.11856
0.120748
0.123053
0.125491
0.128075
0.130818
0.13373
0.136819
0.14009
0.143539
0.147158
0.150934
0.154841
0.15885
0.162919
0.167001
0.171039
0.174971
0.178727
0.182237
0.185426
0.188221
0.190553
0.192358
0.193581
0.194177
0.194114
0.193376
0.191961
0.189882
0.18717
0.183869
0.180039
0.175749
0.171079
0.166113
0.160942
0.155654
0.150337
0.145073
0.139935
0.134989
0.13029
0.12588
0.121789
0.118039
0.114637
0.111581
0.108862
0.106461
0.104357
0.102521
0.100924
0.0995352
0.0983229
0.0972571
0.0963093
0.0954535
0.0946661
0.0939265
0.0932171
0.0925232
0.0918327
0.0911362
0.0904265
0.0896985
0.0889489
0.0881757
0.0873783
0.0865572
0.0857137
0.0848497
0.0839676
0.0830703
0.0821611
0.0812433
0.0803203
0.0793957
0.0784731
0.0775559
0.0766475
0.0757512
0.07487
0.0740069
0.0731645
0.0723451
0.0715511
0.0707843
0.0700463
0.0693385
0.068662
0.0680176
0.0674057
0.0668267
0.0662806
0.0657672
0.0652861
0.0648367
0.0644182
0.0640298
0.0636703
0.0633387
0.0630338
0.0627545
0.0624996
0.062268
0.0620586
0.0618705
0.0617029
0.0615552
0.061427
0.0613181
0.0612286
0.061159
0.06111
0.0610827
0.0610786
0.0610996
0.061148
0.0612268
0.0613392
0.0614893
0.0616816
0.0619216
0.0622156
0.0625708
0.062996
0.0635013
0.0640986
0.0648018
0.0656271
0.0665927
0.0677187
0.0690267
0.070538
0.0722724
0.074245
0.0764637
0.0789245
0.0816082
0.0844764
0.0989693
