0.115517
0.116293
0.11706
0.117801
0.118501
0.119149
0.11974
0.120273
0.120751
0.121182
0.121574
0.121941
0.122293
0.122646
0.12301
0.123397
0.123818
0.12428
0.124791
0.125357
0.125981
0.126669
0.127423
0.128247
0.129145
0.130121
0.131182
0.132332
0.13358
0.134933
0.136396
0.137979
0.139685
0.141519
0.143481
0.145571
0.147783
0.150109
0.152535
0.155047
0.157624
0.160245
0.162884
0.165516
0.168114
0.170649
0.173096
0.175428
0.177619
0.179645
0.181487
0.183123
0.184537
0.185713
0.18664
0.187307
0.187708
0.187838
0.187697
0.187286
0.186612
0.185682
0.184509
0.183107
0.181495
0.179693
0.177725
0.175613
0.173385
0.171066
0.168682
0.16626
0.163823
0.161394
0.158994
0.156641
0.15435
0.152133
0.149999
0.147954
0.146
0.144138
0.142366
0.140678
0.139068
0.137528
0.13605
0.134624
0.13324
0.131891
0.130566
0.129259
0.127962
0.126672
0.125385
0.124097
0.12281
0.121523
0.120239
0.118962
0.117697
0.116447
0.115221
0.114025
0.112865
0.111748
0.110683
0.109675
0.108731
0.107857
0.107059
0.106341
0.105707
0.10516
0.104703
0.104337
0.104063
0.10388
0.103786
0.10378
0.103859
0.104018
0.104251
0.104554
0.104919
0.105339
0.105806
0.106312
0.106848
0.107406
0.107976
0.10855
0.109121
0.109682
0.110226
0.110749
0.111247
0.111719
0.112163
0.11258
0.112974
0.113348
0.113707
0.114059
0.114411
0.114772
0.115151
0.115557
0.115999
0.116486
0.117027
0.117628
0.118296
0.119034
0.119846
0.120732
0.121693
0.122725
0.123823
0.124982
0.126193
0.127446
0.128729
0.130032
0.131339
0.132636
0.133909
0.135141
0.136318
0.137425
0.138446
0.139368
0.140178
0.140863
0.141414
0.141821
0.142077
0.142177
0.142115
0.141891
0.141504
0.140956
0.140249
0.13939
0.138384
0.13724
0.135966
0.134574
0.133076
0.131483
0.12981
0.128071
0.126279
0.124451
0.122601
0.120745
0.118897
0.117071
0.115282
0.113541
0.11186
0.11025
0.108718
0.107272
0.105916
0.104652
0.103482
0.102405
0.101417
0.100513
0.0996886
0.0989355
0.0982455
0.09761
0.0970199
0.0964661
0.0959398
0.0954329
0.0949376
0.0944472
0.0939559
0.0934586
0.0929512
0.0924304
0.091894
0.0913401
0.0907675
0.090176
0.0895655
0.0889366
0.0882907
0.0876296
0.0869559
0.086273
0.0855852
0.0848978
0.0842167
0.083549
0.0829027
0.0822862
0.0817086
0.0811791
0.0807068
0.0803006
0.0799683
0.079717
0.079552
0.0794773
0.0794946
0.0796038
0.0798028
0.0800873
0.0804509
0.0808856
0.0813819
0.081929
0.0825151
0.0831281
0.0837554
0.0843849
0.0850047
0.0856037
0.086172
0.0867006
0.087182
0.0876097
0.087979
0.0882861
0.0885287
0.0887055
0.0888162
0.0888613
0.0888419
0.08876
0.0886176
0.0884173
0.0881619
0.0878546
0.0874988
0.0870982
0.0866572
0.0861803
0.0856728
0.0851409
0.084591
0.0840306
0.0834676
0.0829107
0.0823686
0.0818504
0.081365
0.0809209
0.0805263
0.0801884
0.0799136
0.0797073
0.0795742
0.079518
0.0795417
0.0878746
