0.133387
0.133501
0.133625
0.133751
0.133866
0.133962
0.13403
0.134065
0.134065
0.134029
0.133961
0.133868
0.133759
0.133644
0.133532
0.133432
0.133352
0.133294
0.133259
0.133243
0.133238
0.133235
0.133221
0.133186
0.133116
0.133004
0.132842
0.132627
0.132359
0.132041
0.131681
0.131288
0.130873
0.130448
0.130027
0.129622
0.129244
0.128906
0.128617
0.128386
0.128223
0.128136
0.128133
0.128223
0.128413
0.128714
0.129134
0.129683
0.130371
0.131205
0.132194
0.133344
0.134659
0.136142
0.137793
0.139608
0.14158
0.1437
0.145955
0.148327
0.150796
0.153338
0.155929
0.158538
0.161136
0.16369
0.166169
0.168537
0.170764
0.172817
0.174666
0.176283
0.177643
0.178725
0.179511
0.179987
0.180143
0.179975
0.179482
0.178668
0.177543
0.176119
0.174414
0.172449
0.170248
0.167837
0.165247
0.162508
0.159652
0.156713
0.153724
0.150719
0.147728
0.144783
0.141913
0.139145
0.136503
0.134008
0.131681
0.129534
0.127582
0.125831
0.124287
0.122951
0.121821
0.120892
0.120155
0.119599
0.11921
0.118974
0.118871
0.118884
0.118993
0.119178
0.119421
0.119701
0.120003
0.120309
0.120607
0.120883
0.121129
0.121338
0.121505
0.121629
0.12171
0.121751
0.121756
0.121731
0.121683
0.12162
0.12155
0.121481
0.121419
0.121373
0.121347
0.121344
0.121368
0.121419
0.121497
0.121598
0.121719
0.121854
0.121995
0.122134
0.122262
0.122369
0.122445
0.122478
0.122458
0.122375
0.122218
0.121978
0.121646
0.121215
0.120677
0.120028
0.119264
0.118383
0.117385
0.116269
0.11504
0.113702
0.112261
0.110725
0.109103
0.107407
0.105648
0.103841
0.101999
0.100137
0.0982708
0.0964163
0.094589
0.0928043
0.091077
0.0894214
0.0878506
0.0863766
0.0850102
0.0837604
0.0826349
0.0816395
0.0807786
0.0800544
0.0794676
0.0790173
0.0787009
0.0785144
0.0784523
0.078508
0.0786741
0.0789421
0.079303
0.0797473
0.0802652
0.0808468
0.0814821
0.0821614
0.082875
0.0836135
0.084368
0.0851298
0.0858908
0.0866434
0.0873805
0.0880958
0.0887838
0.0894398
0.0900603
0.0906428
0.0911862
0.0916908
0.0921583
0.0925919
0.0929963
0.0933774
0.093742
0.094098
0.0944536
0.0948172
0.0951967
0.0955995
0.0960315
0.0964975
0.0970001
0.0975402
0.0981163
0.098725
0.099361
0.100017
0.100685
0.101355
0.102016
0.10266
0.103275
0.103852
0.104383
0.104861
0.10528
0.105635
0.105924
0.106145
0.106296
0.106378
0.106392
0.106339
0.10622
0.106037
0.105792
0.105487
0.105126
0.104712
0.104249
0.103744
0.103203
0.102637
0.102055
0.101469
0.100894
0.100345
0.0998358
0.0993836
0.0990036
0.0987101
0.098516
0.098432
0.0984661
0.0986234
0.0989057
0.0993116
0.0998364
0.100472
0.101209
0.102035
0.102934
0.103891
0.104891
0.105916
0.106952
0.107982
0.108994
0.109974
0.110913
0.111801
0.112632
0.113401
0.114104
0.11474
0.115308
0.115809
0.116244
0.116616
0.116925
0.117175
0.117367
0.117502
0.117583
0.117608
0.117581
0.129327
