0.141011
0.139319
0.137633
0.13596
0.134307
0.132679
0.131082
0.12952
0.127999
0.126523
0.125095
0.12372
0.122399
0.121135
0.11993
0.118784
0.117698
0.116672
0.115707
0.114801
0.113953
0.113163
0.112429
0.111749
0.111121
0.110543
0.110011
0.109524
0.109077
0.108667
0.108291
0.107945
0.107624
0.107326
0.107048
0.106785
0.106535
0.106295
0.106064
0.105841
0.105623
0.10541
0.105204
0.105003
0.104808
0.104622
0.104444
0.104277
0.104122
0.103982
0.103857
0.10375
0.103663
0.103596
0.103552
0.103533
0.103538
0.10357
0.103631
0.103721
0.103841
0.103993
0.104177
0.104395
0.104648
0.104936
0.105259
0.105618
0.106012
0.106441
0.106904
0.1074
0.107927
0.108482
0.109064
0.109669
0.110294
0.110937
0.111593
0.11226
0.112933
0.113611
0.114289
0.114965
0.115637
0.116303
0.116959
0.117606
0.11824
0.118861
0.119468
0.120058
0.120631
0.121187
0.121722
0.122236
0.122728
0.123196
0.123638
0.124053
0.12444
0.124795
0.125119
0.125409
0.125664
0.125883
0.126064
0.126208
0.126314
0.12638
0.126408
0.126397
0.126349
0.126262
0.12614
0.125982
0.12579
0.125566
0.125313
0.125031
0.124725
0.124395
0.124045
0.123679
0.123298
0.122906
0.122507
0.122103
0.121698
0.121295
0.120897
0.120506
0.120126
0.119758
0.119406
0.119071
0.118755
0.118459
0.118185
0.117934
0.117706
0.117502
0.117321
0.117164
0.11703
0.116918
0.116828
0.116758
0.116707
0.116673
0.116654
0.116649
0.116655
0.11667
0.116692
0.11672
0.116749
0.116779
0.116808
0.116833
0.116853
0.116867
0.116873
0.11687
0.116859
0.116838
0.116807
0.116767
0.116718
0.11666
0.116595
0.116523
0.116445
0.116362
0.116276
0.116188
0.116099
0.11601
0.115923
0.115839
0.115758
0.115683
0.115615
0.115554
0.115503
0.115462
0.115433
0.115417
0.115415
0.115428
0.115459
0.115507
0.115574
0.11566
0.115768
0.115896
0.116046
0.116218
0.116412
0.116628
0.116866
0.117125
0.117405
0.117706
0.118026
0.118366
0.118724
0.119101
0.119495
0.119906
0.120335
0.12078
0.121243
0.121723
0.122221
0.122737
0.123271
0.123825
0.124398
0.12499
0.125603
0.126235
0.126885
0.127554
0.12824
0.12894
0.129652
0.130375
0.131104
0.131837
0.132568
0.133295
0.134013
0.134717
0.135403
0.136066
0.136702
0.137306
0.137873
0.1384
0.138882
0.139315
0.139694
0.140017
0.140279
0.140475
0.140604
0.14066
0.140641
0.140544
0.140366
0.140106
0.139762
0.139334
0.138823
0.138229
0.137555
0.136805
0.135981
0.135088
0.134132
0.133117
0.13205
0.130936
0.129782
0.128592
0.127371
0.126126
0.12486
0.123577
0.122282
0.120978
0.119669
0.118358
0.11705
0.115747
0.114455
0.113178
0.11192
0.110688
0.109486
0.10832
0.107194
0.106114
0.105084
0.104107
0.103187
0.102324
0.10152
0.100775
0.100088
0.0994586
0.0988856
0.0983679
0.0979047
0.0974956
0.0971408
0.0968409
0.0965973
0.10744
