1.61862e-18
1.41174e-18
1.58863e-18
2.06781e-18
2.87653e-18
4.11128e-18
5.93544e-18
8.59503e-18
1.24481e-17
1.80094e-17
2.60147e-17
3.75115e-17
5.39884e-17
7.75547e-17
1.11194e-16
1.59117e-16
2.27255e-16
3.23946e-16
4.60886e-16
6.54451e-16
9.2752e-16
1.312e-15
1.85228e-15
2.61003e-15
3.6707e-15
5.15251e-15
7.21864e-15
1.00939e-14
1.40874e-14
1.96232e-14
2.72821e-14
3.78578e-14
5.24328e-14
7.24805e-14
1.00003e-13
1.37712e-13
1.89281e-13
2.59666e-13
3.55546e-13
4.85905e-13
6.62799e-13
9.02376e-13
1.22622e-12
1.66314e-12
2.25146e-12
3.04214e-12
4.10271e-12
5.52259e-12
7.41983e-12
9.95007e-12
1.3318e-11
1.77923e-11
2.37252e-11
3.15768e-11
4.1948e-11
5.56208e-11
7.36119e-11
9.72399e-11
1.28211e-10
1.68731e-10
2.21641e-10
2.90598e-10
3.80298e-10
4.96757e-10
6.47669e-10
8.42853e-10
1.09482e-09
1.41946e-09
1.83694e-09
2.3728e-09
3.05928e-09
3.93705e-09
5.05728e-09
6.48422e-09
8.2984e-09
1.06005e-08
1.35162e-08
1.72021e-08
2.18528e-08
2.77096e-08
3.50713e-08
4.43071e-08
5.58721e-08
7.03263e-08
8.83572e-08
1.10807e-07
1.38707e-07
1.73313e-07
2.16156e-07
2.69097e-07
3.34391e-07
4.1477e-07
5.1353e-07
6.34647e-07
7.82899e-07
9.64024e-07
1.18489e-06
1.45372e-06
1.78029e-06
2.17626e-06
2.65549e-06
3.23437e-06
3.93231e-06
4.77221e-06
5.78103e-06
6.99046e-06
8.43765e-06
1.01661e-05
1.22265e-05
1.4678e-05
1.75894e-05
2.10404e-05
2.51233e-05
2.99447e-05
3.56274e-05
4.23125e-05
5.01622e-05
5.93619e-05
7.01234e-05
8.2688e-05
9.73303e-05
0.000114361
0.000134134
0.000157046
0.000183545
0.000214135
0.000249382
0.000289918
0.000336447
0.000389756
0.000450717
0.000520297
0.000599565
0.000689699
0.000791995
0.000907877
0.0010389
0.00118676
0.00135332
0.00154058
0.00175072
0.00198609
0.00224924
0.00254287
0.00286992
0.00323351
0.00363695
0.0040838
0.0045778
0.00512291
0.0057233
0.00638336
0.00710768
0.00790107
0.00876851
0.00971518
0.0107464
0.0118678
0.013085
0.0144037
0.01583
0.0173698
0.0190292
0.0208144
0.0227315
0.0247867
0.0269862
0.0293359
0.0318418
0.0345098
0.0373456
0.0403546
0.0435422
0.0469131
0.0504723
0.0542239
0.0581719
0.06232
0.066671
0.0712278
0.0759922
0.0809659
0.0861497
0.0915438
0.097148
0.102961
0.108981
0.115205
0.121631
0.128253
0.135067
0.142068
0.149247
0.156598
0.164112
0.17178
0.179592
0.187537
0.195603
0.203778
0.212049
0.220402
0.228824
0.2373
0.245814
0.254353
0.262899
0.271439
0.279957
0.288436
0.296864
0.305223
0.313501
0.321682
0.329752
0.337697
0.345505
0.35316
0.360651
0.367963
0.375083
0.381998
0.388692
0.395151
0.401361
0.407306
0.41297
0.418336
0.423389
0.428111
0.432486
0.436499
0.440137
0.443387
0.446239
0.448686
0.450725
0.452357
0.453587
0.454423
0.454881
0.454979
0.454739
0.454187
0.45335
0.452254
0.450927
0.449392
0.447664
0.445755
0.443664
0.441379
0.438878
0.436123
0.433064
0.429638
0.425774
0.421393
0.416415
0.410764
0.404376
0.397203
0.389229
0.380468
0.370982
0.360878
0.350316
0.339506
0.328702
0.31819
0.308269
0.299224
0.291295
0.284643
0.279313
0.275209
0.272067
0.269458
0.266805
0.263424
0.258584
0.251595
0.241893
0.229125
0.213219
0.194419
0.173275
0.150597
0.127367
0.104618
0.083317
0.0642546
0.047965
0.0346929
0.0244052
0.0168413
0.0115899
0.00817217
0.00611689
0.00561799
