0.10284
0.103353
0.103955
0.104651
0.10545
0.106359
0.107388
0.108546
0.109843
0.111287
0.112886
0.114644
0.116565
0.118648
0.120889
0.123281
0.125814
0.128472
0.131241
0.134102
0.137035
0.14002
0.143035
0.146059
0.149072
0.152055
0.154988
0.157853
0.160633
0.163311
0.165871
0.168294
0.170567
0.172671
0.174592
0.176314
0.177821
0.1791
0.180139
0.180925
0.181452
0.181714
0.181706
0.181431
0.180891
0.180094
0.179051
0.177774
0.176281
0.17459
0.172721
0.170698
0.168541
0.166276
0.163924
0.161507
0.159048
0.156564
0.154076
0.1516
0.14915
0.146741
0.144386
0.142093
0.139874
0.137737
0.135688
0.133734
0.13188
0.13013
0.128488
0.126955
0.125534
0.124224
0.123026
0.121938
0.120959
0.120086
0.119316
0.118647
0.118074
0.117594
0.117202
0.116896
0.11667
0.11652
0.116443
0.116433
0.116487
0.116599
0.116764
0.116977
0.117233
0.117525
0.117847
0.118192
0.118554
0.118925
0.119298
0.119665
0.120019
0.120353
0.120661
0.120935
0.12117
0.121361
0.121503
0.121593
0.121627
0.121604
0.121524
0.121385
0.121188
0.120936
0.12063
0.120274
0.119871
0.119426
0.118943
0.118427
0.117883
0.117318
0.116737
0.116145
0.11555
0.114957
0.114371
0.1138
0.11325
0.112725
0.112232
0.111777
0.111365
0.111001
0.11069
0.110437
0.110245
0.110118
0.110059
0.11007
0.110151
0.110305
0.110529
0.110823
0.111185
0.111612
0.112101
0.112645
0.113242
0.113885
0.114568
0.115285
0.116032
0.116801
0.117587
0.118386
0.119193
0.120004
0.120816
0.121627
0.122436
0.12324
0.124041
0.124839
0.125634
0.126427
0.127219
0.128013
0.128809
0.129609
0.130412
0.13122
0.132033
0.132849
0.133668
0.134488
0.135306
0.13612
0.136925
0.137719
0.138495
0.139249
0.139974
0.140664
0.141311
0.14191
0.14245
0.142925
0.143327
0.143645
0.143874
0.144004
0.144028
0.143938
0.14373
0.143397
0.142936
0.142343
0.141618
0.14076
0.139771
0.138654
0.137414
0.136055
0.134585
0.133012
0.131344
0.129592
0.127766
0.125876
0.123933
0.121948
0.119933
0.117898
0.115855
0.113815
0.111788
0.109784
0.107814
0.105888
0.104016
0.102205
0.100466
0.0988047
0.097229
0.0957446
0.0943566
0.0930685
0.0918828
0.0908004
0.0898209
0.0889423
0.0881612
0.087473
0.0868717
0.0863502
0.0859007
0.0855146
0.0851828
0.0848963
0.0846457
0.0844222
0.0842175
0.0840238
0.0838342
0.0836428
0.0834445
0.0832355
0.0830128
0.0827745
0.0825196
0.0822479
0.0819602
0.0816575
0.0813417
0.0810149
0.0806797
0.0803387
0.0799949
0.0796514
0.0793114
0.0789783
0.0786554
0.0783463
0.0780547
0.0777844
0.0775392
0.0773232
0.0771401
0.076994
0.0768885
0.0768273
0.0768133
0.0768494
0.0769376
0.0770797
0.0772764
0.0775279
0.0778336
0.0781921
0.0786013
0.0790581
0.0795586
0.0800979
0.0806702
0.0812687
0.0818854
0.0825116
0.0831376
0.0837533
0.0843485
0.0849136
0.08544
0.0859209
0.0863524
0.0867333
0.0870664
0.0873578
0.0876174
0.097766
