0
9.70453e-37
9.55112e-35
4.67392e-33
1.5163e-31
3.66864e-30
7.06097e-29
1.12611e-27
1.53067e-26
1.81013e-25
1.89191e-24
1.76944e-23
1.4958e-22
1.15242e-21
8.14835e-21
5.31884e-20
3.22157e-19
1.81867e-18
9.60652e-18
4.7644e-17
2.22545e-16
9.81738e-16
4.10042e-15
1.62518e-14
6.12506e-14
2.19928e-13
7.5365e-13
2.46875e-12
7.74198e-12
2.32755e-11
6.71713e-11
1.86309e-10
4.97223e-10
1.27822e-09
3.16841e-09
7.58032e-09
1.75206e-08
3.91576e-08
8.46966e-08
1.77445e-07
3.60381e-07
7.10087e-07
1.35848e-06
2.52537e-06
4.56526e-06
8.03176e-06
1.37627e-05
2.29871e-05
3.74546e-05
5.95838e-05
9.26233e-05
0.00014082
0.00020958
0.000305625
0.000437123
0.000613801
0.000847053
0.00115004
0.00153781
0.00202746
0.00263833
0.00339231
0.00431421
0.00543217
0.00677812
0.00838836
0.010304
0.0125713
0.0152422
0.0183747
0.0220324
0.0262849
0.0312075
0.0368807
0.0433894
0.0508225
0.0592713
0.0688288
0.0795879
0.0916399
0.105072
0.119967
0.136398
0.154429
0.174111
0.195478
0.218549
0.243319
0.269763
0.297829
0.327438
0.358486
0.390836
0.424323
0.458754
0.493905
0.529527
0.565347
0.601068
0.636377
0.670947
0.704442
0.736522
0.766849
0.795094
0.82094
0.844091
0.864276
0.881255
0.894822
0.904811
0.911099
0.91361
0.912311
0.907221
0.898404
0.885968
0.870069
0.850899
0.828689
0.803703
0.776227
0.746574
0.715069
0.682046
0.647844
0.612801
0.577245
0.541493
0.505846
0.470583
0.435962
0.40221
0.369532
0.3381
0.308058
0.279521
0.252575
0.227281
0.203672
0.181758
0.16153
0.142958
0.125998
0.110589
0.0966626
0.0841399
0.0729363
0.0629627
0.0541279
0.0463402
0.0395087
0.0335449
0.0283635
0.0238832
0.0200274
0.0167247
0.0139088
0.0115192
0.00950075
0.00780355
0.00638305
0.00519955
0.00421798
0.00340757
0.0027415
0.00219651
0.00175259
0.00139261
0.001102
0.000868439
0.000681552
0.000532674
0.000414599
0.000321365
0.000248069
0.000190701
0.000145994
0.000111307
8.45117e-05
6.3902e-05
4.81191e-05
3.6085e-05
2.69489e-05
2.00429e-05
1.48452e-05
1.09501e-05
8.0437e-06
5.88437e-06
4.28698e-06
3.11035e-06
2.24737e-06
1.61713e-06
1.15884e-06
8.27009e-07
5.87765e-07
4.16011e-07
2.93234e-07
2.0584e-07
1.43898e-07
1.00182e-07
6.94591e-08
4.796e-08
3.2979e-08
2.25841e-08
1.54021e-08
1.04608e-08
7.07549e-09
4.76605e-09
3.1972e-09
2.13595e-09
1.42109e-09
9.41588e-10
6.21313e-10
4.0829e-10
2.67201e-10
1.74147e-10
1.13033e-10
7.3064e-11
4.7034e-11
3.0153e-11
1.92513e-11
1.22405e-11
7.75085e-12
4.88776e-12
3.06959e-12
1.91983e-12
1.19579e-12
7.41748e-13
4.58216e-13
2.819e-13
1.72715e-13
1.05384e-13
6.40373e-14
3.87526e-14
2.3355e-14
1.40175e-14
8.37859e-15
4.9875e-15
2.9567e-15
1.74559e-15
1.02633e-15
6.00958e-16
3.50439e-16
2.03513e-16
1.17702e-16
6.7793e-17
3.88864e-17
2.22138e-17
1.26374e-17
7.15987e-18
4.03983e-18
2.27004e-18
1.27032e-18
7.07955e-19
3.92924e-19
2.17182e-19
1.1955e-19
6.55368e-20
3.57794e-20
1.94532e-20
1.05332e-20
5.67993e-21
3.05025e-21
1.63131e-21
8.68864e-22
4.60868e-22
2.43451e-22
1.28073e-22
6.70988e-23
3.50092e-23
1.81912e-23
9.41345e-24
4.85119e-24
2.48976e-24
1.27256e-24
6.4775e-25
3.28358e-25
1.65767e-25
8.33408e-26
4.17281e-26
2.08069e-26
1.03323e-26
5.10972e-27
2.51656e-27
1.23431e-27
6.02911e-28
2.93285e-28
1.42081e-28
6.85476e-29
3.29349e-29
1.57591e-29
7.50965e-30
3.56401e-30
1.68488e-30
7.94123e-31
3.74747e-31
1.80873e-31
9.90766e-32
9.85108e-32
