0.429343
0.420983
0.411091
0.400181
0.388721
0.377096
0.365601
0.354438
0.343732
0.333539
0.323873
0.314716
0.306034
0.297785
0.28993
0.282433
0.275264
0.2684
0.261824
0.255523
0.24949
0.24372
0.238211
0.232961
0.227969
0.223236
0.218763
0.214551
0.2106
0.206911
0.203484
0.200319
0.197416
0.194774
0.19239
0.190263
0.188388
0.186761
0.185375
0.184225
0.183301
0.182593
0.182092
0.181785
0.181657
0.181696
0.181884
0.182204
0.182639
0.18317
0.183777
0.184439
0.185137
0.185849
0.186555
0.187232
0.187862
0.188423
0.188895
0.189262
0.189504
0.189606
0.189553
0.189331
0.18893
0.188339
0.187552
0.186562
0.185368
0.183967
0.182361
0.180555
0.178555
0.176368
0.174007
0.171485
0.168816
0.166018
0.163111
0.160115
0.157054
0.15395
0.15083
0.147719
0.144643
0.141631
0.138708
0.135902
0.13324
0.130746
0.128446
0.126362
0.124515
0.122925
0.121609
0.120581
0.119853
0.119432
0.119325
0.119532
0.120052
0.12088
0.122005
0.123416
0.125094
0.12702
0.12917
0.131517
0.134031
0.136678
0.139424
0.142231
0.14506
0.147872
0.150625
0.153279
0.155794
0.15813
0.160249
0.162116
0.163696
0.164959
0.165878
0.166429
0.166593
0.166355
0.165704
0.164635
0.163146
0.161241
0.158929
0.156223
0.153141
0.149704
0.14594
0.141876
0.137546
0.132987
0.128236
0.123334
0.118324
0.113249
0.108153
0.103083
0.0980823
0.0931975
0.0884729
0.0839524
0.0796788
0.0756935
0.0720361
0.068744
0.0658526
0.0633941
0.061398
0.0598901
0.0588925
0.0584228
0.0584937
0.059113
0.0602824
0.0619976
0.0642474
0.0670137
0.0702712
0.0739866
0.0781194
0.082621
0.0874356
0.0925005
0.0977462
0.103098
0.108475
0.113796
0.118975
0.123925
0.128562
0.132803
0.136572
0.139795
0.142411
0.144363
0.145608
0.146114
0.145862
0.144845
0.14307
0.140556
0.137336
0.133453
0.128962
0.123927
0.118418
0.112513
0.106291
0.0998356
0.0932285
0.0865505
0.0798787
0.0732851
0.0668359
0.0605899
0.0545983
0.0489043
0.0435425
0.03854
0.033916
0.029683
0.0258478
0.0224124
0.0193754
0.0167332
0.0144817
0.0126174
0.0111393
0.0100494
0.00935474
0.00906737
0.00920535
0.00979255
0.0108582
0.0124359
0.0145614
0.0172704
0.0205954
0.0245614
0.0291817
0.0344533
0.040352
0.0468283
0.053804
0.0611697
0.0687844
0.0764771
0.0840508
0.0912885
0.0979618
0.103842
0.10871
0.112372
0.114669
0.115489
0.114774
0.112526
0.10881
0.103748
0.0975163
0.0903326
0.0824445
0.0741145
0.0656051
0.0571648
0.0490155
0.0413431
0.034291
0.0279577
0.0223972
0.0176229
0.0136132
0.0103191
0.00767205
0.00559167
0.00399297
0.00279204
0.00191052
0.00127849
0.0008361
0.000533956
0.000332729
0.000202134
0.000119605
6.88625e-05
3.85366e-05
2.09368e-05
1.10291e-05
5.62548e-06
2.77401e-06
1.32027e-06
6.05377e-07
2.66881e-07
1.12865e-07
4.56732e-08
1.7636e-08
6.47729e-09
2.25464e-09
7.4072e-10
2.28589e-10
6.58965e-11
1.76288e-11
4.34232e-12
9.7544e-13
1.97465e-13
3.54819e-14
5.54721e-15
7.34143e-16
7.90238e-17
6.4923e-18
3.62274e-19
1.03114e-20
1.95412e-29
