0.12798
0.127896
0.128834
0.130861
0.134002
0.138244
0.143524
0.149737
0.156737
0.164347
0.17237
0.180611
0.188884
0.197036
0.204952
0.212562
0.219841
0.226804
0.23349
0.239955
0.246248
0.252402
0.258422
0.264277
0.269902
0.2752
0.28005
0.284324
0.287896
0.290655
0.292518
0.293438
0.293406
0.292452
0.290643
0.288076
0.28487
0.281155
0.277068
0.27274
0.268293
0.263835
0.259453
0.255216
0.251174
0.247358
0.243782
0.240448
0.237344
0.234453
0.231747
0.229198
0.226773
0.224439
0.222166
0.219924
0.217683
0.215423
0.213121
0.210763
0.208338
0.205841
0.20327
0.200628
0.197925
0.195172
0.192386
0.189586
0.186793
0.184032
0.181327
0.178705
0.17619
0.173809
0.171586
0.169542
0.167698
0.166073
0.164683
0.163542
0.162662
0.16205
0.161713
0.161656
0.161882
0.162391
0.163181
0.16425
0.165595
0.167208
0.169083
0.171212
0.173585
0.17619
0.179013
0.182039
0.185251
0.188629
0.19215
0.19579
0.199521
0.203313
0.207135
0.21095
0.214721
0.21841
0.221975
0.225375
0.228567
0.231509
0.234161
0.236481
0.238433
0.239981
0.241095
0.241747
0.241915
0.241582
0.240738
0.239378
0.237503
0.235121
0.232245
0.228895
0.225097
0.220881
0.216282
0.211339
0.206095
0.200594
0.194881
0.189004
0.183009
0.176942
0.170848
0.164767
0.158739
0.152799
0.14698
0.141309
0.13581
0.130503
0.125403
0.12052
0.115862
0.111433
0.107233
0.103259
0.0995047
0.0959635
0.0926254
0.0894796
0.0865138
0.0837155
0.0810714
0.0785684
0.0761934
0.0739337
0.0717774
0.069713
0.0677301
0.0658191
0.0639714
0.0621796
0.0604373
0.0587391
0.0570808
0.0554596
0.0538735
0.0523221
0.0508061
0.0493277
0.0478906
0.0465002
0.0451637
0.04389
0.0426905
0.0415786
0.0405703
0.0396839
0.0389405
0.0383634
0.0379783
0.037813
0.0378965
0.0382587
0.0389295
0.0399373
0.0413079
0.0430631
0.0452185
0.0477825
0.0507537
0.0541199
0.057856
0.0619233
0.0662684
0.0708233
0.075506
0.0802214
0.0848636
0.0893185
0.0934677
0.097192
0.100376
0.102914
0.104713
0.105696
0.105811
0.105026
0.103338
0.10077
0.0973698
0.0932105
0.088386
0.0830073
0.0771975
0.0710871
0.064808
0.0584888
0.0522497
0.0461987
0.0404284
0.0350139
0.0300117
0.0254594
0.0213771
0.0177685
0.0146234
0.0119198
0.0096272
0.00770883
0.00612441
0.00483229
0.00379137
0.00296255
0.00230981
0.00180085
0.00140746
0.00110557
0.000875075
0.000699551
0.000565832
0.000463568
0.000384768
0.000323365
0.000274831
0.00023583
0.000203937
0.000177409
0.000154997
0.000135809
0.000119207
0.000104726
9.20239e-05
8.08405e-05
7.09724e-05
6.22555e-05
5.45538e-05
4.77511e-05
4.1747e-05
3.64527e-05
3.17896e-05
2.76876e-05
2.40838e-05
2.09219e-05
1.81516e-05
1.57276e-05
1.36096e-05
1.17615e-05
1.01511e-05
8.74975e-06
7.53205e-06
6.47537e-06
5.55968e-06
4.76727e-06
4.08249e-06
3.49155e-06
2.9823e-06
2.54407e-06
2.16749e-06
1.84435e-06
1.56749e-06
1.33065e-06
1.12837e-06
9.55917e-07
8.09184e-07
6.84625e-07
5.79188e-07
4.90263e-07
4.1564e-07
3.53471e-07
3.02252e-07
2.60821e-07
2.28377e-07
2.04553e-07
1.89558e-07
1.84457e-07
1.91711e-07
2.44596e-07
