0.0829205
0.0824151
0.0820309
0.0817618
0.0816008
0.0815405
0.0815731
0.0816908
0.0818861
0.0821519
0.0824814
0.0828686
0.0833078
0.0837937
0.0843214
0.0848862
0.0854833
0.086108
0.0867557
0.0874214
0.0881005
0.0887882
0.0894798
0.090171
0.0908578
0.0915364
0.0922037
0.0928571
0.0934945
0.0941144
0.0947158
0.0952983
0.0958618
0.096407
0.0969345
0.0974454
0.0979412
0.0984234
0.0988935
0.0993535
0.099805
0.10025
0.100689
0.101126
0.10156
0.101993
0.102426
0.10286
0.103295
0.103732
0.104171
0.104613
0.105055
0.1055
0.105946
0.106393
0.106841
0.107289
0.107739
0.108188
0.108639
0.109091
0.109544
0.11
0.110459
0.110921
0.111388
0.11186
0.112339
0.112824
0.113317
0.113818
0.114327
0.114846
0.115373
0.115909
0.116454
0.117008
0.117569
0.118139
0.118716
0.119299
0.119888
0.120483
0.121082
0.121684
0.122289
0.122896
0.123504
0.12411
0.124715
0.125317
0.125913
0.126503
0.127085
0.127657
0.128217
0.128763
0.129294
0.129807
0.130301
0.130773
0.131223
0.131649
0.132048
0.132421
0.132765
0.133079
0.133363
0.133614
0.133834
0.134019
0.13417
0.134286
0.134365
0.134408
0.134412
0.134378
0.134305
0.134192
0.134039
0.133845
0.133611
0.133336
0.133022
0.132668
0.132275
0.131846
0.131381
0.130882
0.130352
0.129792
0.129207
0.128597
0.127968
0.127322
0.126664
0.125995
0.125322
0.124646
0.123973
0.123307
0.12265
0.122008
0.121383
0.120779
0.120199
0.119647
0.119124
0.118634
0.118178
0.117757
0.117374
0.117028
0.11672
0.11645
0.116218
0.116023
0.115863
0.115738
0.115645
0.115583
0.11555
0.115543
0.11556
0.115599
0.115656
0.11573
0.115818
0.115917
0.116025
0.116139
0.116258
0.116378
0.116498
0.116615
0.116728
0.116834
0.116933
0.117022
0.1171
0.117167
0.117221
0.117261
0.117288
0.117301
0.117299
0.117284
0.117256
0.117216
0.117165
0.117104
0.117034
0.116957
0.116875
0.116789
0.116701
0.116613
0.116526
0.116443
0.116364
0.116292
0.116227
0.11617
0.116123
0.116087
0.116062
0.11605
0.116051
0.116066
0.116096
0.116142
0.116204
0.116284
0.116383
0.116502
0.116642
0.116804
0.116989
0.117199
0.117434
0.117696
0.117984
0.118299
0.118641
0.119011
0.119406
0.119827
0.120272
0.120741
0.121232
0.121744
0.122275
0.122823
0.123389
0.123969
0.124564
0.125172
0.125792
0.126422
0.127063
0.127713
0.128372
0.129037
0.129708
0.130382
0.131059
0.131736
0.132411
0.133082
0.133745
0.134399
0.13504
0.135665
0.136273
0.136859
0.137423
0.137961
0.13847
0.138949
0.139396
0.139808
0.140183
0.140519
0.140813
0.141062
0.141265
0.141419
0.141521
0.141569
0.141562
0.141496
0.141371
0.141187
0.140944
0.140642
0.140283
0.139869
0.139403
0.138889
0.138329
0.137729
0.137092
0.136423
0.135726
0.135004
0.134261
0.133501
0.132727
0.131941
0.131146
0.130344
0.129538
0.128729
0.12792
0.127114
0.126313
0.12552
0.124739
0.137241
