4.23007e-22
3.71284e-22
4.38258e-22
6.04021e-22
8.86735e-22
1.33176e-21
2.01472e-21
3.05248e-21
4.62166e-21
6.98709e-21
1.05441e-20
1.58813e-20
2.38727e-20
3.5814e-20
5.36211e-20
8.01214e-20
1.19479e-19
1.77814e-19
2.64103e-19
3.91482e-19
5.7914e-19
8.55044e-19
1.25987e-18
1.85268e-18
2.71901e-18
3.9825e-18
5.82153e-18
8.4929e-18
1.23655e-17
1.79684e-17
2.60581e-17
3.77153e-17
5.44793e-17
7.85394e-17
1.13002e-16
1.62265e-16
2.32546e-16
3.32609e-16
4.74794e-16
6.76426e-16
9.61793e-16
1.36486e-15
1.93305e-15
2.7324e-15
3.85472e-15
5.42739e-15
7.62673e-15
1.06964e-14
1.49721e-14
2.09162e-14
2.91631e-14
4.05823e-14
5.63629e-14
7.81274e-14
1.08086e-13
1.49241e-13
2.05666e-13
2.82875e-13
3.88313e-13
5.3202e-13
7.27499e-13
9.92876e-13
1.35244e-12
1.83865e-12
2.49484e-12
3.37868e-12
4.56682e-12
6.16088e-12
8.29536e-12
1.11479e-11
1.49525e-11
2.0017e-11
2.67455e-11
3.56672e-11
4.74738e-11
6.30677e-11
8.36235e-11
1.10667e-10
1.46177e-10
1.92712e-10
2.53577e-10
3.3303e-10
4.36544e-10
5.71145e-10
7.45826e-10
9.72082e-10
1.26457e-09
1.64194e-09
2.12789e-09
2.75244e-09
3.55356e-09
4.57917e-09
5.88964e-09
7.56084e-09
9.68793e-09
1.239e-08
1.5816e-08
2.01512e-08
2.56264e-08
3.2528e-08
4.12108e-08
5.21134e-08
6.57768e-08
8.28671e-08
1.04202e-07
1.30786e-07
1.63844e-07
2.04875e-07
2.55703e-07
3.18547e-07
3.96096e-07
4.91608e-07
6.09017e-07
7.53063e-07
9.29452e-07
1.14503e-06
1.40799e-06
1.72814e-06
2.11716e-06
2.58895e-06
3.16004e-06
3.84998e-06
4.68191e-06
5.68312e-06
6.88575e-06
8.32754e-06
1.00527e-05
1.2113e-05
1.45688e-05
1.74905e-05
2.09596e-05
2.50709e-05
2.99339e-05
3.56751e-05
4.24399e-05
5.03957e-05
5.97341e-05
7.06744e-05
8.3467e-05
9.83966e-05
0.000115787
0.000136005
0.000159466
0.000186636
0.000218044
0.000254281
0.000296008
0.000343967
0.000398983
0.000461974
0.00053396
0.000616067
0.000709543
0.000815759
0.000936223
0.00107259
0.00122666
0.00140042
0.001596
0.00181573
0.00206215
0.00233796
0.0026461
0.00298973
0.00337221
0.00379715
0.00426841
0.00479007
0.00536646
0.00600216
0.00670202
0.00747111
0.00831476
0.00923854
0.0102483
0.01135
0.01255
0.0138546
0.0152707
0.016805
0.0184645
0.0202564
0.0221879
0.0242665
0.0264994
0.0288941
0.0314582
0.034199
0.0371238
0.0402399
0.0435544
0.047074
0.0508056
0.0547553
0.0589293
0.0633331
0.0679718
0.0728503
0.0779725
0.083342
0.0889617
0.0948337
0.10096
0.10734
0.113974
0.120862
0.128001
0.135388
0.143019
0.15089
0.158994
0.167326
0.175877
0.184638
0.1936
0.202753
0.212085
0.221583
0.231236
0.241029
0.250948
0.260977
0.271102
0.281305
0.29157
0.301878
0.312212
0.322552
0.332878
0.34317
0.353406
0.363564
0.373622
0.383554
0.393337
0.402945
0.412353
0.421535
0.430464
0.439116
0.447466
0.455489
0.463165
0.470474
0.477399
0.483926
0.490044
0.495747
0.50103
0.505894
0.510338
0.514367
0.517985
0.521193
0.523991
0.526374
0.528331
0.529841
0.530874
0.531392
0.531342
0.530665
0.529291
0.527148
0.524165
0.520277
0.515434
0.509613
0.50282
0.495107
0.486571
0.477363
0.467683
0.457771
0.447894
0.438314
0.429262
0.420892
0.413246
0.406214
0.399511
0.392674
0.385079
0.375994
0.364661
0.350393
0.332689
0.311337
0.286488
0.258684
0.228832
0.198116
0.16786
0.139369
0.113765
0.0918661
0.0741075
0.0605408
0.0508886
0.0500194
