4.1199e-49
3.99611e-49
6.64732e-49
1.29083e-48
2.58415e-48
5.19493e-48
1.0432e-47
2.09027e-47
4.17822e-47
8.33122e-47
1.65711e-46
3.28792e-46
6.50754e-46
1.28481e-45
2.5304e-45
4.97129e-45
9.74267e-45
1.90466e-44
3.7144e-44
7.22589e-44
1.40226e-43
2.71455e-43
5.24208e-43
1.00982e-42
1.94054e-42
3.71995e-42
7.11362e-42
1.35701e-41
2.58236e-41
4.90219e-41
9.28336e-41
1.75373e-40
3.30495e-40
6.21314e-40
1.16521e-39
2.17992e-39
4.06841e-39
7.57455e-39
1.40682e-38
2.60657e-38
4.81781e-38
8.88346e-38
1.63406e-37
2.9985e-37
5.48903e-37
1.0024e-36
1.82618e-36
3.31896e-36
6.01752e-36
1.08841e-35
1.96392e-35
3.53522e-35
6.34849e-35
1.13733e-34
2.03265e-34
3.62413e-34
6.44627e-34
1.14388e-33
2.02495e-33
3.57616e-33
6.30068e-33
1.10746e-32
1.94193e-32
3.39713e-32
5.92873e-32
1.03225e-31
1.79299e-31
3.10702e-31
5.37139e-31
9.26411e-31
1.59403e-30
2.73632e-30
4.68615e-30
8.0065e-30
1.36474e-29
2.32079e-29
3.93736e-29
6.66431e-29
1.12535e-28
1.89586e-28
3.18646e-28
5.34313e-28
8.93861e-28
1.49187e-27
2.48417e-27
4.12685e-27
6.83986e-27
1.13101e-26
1.86585e-26
3.07099e-26
5.04284e-26
8.26161e-26
1.35036e-25
2.20207e-25
3.58268e-25
5.81545e-25
9.41795e-25
1.5217e-24
2.45302e-24
3.94525e-24
6.33067e-24
1.01351e-23
1.61886e-23
2.57985e-23
4.1019e-23
6.50701e-23
1.02988e-22
1.62629e-22
2.56222e-22
4.0276e-22
6.31665e-22
9.88412e-22
1.54313e-21
2.4037e-21
3.73571e-21
5.79274e-21
8.96219e-21
1.38346e-20
2.13082e-20
3.27463e-20
5.02135e-20
7.68312e-20
1.1731e-19
1.78747e-19
2.71832e-19
4.12647e-19
6.25415e-19
9.46674e-19
1.43172e-18
2.16471e-18
3.2747e-18
4.96183e-18
7.54088e-18
1.15157e-17
1.77091e-17
2.74943e-17
4.32147e-17
6.89528e-17
1.11951e-16
1.85253e-16
3.12597e-16
5.37514e-16
9.4012e-16
1.66802e-15
2.99275e-15
5.41232e-15
9.83579e-15
1.79133e-14
3.26207e-14
5.92875e-14
1.07387e-13
1.93626e-13
3.47239e-13
6.18958e-13
1.0961e-12
1.92772e-12
3.36609e-12
5.83466e-12
1.00382e-11
1.714e-11
2.90438e-11
4.88395e-11
8.15004e-11
1.34964e-10
2.21797e-10
3.61724e-10
5.85462e-10
9.40445e-10
1.49934e-09
2.37254e-09
3.72645e-09
5.80988e-09
8.99185e-09
1.38154e-08
2.10734e-08
3.19144e-08
4.7989e-08
7.16518e-08
1.06235e-07
1.56419e-07
2.28729e-07
3.32191e-07
4.79204e-07
6.86665e-07
9.77447e-07
1.38227e-06
1.94213e-06
2.71131e-06
3.76121e-06
5.18508e-06
7.10392e-06
9.67363e-06
1.30937e-05
1.76181e-05
2.35672e-05
3.13437e-05
4.14498e-05
5.45084e-05
7.12874e-05
9.27275e-05
0.000119975
0.000154419
0.000197733
0.000251921
0.000319375
0.000402927
0.000505921
0.000632283
0.000786599
0.000974199
0.00120125
0.00147486
0.00180318
0.00219549
0.00266236
0.00321574
0.00386907
0.00463742
0.00553761
0.0065883
0.00781013
0.00922579
0.0108601
0.0127401
0.0148951
0.0173566
0.0201584
0.0233364
0.0269286
0.0309751
0.0355174
0.0405987
0.0462631
0.0525558
0.0595219
0.0672066
0.075654
0.0849068
0.0950058
0.105988
0.117889
0.130736
0.144554
0.15936
0.175165
0.191971
0.209772
0.228551
0.248283
0.268929
0.290442
0.312763
0.335818
0.359525
0.38379
0.408507
0.433559
0.45882
0.484157
0.509427
0.534484
0.559173
0.583341
0.606833
0.629493
0.65117
0.67172
0.691003
0.708892
0.725271
0.740037
0.753104
0.764402
0.773883
0.781517
0.787297
0.791239
0.793384
0.793796
0.792564
0.789803
0.785652
0.780277
0.773868
0.766642
0.758843
0.750743
0.742647
0.734898
0.727882
0.722038
0.717866
0.715936
0.716889
0.721433
0.730304
0.744222
0.763786
0.789341
0.919614
