0
0.00227543
0.00290437
0.00368867
0.00466143
0.00586137
0.00733348
0.0091296
0.011309
0.0139389
0.0170947
0.0208606
0.0253293
0.0306021
0.0367882
0.0440045
0.0523742
0.0620252
0.0730886
0.0856963
0.0999782
0.116059
0.134056
0.154071
0.176193
0.200487
0.226995
0.255726
0.286659
0.319734
0.354847
0.391854
0.430566
0.470745
0.512109
0.554332
0.597047
0.63985
0.682305
0.723953
0.764316
0.80291
0.83925
0.872865
0.903304
0.930147
0.953016
0.971583
0.985578
0.994793
0.999092
0.998411
0.99276
0.982223
0.966957
0.947186
0.923197
0.895333
0.863985
0.82958
0.792577
0.753453
0.712692
0.670777
0.628183
0.585362
0.542743
0.500721
0.45965
0.419847
0.381579
0.345072
0.310504
0.278006
0.24767
0.219545
0.193644
0.169948
0.148409
0.128953
0.111491
0.0959125
0.0820999
0.0699264
0.0592613
0.0499727
0.04193
0.0350064
0.0290805
0.0240374
0.0197699
0.016179
0.0131744
0.0106744
0.00860565
0.00690329
0.00551011
0.00437618
0.00345829
0.00271931
0.00212758
0.00165633
0.00128303
0.000988916
0.000758425
0.000578758
0.000439453
0.000332016
0.000249596
0.000186701
0.000138959
0.00010291
7.58334e-05
5.56025e-05
4.05658e-05
2.9448e-05
2.12708e-05
1.52877e-05
1.09328e-05
7.77953e-06
5.50815e-06
3.88051e-06
2.72022e-06
1.89736e-06
1.31682e-06
9.09359e-07
6.24849e-07
4.27214e-07
2.90635e-07
1.96735e-07
1.32509e-07
8.88058e-08
5.922e-08
3.9294e-08
2.59428e-08
1.70426e-08
1.11401e-08
7.24556e-09
4.68906e-09
3.01948e-09
1.93468e-09
1.23344e-09
7.82449e-10
4.93886e-10
3.1019e-10
1.93848e-10
1.20538e-10
7.45797e-11
4.59142e-11
2.81258e-11
1.71433e-11
1.03972e-11
6.27432e-12
3.76747e-12
2.25094e-12
1.33816e-12
7.91563e-13
4.65901e-13
2.72855e-13
1.59002e-13
9.21944e-14
5.31909e-14
3.05352e-14
1.7442e-14
9.91341e-15
5.60636e-15
3.15479e-15
1.7664e-15
9.84105e-16
5.45537e-16
3.00911e-16
1.65152e-16
9.01903e-17
4.90081e-17
2.64976e-17
1.42553e-17
7.63095e-18
4.06454e-18
2.15414e-18
1.13598e-18
5.96069e-19
3.1121e-19
1.61675e-19
8.35724e-20
4.29847e-20
2.19987e-20
1.12024e-20
5.67617e-21
2.86175e-21
1.43562e-21
7.16602e-22
3.55917e-22
1.75893e-22
8.64932e-23
4.232e-23
2.06035e-23
9.98082e-24
4.81087e-24
2.30734e-24
1.10111e-24
5.22857e-25
2.47039e-25
1.16139e-25
5.43279e-26
2.52871e-26
1.17113e-26
5.3969e-27
2.47465e-27
1.12905e-27
5.12562e-28
2.31531e-28
1.04065e-28
4.65403e-29
2.07103e-29
9.17009e-30
4.04011e-30
1.7711e-30
7.72546e-31
3.35303e-31
1.44804e-31
6.22237e-32
2.66049e-32
1.13188e-32
4.79146e-33
2.01822e-33
8.45861e-34
3.52745e-34
1.46371e-34
6.04337e-35
2.48276e-35
1.0149e-35
4.128e-36
1.67066e-36
6.72773e-37
2.69575e-37
1.07479e-37
4.2638e-38
1.68307e-38
6.61055e-39
2.58348e-39
1.00462e-39
3.88716e-40
1.49656e-40
5.73304e-41
2.18529e-41
8.28824e-42
3.12786e-42
1.17453e-42
4.38845e-43
1.63151e-43
6.03531e-44
2.22147e-44
8.13602e-45
2.96494e-45
1.0751e-45
3.87895e-46
1.39255e-46
4.97437e-47
1.76806e-47
6.25297e-48
2.20043e-48
7.70476e-49
2.68437e-49
9.30585e-50
3.20997e-50
1.10173e-50
3.76257e-51
1.27856e-51
4.32306e-52
1.45443e-52
4.86882e-53
1.62176e-53
5.37501e-54
1.77257e-54
5.81647e-55
1.89909e-55
6.1697e-56
1.9944e-56
6.41494e-57
2.05307e-57
6.53801e-58
2.07166e-58
6.53164e-59
2.04907e-59
6.39621e-60
1.98664e-60
6.13971e-61
1.88802e-61
5.77692e-62
1.7588e-62
5.32806e-63
1.60602e-63
4.81688e-64
1.43751e-64
4.26861e-65
1.26123e-65
3.70793e-66
1.08467e-66
3.15718e-67
2.41321e-67
