0.0941452
0.0944936
0.0949429
0.0955043
0.0961883
0.0970038
0.0979577
0.0990539
0.100294
0.101676
0.103195
0.104846
0.10662
0.108509
0.110504
0.112597
0.114781
0.11705
0.119401
0.121832
0.124341
0.126928
0.129592
0.132333
0.13515
0.138037
0.14099
0.144
0.147056
0.150145
0.153249
0.15635
0.159426
0.162456
0.165416
0.168281
0.17103
0.173637
0.176083
0.178347
0.180411
0.182259
0.183877
0.185255
0.186384
0.187257
0.18787
0.18822
0.188307
0.188132
0.1877
0.187014
0.186082
0.184913
0.183517
0.181908
0.180101
0.178112
0.17596
0.173664
0.171246
0.168728
0.166133
0.163483
0.160801
0.158109
0.155428
0.152777
0.150174
0.147636
0.145177
0.142811
0.140547
0.138396
0.136365
0.134459
0.132684
0.131043
0.129538
0.128169
0.126936
0.125838
0.124873
0.124037
0.123325
0.122732
0.122253
0.121878
0.121601
0.121412
0.121301
0.121258
0.121273
0.121334
0.12143
0.121551
0.121684
0.121819
0.121947
0.122057
0.122142
0.122193
0.122205
0.122172
0.12209
0.121955
0.121766
0.121523
0.121226
0.120877
0.120478
0.120033
0.119546
0.119023
0.118469
0.11789
0.117293
0.116684
0.11607
0.115459
0.114857
0.114271
0.113708
0.113175
0.112676
0.112218
0.111805
0.111443
0.111135
0.110884
0.110693
0.110564
0.110496
0.110491
0.110547
0.110662
0.110836
0.111063
0.111342
0.111667
0.112034
0.112438
0.112875
0.11334
0.113829
0.114336
0.114859
0.115395
0.115942
0.116498
0.117063
0.117637
0.118222
0.11882
0.119433
0.120066
0.12072
0.121402
0.122114
0.12286
0.123643
0.124467
0.125333
0.126242
0.127194
0.128187
0.129219
0.130286
0.131381
0.1325
0.133632
0.13477
0.135903
0.137021
0.138111
0.139163
0.140165
0.141105
0.141972
0.142755
0.143446
0.144035
0.144515
0.144881
0.145128
0.145253
0.145255
0.145132
0.144887
0.14452
0.144036
0.143438
0.14273
0.141918
0.141007
0.140003
0.13891
0.137736
0.136484
0.135161
0.133772
0.132321
0.130815
0.129258
0.127654
0.126009
0.124327
0.122613
0.120872
0.119107
0.117324
0.115527
0.113719
0.111904
0.110086
0.108269
0.106454
0.104645
0.102845
0.101058
0.0992851
0.0975308
0.0957987
0.0940929
0.0924181
0.0907794
0.0891824
0.0876332
0.0861382
0.084704
0.083337
0.0820436
0.0808295
0.0797
0.0786591
0.0777102
0.076855
0.076094
0.0754264
0.0748499
0.0743608
0.0739542
0.0736241
0.0733638
0.0731658
0.0730223
0.0729254
0.0728674
0.0728409
0.072839
0.0728559
0.0728863
0.0729262
0.0729725
0.0730232
0.0730771
0.0731343
0.0731953
0.0732616
0.0733351
0.0734181
0.0735134
0.0736238
0.0737521
0.0739013
0.0740742
0.0742736
0.074502
0.0747622
0.0750565
0.0753875
0.0757576
0.076169
0.0766243
0.0771255
0.0776747
0.0782737
0.078924
0.0796264
0.0803811
0.0811878
0.082045
0.0829506
0.0839015
0.0848936
0.0859219
0.0869805
0.0880626
0.0891606
0.0902657
0.0913684
0.092458
0.0935224
0.0945487
0.0955228
0.0964296
0.0972536
0.0979796
0.0985934
0.109834
