0.101195
0.101667
0.102224
0.102875
0.103626
0.10449
0.105474
0.106591
0.107849
0.109258
0.110824
0.112553
0.114445
0.1165
0.118713
0.121075
0.123576
0.126203
0.128938
0.131767
0.134669
0.137628
0.140625
0.143641
0.14666
0.149665
0.152639
0.155566
0.158431
0.161217
0.163908
0.166487
0.168937
0.17124
0.173377
0.175332
0.177085
0.178621
0.179924
0.18098
0.181779
0.182312
0.182573
0.182562
0.182279
0.18173
0.180924
0.179873
0.178591
0.177096
0.175407
0.173545
0.171531
0.169387
0.167135
0.164797
0.162393
0.159942
0.157465
0.154978
0.152496
0.150037
0.147612
0.145236
0.142919
0.140672
0.138504
0.136424
0.13444
0.132557
0.13078
0.129114
0.127561
0.126123
0.1248
0.123593
0.122501
0.121521
0.120651
0.119889
0.119231
0.118673
0.118211
0.117842
0.117561
0.117363
0.117245
0.1172
0.117225
0.117313
0.11746
0.117658
0.117902
0.118185
0.118498
0.118836
0.11919
0.119552
0.119914
0.120269
0.120608
0.120924
0.121211
0.121461
0.12167
0.121831
0.121942
0.121997
0.121997
0.121938
0.12182
0.121644
0.121412
0.121125
0.120786
0.120399
0.119968
0.119498
0.118993
0.118459
0.117902
0.117327
0.11674
0.116147
0.115554
0.114967
0.114393
0.113836
0.113302
0.112798
0.112329
0.111899
0.111514
0.111178
0.110896
0.110671
0.110508
0.110407
0.110373
0.110405
0.110506
0.110673
0.110908
0.111208
0.11157
0.111991
0.112468
0.112996
0.113571
0.114187
0.114839
0.115523
0.116232
0.116963
0.117711
0.118472
0.119243
0.120021
0.120805
0.121594
0.122386
0.123182
0.123982
0.124788
0.125599
0.126418
0.127245
0.128081
0.128926
0.129781
0.130645
0.131516
0.132394
0.133275
0.134158
0.135038
0.135911
0.136773
0.137619
0.138442
0.139238
0.140001
0.140722
0.141397
0.142018
0.142578
0.143069
0.143486
0.143819
0.144063
0.14421
0.144254
0.144188
0.144008
0.143708
0.143285
0.142735
0.142057
0.141251
0.140317
0.139257
0.138075
0.136775
0.135364
0.133849
0.132237
0.130538
0.12876
0.126914
0.12501
0.123058
0.121068
0.119052
0.117019
0.114979
0.112942
0.110918
0.108916
0.106946
0.105015
0.103134
0.101309
0.0995488
0.0978611
0.0962524
0.094729
0.0932961
0.0919579
0.0907177
0.0895775
0.0885379
0.0875982
0.0867564
0.0860091
0.0853514
0.0847777
0.0842808
0.0838531
0.0834862
0.0831714
0.0828997
0.0826623
0.0824507
0.0822569
0.0820735
0.0818941
0.0817132
0.0815261
0.0813295
0.0811208
0.0808985
0.0806621
0.0804117
0.0801484
0.0798738
0.0795898
0.0792989
0.0790038
0.0787076
0.0784133
0.0781243
0.0778437
0.0775752
0.0773221
0.0770882
0.0768771
0.0766928
0.0765391
0.07642
0.0763393
0.076301
0.0763087
0.0763657
0.076475
0.0766391
0.0768598
0.0771382
0.0774749
0.0778694
0.0783204
0.0788261
0.0793833
0.0799884
0.0806365
0.0813219
0.0820377
0.082776
0.0835278
0.084283
0.0850309
0.0857602
0.0864592
0.0871173
0.0877246
0.0882737
0.0887595
0.0891806
0.0895393
0.0898419
0.100198
