0.161262
0.163225
0.165148
0.167016
0.168816
0.170534
0.172157
0.173673
0.175068
0.17633
0.177447
0.178407
0.179201
0.179818
0.180249
0.180487
0.180525
0.180359
0.179987
0.179408
0.178624
0.177638
0.176459
0.175095
0.173558
0.171862
0.170024
0.16806
0.165989
0.163832
0.161609
0.159338
0.15704
0.154731
0.152429
0.150149
0.147902
0.145701
0.143554
0.141468
0.139448
0.1375
0.135626
0.133827
0.132105
0.130462
0.128896
0.127408
0.125998
0.124666
0.12341
0.122229
0.121122
0.120087
0.119122
0.118223
0.117387
0.116611
0.115891
0.115221
0.114597
0.114016
0.113472
0.112962
0.112481
0.112026
0.111594
0.111182
0.110787
0.110408
0.110042
0.109687
0.109343
0.109005
0.108673
0.108344
0.108015
0.107684
0.107347
0.107001
0.106642
0.106268
0.105875
0.105461
0.105023
0.10456
0.10407
0.103554
0.103011
0.102443
0.101851
0.101238
0.100608
0.0999651
0.0993129
0.0986569
0.0980026
0.0973558
0.0967226
0.096109
0.0955216
0.0949665
0.09445
0.0939781
0.0935567
0.0931913
0.0928869
0.0926482
0.092479
0.0923828
0.0923621
0.0924187
0.0925535
0.0927666
0.093057
0.0934231
0.0938621
0.0943705
0.0949439
0.0955772
0.0962649
0.0970004
0.0977773
0.0985885
0.0994269
0.100285
0.101156
0.102033
0.102909
0.103778
0.104635
0.105473
0.106289
0.107079
0.107839
0.108566
0.109261
0.10992
0.110543
0.111131
0.111685
0.112206
0.112695
0.113154
0.113587
0.113997
0.114385
0.114757
0.115115
0.115464
0.115807
0.116148
0.116492
0.116841
0.1172
0.117573
0.117961
0.118369
0.118798
0.11925
0.119726
0.120226
0.12075
0.121296
0.121863
0.122447
0.123045
0.123652
0.124264
0.124875
0.125479
0.12607
0.126643
0.12719
0.127707
0.128188
0.12863
0.129028
0.12938
0.129684
0.129939
0.130146
0.130306
0.13042
0.130491
0.130524
0.130522
0.13049
0.130432
0.130353
0.130259
0.130153
0.130042
0.129928
0.129816
0.129709
0.129609
0.12952
0.129443
0.129378
0.129327
0.129289
0.129264
0.12925
0.129245
0.129247
0.129252
0.129257
0.129257
0.129249
0.129225
0.129182
0.129114
0.129015
0.128879
0.128702
0.128478
0.128202
0.127872
0.127484
0.127035
0.126525
0.125953
0.12532
0.124629
0.12388
0.12308
0.122231
0.121339
0.12041
0.119451
0.118467
0.117465
0.116452
0.115434
0.114418
0.113409
0.112413
0.111435
0.110478
0.109547
0.108645
0.107775
0.106939
0.106138
0.105375
0.104651
0.103966
0.103322
0.102717
0.102153
0.101629
0.101145
0.100699
0.100291
0.0999203
0.099584
0.0992803
0.0990065
0.0987597
0.0985362
0.0983319
0.0981422
0.0979619
0.0977856
0.0976072
0.0974208
0.0972201
0.0969993
0.096753
0.0964766
0.0961663
0.09582
0.095437
0.0950182
0.0945663
0.0940858
0.0935825
0.0930636
0.0925368
0.0920104
0.0914922
0.0909894
0.0905082
0.0900533
0.0896277
0.0892331
0.0888698
0.088537
0.0882335
0.0879578
0.0877089
0.0874868
0.0872922
0.087127
0.0869944
0.0868982
0.0868427
0.0868323
0.0973712
