0.26525
0.263658
0.261355
0.258499
0.255251
0.251769
0.2482
0.244676
0.241306
0.238178
0.235346
0.232836
0.230638
0.228713
0.226994
0.225393
0.223811
0.222149
0.220319
0.218251
0.215906
0.213276
0.210386
0.207289
0.204059
0.200782
0.197541
0.194413
0.19145
0.18868
0.186104
0.183692
0.181391
0.179133
0.176841
0.174442
0.171868
0.169073
0.166031
0.16274
0.159222
0.155522
0.151701
0.147834
0.144003
0.140289
0.136773
0.133527
0.130611
0.128077
0.125959
0.124284
0.123062
0.122297
0.12198
0.122097
0.122628
0.123547
0.124826
0.126434
0.128338
0.130505
0.1329
0.135491
0.138244
0.141127
0.144112
0.147169
0.150275
0.153408
0.156549
0.159685
0.162806
0.165906
0.168984
0.172042
0.175086
0.178127
0.181176
0.184247
0.187355
0.190515
0.193741
0.197046
0.20044
0.203929
0.207515
0.211196
0.214965
0.218808
0.222708
0.22664
0.230575
0.234479
0.238313
0.242038
0.245606
0.248974
0.252094
0.254919
0.257405
0.259509
0.261191
0.262417
0.263157
0.263386
0.263088
0.262252
0.260874
0.258957
0.256512
0.253556
0.250113
0.246214
0.241893
0.23719
0.232149
0.226817
0.221242
0.215475
0.209565
0.203563
0.197518
0.191475
0.185479
0.17957
0.173785
0.168157
0.162715
0.157482
0.152479
0.147721
0.143218
0.138979
0.135005
0.131296
0.127849
0.124657
0.121712
0.119002
0.116515
0.114237
0.112154
0.11025
0.10851
0.106919
0.10546
0.104118
0.102881
0.101733
0.100662
0.0996569
0.0987056
0.0977987
0.0969272
0.0960832
0.0952601
0.094452
0.0936543
0.0928634
0.0920766
0.0912927
0.0905111
0.089733
0.0889604
0.088197
0.0874478
0.0867196
0.0860206
0.0853613
0.0847541
0.0842134
0.0837558
0.0834004
0.0831681
0.0830819
0.0831665
0.0834478
0.0839523
0.0847065
0.0857355
0.0870625
0.0887067
0.0906826
0.0929981
0.0956529
0.0986374
0.101931
0.105502
0.109304
0.113281
0.117361
0.121463
0.125496
0.129358
0.132946
0.136151
0.138871
0.141004
0.142463
0.143173
0.143073
0.142128
0.140319
0.137655
0.134165
0.129903
0.124941
0.11937
0.113295
0.10683
0.100095
0.0932104
0.0862924
0.0794501
0.0727817
0.0663715
0.0602886
0.0545859
0.0492998
0.0444514
0.0400472
0.0360815
0.0325378
0.0293919
0.0266134
0.0241686
0.0220216
0.0201369
0.0184799
0.0170183
0.0157229
0.0145677
0.0135301
0.0125911
0.0117347
0.0109478
0.0102201
0.0095432
0.00891055
0.00831712
0.00775899
0.00723313
0.00673716
0.00626919
0.00582769
0.00541136
0.00501906
0.00464976
0.00430251
0.00397639
0.00367052
0.00338403
0.00311606
0.00286577
0.00263233
0.00241491
0.00221269
0.00202489
0.00185072
0.00168943
0.00154027
0.00140253
0.00127552
0.00115856
0.00105101
0.000952253
0.000861698
0.000778781
0.000702964
0.000633737
0.000570617
0.000513146
0.000460892
0.00041345
0.000370439
0.000331502
0.000296304
0.000264534
0.000235904
0.000210145
0.000187008
0.000166264
0.000147703
0.000131132
0.000116376
0.000103276
9.16907e-05
8.14934e-05
7.25753e-05
6.4845e-05
5.82299e-05
5.26797e-05
4.81709e-05
4.47154e-05
4.2374e-05
4.1278e-05
4.16647e-05
4.39325e-05
5.51376e-05
