6.003e-62
6.21504e-62
1.19828e-61
2.65209e-61
5.98713e-61
1.35278e-60
3.05018e-60
6.85961e-60
1.53856e-59
3.44167e-59
7.67819e-59
1.70839e-58
3.79099e-58
8.38993e-58
1.85184e-57
4.07654e-57
8.94999e-57
1.95973e-56
4.27971e-56
9.32133e-56
2.02483e-55
4.38677e-55
9.47873e-55
2.0427e-54
4.39046e-54
9.41166e-54
2.01222e-53
4.29078e-53
9.1254e-53
1.93563e-52
4.09496e-52
8.64039e-52
1.81834e-51
3.81659e-51
7.98981e-51
1.66824e-50
3.47409e-50
7.21586e-50
1.49485e-49
3.08868e-49
6.36521e-49
1.30834e-48
2.68222e-48
5.48451e-48
1.11854e-47
2.27527e-47
4.61624e-47
9.34147e-47
1.88545e-46
3.79569e-46
7.6215e-46
1.5264e-45
3.0491e-45
6.07511e-45
1.20731e-44
2.39313e-44
4.73161e-44
9.33178e-44
1.83604e-43
3.60472e-43
7.06646e-43
1.38511e-42
2.72335e-42
5.40848e-42
1.10049e-41
2.35518e-41
5.51265e-41
1.46672e-40
4.48457e-40
1.53316e-39
5.60786e-39
2.11537e-38
8.04428e-38
3.04688e-37
1.14263e-36
4.23076e-36
1.54468e-35
5.55823e-35
1.97077e-34
6.88548e-34
2.37064e-33
8.04412e-33
2.69049e-32
8.87122e-32
2.884e-31
9.24548e-31
2.9231e-30
9.11588e-30
2.80447e-29
8.51249e-29
2.5496e-28
7.53615e-28
2.19858e-27
6.33147e-27
1.80005e-26
5.05279e-26
1.40054e-25
3.83374e-25
1.03648e-24
2.76793e-24
7.30212e-24
1.90322e-23
4.90135e-23
1.24731e-22
3.13691e-22
7.79727e-22
1.91574e-21
4.65286e-21
1.11721e-20
2.65227e-20
6.22597e-20
1.44524e-19
3.31779e-19
7.53307e-19
1.69179e-18
3.7584e-18
8.25995e-18
1.79599e-17
3.86381e-17
8.22515e-17
1.7327e-16
3.61229e-16
7.45343e-16
1.52221e-15
3.07728e-15
6.15837e-15
1.22012e-14
2.39333e-14
4.64836e-14
8.93967e-14
1.70254e-13
3.21114e-13
5.99836e-13
1.10981e-12
2.03391e-12
3.69246e-12
6.64089e-12
1.18329e-11
2.08902e-11
3.65431e-11
6.33445e-11
1.08813e-10
1.85248e-10
3.12572e-10
5.2276e-10
8.6664e-10
1.42426e-09
2.3205e-09
3.7484e-09
6.00362e-09
9.53484e-09
1.50168e-08
2.34549e-08
3.63342e-08
5.58286e-08
8.50916e-08
1.28659e-07
1.92997e-07
2.87244e-07
4.24207e-07
6.21679e-07
9.04175e-07
1.30519e-06
1.87011e-06
2.65994e-06
3.75604e-06
5.26598e-06
7.33098e-06
1.01349e-05
1.39155e-05
1.89776e-05
2.57096e-05
3.46021e-05
4.62715e-05
6.14858e-05
8.11964e-05
0.000106573
0.000139046
0.000180353
0.000232589
0.000298269
0.000380396
0.000482528
0.000608864
0.000764333
0.000954686
0.0011866
0.00146781
0.00180717
0.00221486
0.00270244
0.00328303
0.00397144
0.00478429
0.00574016
0.00685972
0.00816584
0.00968372
0.011441
0.0134677
0.0157964
0.0184624
0.0215032
0.0249589
0.0288718
0.0332864
0.0382489
0.0438071
0.0500099
0.0569067
0.0645471
0.0729801
0.0822534
0.0924126
0.1035
0.115555
0.128611
0.142697
0.157833
0.174033
0.191302
0.209634
0.229013
0.249411
0.270789
0.293094
0.316259
0.340205
0.364839
0.390054
0.415731
0.441738
0.467932
0.494158
0.520254
0.546049
0.571368
0.596028
0.61985
0.642651
0.664252
0.684479
0.703166
0.720155
0.735301
0.748472
0.759554
0.768446
0.77507
0.779368
0.781299
0.780847
0.778018
0.772838
0.765354
0.755636
0.743771
0.729865
0.714041
0.696436
0.677202
0.656498
0.634495
0.611369
0.587298
0.562465
0.537049
0.511229
0.485178
0.459063
0.433043
0.407266
0.381871
0.356984
0.332721
0.309183
0.286458
0.264622
0.243738
0.223855
0.205012
0.187236
0.170543
0.154942
0.14043
0.127001
0.114641
0.103334
0.0930592
0.0837972
0.0755297
0.0682435
0.061934
0.0566104
0.0523034
0.0490754
0.0470351
0.046357
0.0473059
0.056317
