2.41849e-87
2.93791e-87
9.936e-87
3.30573e-85
2.60139e-83
1.62891e-81
8.15866e-80
3.398e-78
1.21034e-76
3.76375e-75
1.03801e-73
2.57063e-72
5.77433e-71
1.18628e-69
2.24452e-68
3.93446e-67
6.4223e-66
9.80557e-65
1.40582e-63
1.89917e-62
2.42504e-61
2.9349e-60
3.37501e-59
3.69613e-58
3.86283e-57
3.85985e-56
3.69398e-55
3.39134e-54
2.99118e-53
2.53805e-52
2.07443e-51
1.63513e-50
1.24435e-49
9.15205e-49
6.51182e-48
4.48634e-47
2.99545e-46
1.93983e-45
1.21935e-44
7.44522e-44
4.41881e-43
2.55092e-42
1.43325e-41
7.8422e-41
4.18107e-40
2.17322e-39
1.10182e-38
5.45157e-38
2.63353e-37
1.24267e-36
5.73008e-36
2.58305e-35
1.13879e-34
4.91203e-34
2.07368e-33
8.57111e-33
3.46974e-32
1.37614e-31
5.34898e-31
2.03824e-30
7.61623e-30
2.79159e-29
1.00394e-28
3.54344e-28
1.22776e-27
4.17718e-27
1.39584e-26
4.58224e-26
1.4781e-25
4.68607e-25
1.46046e-24
4.4754e-24
1.34873e-23
3.99814e-23
1.16603e-22
3.34627e-22
9.45131e-22
2.62772e-21
7.19277e-21
1.93873e-20
5.14651e-20
1.34571e-19
3.4666e-19
8.79902e-19
2.20093e-18
5.42608e-18
1.31866e-17
3.15944e-17
7.46407e-17
1.73895e-16
3.99581e-16
9.05695e-16
2.02523e-15
4.46825e-15
9.72799e-15
2.09019e-14
4.43276e-14
9.27986e-14
1.91795e-13
3.91391e-13
7.887e-13
1.5696e-12
3.08524e-12
5.99044e-12
1.14907e-11
2.17771e-11
4.07817e-11
7.54721e-11
1.38042e-10
2.49566e-10
4.4602e-10
7.88067e-10
1.37676e-09
2.37841e-09
4.06344e-09
6.86634e-09
1.1477e-08
1.8978e-08
3.10482e-08
5.02618e-08
8.05198e-08
1.27667e-07
2.00363e-07
3.11292e-07
4.78833e-07
7.29319e-07
1.10008e-06
1.64345e-06
2.43205e-06
3.56557e-06
5.17949e-06
7.45601e-06
1.06378e-05
1.50446e-05
2.10943e-05
2.93272e-05
4.04357e-05
5.52993e-05
7.50253e-05
0.000100996
0.000134921
0.000178903
0.000235502
0.000307814
0.000399558
0.000515171
0.000659909
0.000839963
0.00106258
0.00133619
0.00167056
0.00207692
0.00256815
0.00315892
0.00386586
0.00470777
0.00570571
0.00688328
0.00826666
0.00988487
0.0117698
0.0139564
0.0164826
0.0193895
0.0227212
0.0265249
0.0308505
0.0357503
0.041279
0.047493
0.05445
0.0622082
0.0708257
0.0803596
0.0908649
0.102394
0.114994
0.128709
0.143574
0.159617
0.176857
0.195303
0.214951
0.235784
0.257773
0.280872
0.30502
0.330141
0.35614
0.382907
0.410316
0.438224
0.466473
0.494893
0.5233
0.5515
0.579289
0.606458
0.632795
0.658085
0.682116
0.704681
0.72558
0.744623
0.761635
0.776456
0.788946
0.798984
0.806473
0.811341
0.81354
0.813049
0.809873
0.804046
0.795625
0.784693
0.771358
0.755748
0.738012
0.718316
0.696841
0.673782
0.649339
0.623722
0.597143
0.569815
0.541949
0.513751
0.485417
0.457139
0.429093
0.401445
0.374344
0.347926
0.322311
0.297602
0.273885
0.251232
0.229696
0.209318
0.190123
0.172122
0.155315
0.13969
0.125225
0.111891
0.0996492
0.0884565
0.0782641
0.0690196
0.0606681
0.0531528
0.0464163
0.0404011
0.0350505
0.0303093
0.0261238
0.0224428
0.0192175
0.0164021
0.0139535
0.0118317
0.0099998
0.008424
0.00707339
0.00591997
0.00493849
0.00410631
0.00340324
0.00281137
0.00231487
0.00189985
0.00155417
0.00126724
0.00102993
0.000834336
0.00067369
0.000542208
0.000434968
0.000347806
0.000277207
0.000220222
0.000174385
0.000137642
0.000108292
8.49273e-05
6.63935e-05
5.17438e-05
4.02066e-05
3.11555e-05
2.40844e-05
1.85868e-05
1.43383e-05
1.10823e-05
8.6198e-06
6.80098e-06
5.52213e-06
4.72831e-06
4.42748e-06
5.29548e-06
