0.178884
0.178967
0.178507
0.177523
0.176038
0.174081
0.171685
0.168882
0.16571
0.162205
0.158401
0.154334
0.150038
0.145546
0.140888
0.136096
0.131198
0.126223
0.121198
0.116151
0.111108
0.106097
0.101144
0.096278
0.0915257
0.0869149
0.0824729
0.0782265
0.074201
0.07042
0.066904
0.0636698
0.0607295
0.0580894
0.0557495
0.0537028
0.0519352
0.0504255
0.0491459
0.0480629
0.0471391
0.0463341
0.0456072
0.0449187
0.0442328
0.0435187
0.0427527
0.0419197
0.0410134
0.0400372
0.0390034
0.0379331
0.0368542
0.0358002
0.0348083
0.0339168
0.0331635
0.0325833
0.0322064
0.0320569
0.0321517
0.0324997
0.0331016
0.0339507
0.0350326
0.0363273
0.0378096
0.0394512
0.0412216
0.0430895
0.0450243
0.0469965
0.0489787
0.0509458
0.0528747
0.0547448
0.0565371
0.0582339
0.0598184
0.0612745
0.0625862
0.063738
0.0647148
0.0655023
0.0660875
0.0664594
0.0666094
0.0665323
0.0662269
0.065696
0.0649468
0.0639915
0.0628463
0.0615313
0.0600704
0.0584899
0.0568182
0.0550845
0.0533187
0.0515497
0.0498056
0.0481126
0.0464948
0.0449738
0.0435689
0.042297
0.0411723
0.0402073
0.0394126
0.0387972
0.0383692
0.0381358
0.0381038
0.0382797
0.0386702
0.0392823
0.0401229
0.0411997
0.0425205
0.0440933
0.0459263
0.0480273
0.050404
0.0530632
0.0560105
0.0592503
0.0627848
0.0666138
0.0707343
0.0751402
0.0798211
0.0847628
0.0899464
0.0953482
0.100939
0.106686
0.112549
0.118485
0.124445
0.130378
0.136229
0.14194
0.147452
0.152708
0.157651
0.162226
0.166384
0.170079
0.173274
0.175939
0.178052
0.179602
0.180587
0.181013
0.180899
0.180272
0.179167
0.177626
0.1757
0.173442
0.170909
0.16816
0.165254
0.162249
0.159199
0.156154
0.153161
0.150258
0.14748
0.144852
0.142395
0.140123
0.138043
0.136158
0.134465
0.132958
0.131629
0.130466
0.129456
0.128586
0.127843
0.127213
0.126686
0.12625
0.125898
0.12562
0.125412
0.12527
0.12519
0.12517
0.125211
0.125311
0.125472
0.125695
0.125979
0.126326
0.126735
0.127207
0.127742
0.128337
0.128991
0.129702
0.130467
0.131282
0.132143
0.133046
0.133988
0.134963
0.135968
0.136998
0.138048
0.139116
0.140198
0.141292
0.142394
0.143503
0.144618
0.145738
0.146862
0.147991
0.149125
0.150264
0.15141
0.152562
0.153722
0.15489
0.156066
0.157251
0.158443
0.159643
0.160849
0.162058
0.163269
0.164479
0.165684
0.166882
0.168068
0.169238
0.17039
0.17152
0.172624
0.1737
0.174746
0.17576
0.176742
0.177692
0.178613
0.179507
0.180376
0.181227
0.182065
0.182896
0.183726
0.184563
0.185412
0.18628
0.187169
0.188083
0.189018
0.189971
0.190933
0.19189
0.192825
0.193717
0.19454
0.195266
0.195867
0.196317
0.196589
0.196667
0.196535
0.196192
0.19564
0.194894
0.193975
0.192908
0.191723
0.190447
0.189104
0.187708
0.186265
0.18477
0.183206
0.181551
0.179779
0.177863
0.175787
0.173547
0.171157
0.168648
0.166076
0.16351
0.161033
0.158733
0.156695
0.154992
0.153681
0.152794
0.152338
0.170626
