0.0244842
0.0253171
0.0265918
0.028314
0.0304736
0.0330429
0.0359757
0.0392085
0.0426633
0.046252
0.0498823
0.0534635
0.0569131
0.0601621
0.0631601
0.0658781
0.0683102
0.0704731
0.0724048
0.0741613
0.0758126
0.0774376
0.0791196
0.0809404
0.082976
0.085292
0.0879397
0.0909538
0.0943502
0.0981257
0.102259
0.106713
0.111437
0.11637
0.121451
0.126614
0.131803
0.136968
0.142071
0.147089
0.15201
0.156837
0.161578
0.166249
0.170868
0.175448
0.179999
0.184521
0.189004
0.193427
0.19776
0.201968
0.206007
0.209836
0.213412
0.216698
0.219664
0.222287
0.224555
0.226463
0.228012
0.229214
0.23008
0.230625
0.230867
0.230818
0.23049
0.229891
0.229026
0.227896
0.226498
0.224829
0.222884
0.220658
0.218151
0.215361
0.212293
0.208957
0.205366
0.20154
0.197502
0.193283
0.188915
0.184436
0.179887
0.175307
0.170741
0.166229
0.161812
0.157528
0.153413
0.149496
0.145803
0.142356
0.139168
0.136251
0.133606
0.131233
0.129122
0.127262
0.125636
0.124222
0.122997
0.121934
0.121005
0.120182
0.119437
0.11874
0.118067
0.117391
0.116693
0.115953
0.115156
0.11429
0.113346
0.112321
0.111214
0.110026
0.108764
0.107437
0.106053
0.104628
0.103175
0.101711
0.100251
0.0988124
0.0974125
0.0960676
0.0947935
0.093605
0.0925158
0.0915382
0.0906827
0.0899586
0.0893731
0.0889319
0.088639
0.0884968
0.0885061
0.0886663
0.0889754
0.0894305
0.0900275
0.0907618
0.0916283
0.0926215
0.093736
0.0949667
0.0963089
0.0977588
0.0993136
0.100972
0.102733
0.104599
0.106573
0.10866
0.110866
0.113199
0.115669
0.118285
0.121057
0.123995
0.127107
0.130399
0.133875
0.137533
0.141367
0.145364
0.149507
0.153769
0.158114
0.162502
0.16688
0.171193
0.175375
0.179358
0.18307
0.186436
0.189386
0.191849
0.193764
0.195075
0.19574
0.195727
0.195021
0.19362
0.19154
0.188812
0.185481
0.181608
0.177262
0.172525
0.167483
0.162228
0.15685
0.151438
0.146076
0.140842
0.135802
0.131014
0.126523
0.122362
0.118554
0.115109
0.112027
0.1093
0.106912
0.104839
0.103056
0.101532
0.100235
0.0991345
0.0981978
0.0973954
0.0966991
0.0960835
0.0955258
0.0950062
0.0945074
0.0940153
0.0935181
0.0930063
0.0924726
0.0919117
0.0913197
0.0906943
0.0900343
0.0893396
0.088611
0.0878497
0.087058
0.0862384
0.0853937
0.0845272
0.0836426
0.0827434
0.0818335
0.0809168
0.0799974
0.079079
0.0781658
0.0772614
0.0763695
0.0754938
0.0746376
0.0738041
0.0729962
0.0722167
0.071468
0.0707524
0.0700717
0.0694277
0.0688217
0.0682549
0.0677282
0.0672422
0.0667972
0.0663936
0.0660312
0.0657099
0.0654294
0.0651892
0.0649888
0.0648277
0.0647051
0.0646205
0.0645733
0.0645631
0.0645895
0.0646522
0.0647511
0.0648866
0.0650589
0.0652687
0.0655171
0.0658054
0.0661353
0.0665091
0.0669292
0.067399
0.0679222
0.0685037
0.0691489
0.0698647
0.0706591
0.071542
0.0725249
0.0736215
0.0748471
0.076219
0.0777554
0.0794743
0.0813921
0.0835204
0.0858638
0.0884157
0.0911548
0.094042
0.0970179
0.113148
