0.0502997
0.0497761
0.0492431
0.0486978
0.0481447
0.0475944
0.047062
0.0465649
0.0461214
0.045749
0.0454633
0.0452774
0.0452011
0.0452409
0.0453999
0.0456778
0.0460712
0.0465735
0.0471756
0.0478661
0.0486313
0.049456
0.0503238
0.0512178
0.0521207
0.053016
0.053888
0.0547227
0.0555082
0.0562349
0.056896
0.0574877
0.058009
0.0584619
0.0588508
0.0591826
0.0594659
0.0597109
0.0599287
0.0601306
0.0603283
0.0605326
0.0607538
0.0610009
0.0612819
0.0616031
0.0619696
0.0623851
0.0628524
0.0633728
0.0639474
0.0645764
0.0652599
0.0659981
0.066791
0.0676393
0.0685438
0.0695056
0.0705263
0.0716075
0.0727506
0.0739568
0.0752265
0.076559
0.0779525
0.0794034
0.0809064
0.0824544
0.0840384
0.0856477
0.0872703
0.0888931
0.090503
0.0920867
0.0936323
0.0951295
0.0965706
0.0979512
0.0992707
0.100533
0.101746
0.102922
0.10408
0.105241
0.106429
0.107673
0.109003
0.110448
0.112041
0.11381
0.115781
0.117978
0.120421
0.123122
0.126089
0.129325
0.132824
0.136577
0.140564
0.144762
0.149141
0.153666
0.158297
0.162991
0.167698
0.172368
0.17695
0.181388
0.185629
0.189619
0.193304
0.196635
0.199565
0.202051
0.204055
0.205545
0.206496
0.206892
0.206723
0.205987
0.204695
0.202862
0.200514
0.197686
0.194419
0.19076
0.186765
0.18249
0.177998
0.17335
0.168611
0.163842
0.159103
0.154449
0.149933
0.145599
0.141488
0.137633
0.13406
0.130788
0.127831
0.125194
0.122877
0.120875
0.119179
0.117774
0.116642
0.115763
0.115114
0.114672
0.114412
0.114311
0.114342
0.114483
0.11471
0.115003
0.115342
0.115708
0.116085
0.116459
0.116816
0.117147
0.117442
0.117694
0.117898
0.11805
0.118148
0.118193
0.118185
0.118127
0.118022
0.117876
0.117695
0.117486
0.117257
0.117017
0.116775
0.116541
0.116324
0.116136
0.115986
0.115884
0.115839
0.11586
0.115956
0.116132
0.116396
0.116751
0.117201
0.117748
0.118393
0.119133
0.119966
0.120889
0.121894
0.122976
0.124126
0.125335
0.126592
0.127888
0.129212
0.130551
0.131897
0.133237
0.134562
0.135865
0.137136
0.138369
0.13956
0.140705
0.141803
0.142854
0.143859
0.144822
0.145747
0.14664
0.14751
0.148362
0.149206
0.150051
0.150903
0.151771
0.15266
0.153576
0.154521
0.155496
0.1565
0.15753
0.158578
0.159636
0.160694
0.161739
0.162759
0.163738
0.164662
0.165516
0.166287
0.166961
0.167528
0.167977
0.168299
0.168488
0.168536
0.168438
0.168188
0.167781
0.167211
0.166473
0.165561
0.164472
0.163201
0.161748
0.160115
0.158307
0.156336
0.154217
0.151971
0.149623
0.147205
0.14475
0.142291
0.139866
0.137507
0.135244
0.133102
0.131101
0.129253
0.127562
0.126027
0.124639
0.123384
0.122245
0.1212
0.120229
0.119311
0.118426
0.11756
0.116701
0.11584
0.114975
0.114108
0.113243
0.112387
0.11155
0.11074
0.109963
0.109223
0.10852
0.107848
0.107196
0.10655
0.105893
0.105204
0.104465
0.103661
0.102782
0.101824
0.100793
0.0997043
0.109645
