0.180795
0.180651
0.179939
0.178679
0.176895
0.17462
0.17189
0.168743
0.16522
0.161363
0.157215
0.152816
0.148206
0.143422
0.138501
0.133477
0.128381
0.123244
0.118094
0.112958
0.107862
0.102832
0.0978915
0.0930647
0.0883753
0.0838467
0.0795019
0.0753635
0.0714529
0.0677903
0.0643935
0.0612777
0.0584542
0.0559297
0.0537056
0.051777
0.0501328
0.0487549
0.0476188
0.0466942
0.0459457
0.0453344
0.0448194
0.0443597
0.0439163
0.043454
0.0429434
0.0423622
0.0416966
0.040942
0.0401032
0.0391938
0.0382359
0.0372584
0.0362952
0.0353838
0.0345629
0.0338699
0.0333396
0.0330022
0.0328815
0.0329942
0.0333492
0.0339477
0.0347829
0.0358414
0.0371038
0.038546
0.0401408
0.0418587
0.04367
0.0455452
0.0474559
0.0493761
0.0512814
0.05315
0.0549619
0.0566988
0.0583436
0.0598802
0.0612929
0.0625664
0.0636856
0.064636
0.0654038
0.0659766
0.0663437
0.0664973
0.0664325
0.0661481
0.065647
0.0649366
0.0640283
0.0629381
0.0616853
0.0602929
0.058786
0.057192
0.0555389
0.0538551
0.0521685
0.050506
0.0488927
0.0473519
0.0459048
0.04457
0.0433643
0.0423023
0.0413969
0.0406595
0.0401002
0.0397285
0.0395534
0.0395836
0.0398279
0.0402954
0.0409954
0.0419378
0.0431326
0.0445901
0.0463206
0.0483343
0.0506406
0.053248
0.0561635
0.0593924
0.0629373
0.066798
0.0709708
0.0754479
0.080217
0.0852609
0.0905573
0.0960782
0.10179
0.107654
0.113625
0.119655
0.12569
0.131672
0.137542
0.143238
0.148699
0.153864
0.158675
0.163079
0.167028
0.170478
0.173397
0.175759
0.177549
0.178763
0.179406
0.179492
0.179049
0.178109
0.176717
0.17492
0.172775
0.170338
0.167672
0.164836
0.161891
0.158893
0.155897
0.152949
0.150092
0.147361
0.144786
0.142387
0.14018
0.138173
0.136369
0.134765
0.133354
0.132127
0.131069
0.130168
0.129406
0.128769
0.128241
0.127808
0.127458
0.127179
0.126962
0.1268
0.126687
0.12662
0.126596
0.126615
0.126677
0.126783
0.126937
0.127139
0.127392
0.1277
0.128064
0.128486
0.128967
0.129508
0.130109
0.130769
0.131488
0.132263
0.133093
0.133973
0.134901
0.135874
0.136887
0.137936
0.139019
0.14013
0.141266
0.142424
0.143601
0.144792
0.145996
0.14721
0.148432
0.149659
0.15089
0.152123
0.153355
0.154587
0.155815
0.157038
0.158254
0.159461
0.160656
0.161837
0.163002
0.164147
0.16527
0.166368
0.167439
0.16848
0.169488
0.170462
0.171401
0.172304
0.17317
0.174002
0.174799
0.175566
0.176305
0.177021
0.177719
0.178406
0.179089
0.179775
0.180472
0.181189
0.181932
0.18271
0.183527
0.184388
0.185293
0.186242
0.187228
0.188242
0.18927
0.190294
0.191292
0.192237
0.193102
0.193859
0.194479
0.194937
0.195213
0.195295
0.195177
0.194862
0.194361
0.193694
0.192885
0.19196
0.190947
0.189865
0.188731
0.187549
0.186313
0.18501
0.183615
0.182104
0.180451
0.178638
0.17666
0.174525
0.172264
0.169924
0.167571
0.16528
0.163135
0.161216
0.159593
0.158323
0.157436
0.156944
0.15683
0.175898
