0.0100952
0.0105476
0.0112985
0.0123755
0.0138009
0.0155884
0.0177396
0.0202422
0.0230683
0.0261745
0.0295035
0.0329872
0.0365509
0.0401185
0.0436179
0.0469867
0.0501762
0.053156
0.0559155
0.0584656
0.060837
0.0630792
0.0652567
0.0674449
0.0697258
0.0721828
0.0748957
0.0779363
0.0813643
0.0852239
0.0895411
0.0943231
0.0995576
0.105214
0.111246
0.117594
0.12419
0.13096
0.137832
0.144737
0.151612
0.158406
0.165075
0.17159
0.177927
0.184073
0.190014
0.195743
0.201246
0.206507
0.211503
0.216204
0.220575
0.224575
0.228161
0.231289
0.233919
0.236017
0.237557
0.238525
0.238915
0.238738
0.238012
0.236766
0.23504
0.232875
0.230321
0.227426
0.224239
0.220807
0.217172
0.213372
0.209442
0.205409
0.201299
0.197131
0.192922
0.188686
0.184436
0.180184
0.175942
0.171722
0.167537
0.163401
0.159328
0.155334
0.151437
0.147655
0.144005
0.140505
0.137172
0.134024
0.131074
0.128337
0.125824
0.123542
0.121498
0.119694
0.118128
0.116797
0.115693
0.114805
0.114118
0.113616
0.113278
0.113083
0.113007
0.113024
0.113109
0.113236
0.113378
0.113512
0.113613
0.113659
0.113632
0.113514
0.11329
0.112951
0.112489
0.111898
0.111177
0.110329
0.109359
0.108273
0.107082
0.105798
0.104435
0.103009
0.101537
0.100035
0.0985218
0.0970153
0.0955333
0.0940932
0.0927117
0.0914049
0.0901877
0.0890741
0.0880772
0.0872088
0.0864798
0.0859001
0.0854789
0.0852246
0.085145
0.0852477
0.0855399
0.0860288
0.086722
0.0876269
0.0887515
0.0901042
0.0916937
0.0935288
0.0956187
0.0979721
0.100597
0.103501
0.106689
0.110164
0.113926
0.117971
0.122289
0.126866
0.131681
0.136705
0.141902
0.147227
0.15263
0.15805
0.163421
0.16867
0.173719
0.178489
0.182899
0.186867
0.19032
0.193185
0.195404
0.196925
0.197711
0.19774
0.197005
0.195516
0.193299
0.190394
0.186859
0.182762
0.178183
0.173208
0.167931
0.162446
0.156848
0.151227
0.145667
0.140247
0.135033
0.130082
0.12544
0.121139
0.117204
0.113645
0.110464
0.107657
0.105208
0.103099
0.101307
0.0998058
0.0985665
0.0975605
0.0967592
0.0961349
0.0956613
0.0953137
0.0950696
0.0949084
0.0948118
0.0947633
0.0947486
0.0947547
0.0947706
0.0947865
0.094794
0.0947857
0.0947553
0.0946974
0.0946074
0.0944815
0.0943165
0.09411
0.0938602
0.0935659
0.0932264
0.0928418
0.0924124
0.0919393
0.0914242
0.0908689
0.090276
0.0896483
0.0889893
0.0883025
0.0875919
0.086862
0.0861171
0.0853621
0.0846019
0.0838416
0.0830864
0.0823414
0.081612
0.0809032
0.0802203
0.0795683
0.0789522
0.0783767
0.0778465
0.0773659
0.0769392
0.0765702
0.0762628
0.0760204
0.0758461
0.075743
0.0757137
0.0757606
0.075886
0.0760918
0.0763797
0.0767512
0.0772076
0.07775
0.0783792
0.0790961
0.0799012
0.0807952
0.0817784
0.0828514
0.0840151
0.0852704
0.0866191
0.0880633
0.0896063
0.0912526
0.0930077
0.0948786
0.0968731
0.0989997
0.101266
0.103679
0.106239
0.108942
0.111773
0.114708
0.117705
0.120707
0.123642
0.126423
0.128958
0.14837
