0.115701
0.116524
0.117456
0.118499
0.119656
0.120929
0.122318
0.123826
0.125452
0.127197
0.129061
0.131042
0.133139
0.135348
0.137665
0.140081
0.142587
0.145171
0.147816
0.150503
0.153211
0.155915
0.158587
0.161201
0.163725
0.166131
0.168392
0.170478
0.172367
0.174037
0.175468
0.176647
0.177563
0.178207
0.178577
0.178673
0.178498
0.178058
0.177361
0.176418
0.175242
0.173848
0.17225
0.170468
0.168518
0.166419
0.164193
0.161859
0.159439
0.156955
0.154427
0.151877
0.149326
0.146795
0.144303
0.141867
0.139504
0.137227
0.135048
0.132977
0.131022
0.129186
0.127473
0.125882
0.124412
0.12306
0.121821
0.12069
0.119659
0.118723
0.117875
0.117109
0.116416
0.115793
0.115233
0.114731
0.114284
0.113887
0.113537
0.113231
0.112967
0.112743
0.112556
0.112407
0.112292
0.112212
0.112165
0.112151
0.112169
0.112219
0.112299
0.112409
0.112549
0.112717
0.112911
0.11313
0.113372
0.113633
0.113909
0.114198
0.114495
0.114794
0.115091
0.115379
0.115653
0.115906
0.116133
0.116328
0.116485
0.1166
0.116667
0.116683
0.116645
0.116552
0.116401
0.116193
0.115928
0.115609
0.115239
0.114821
0.114361
0.113863
0.113334
0.112782
0.112213
0.111636
0.111058
0.110488
0.109934
0.109405
0.108909
0.108455
0.108048
0.107698
0.107411
0.107193
0.107049
0.106985
0.107003
0.107108
0.107301
0.107582
0.107953
0.108412
0.108955
0.109581
0.110285
0.111061
0.111902
0.112801
0.113749
0.114739
0.11576
0.116804
0.117859
0.118917
0.119968
0.121003
0.122013
0.122992
0.123932
0.124829
0.125678
0.126476
0.127223
0.127919
0.128564
0.129163
0.129718
0.130236
0.130723
0.131184
0.131628
0.132062
0.132492
0.132926
0.133369
0.133827
0.134303
0.134801
0.135321
0.135862
0.136423
0.136999
0.137584
0.138172
0.138755
0.139322
0.139863
0.140366
0.140821
0.141216
0.141539
0.14178
0.141927
0.141972
0.141907
0.141724
0.141419
0.140987
0.140425
0.139734
0.138913
0.137965
0.136894
0.135705
0.134405
0.133002
0.131505
0.129926
0.128275
0.126566
0.124812
0.123026
0.121224
0.119419
0.117625
0.115858
0.11413
0.112454
0.110842
0.109303
0.107847
0.10648
0.105207
0.104032
0.102956
0.101978
0.101095
0.100304
0.0995987
0.098972
0.0984161
0.0979222
0.0974809
0.0970828
0.0967184
0.0963784
0.0960542
0.0957377
0.0954216
0.0950996
0.0947664
0.0944175
0.0940494
0.0936598
0.093247
0.0928102
0.0923493
0.0918647
0.0913574
0.090829
0.0902812
0.089716
0.0891359
0.0885433
0.087941
0.0873318
0.0867188
0.0861053
0.0854945
0.0848899
0.0842949
0.0837131
0.0831479
0.0826027
0.0820807
0.0815849
0.0811179
0.0806821
0.0802794
0.0799112
0.0795786
0.079282
0.0790213
0.078796
0.0786047
0.0784457
0.0783162
0.0782132
0.0781327
0.07807
0.07802
0.0779775
0.0779371
0.0778936
0.0778431
0.0777827
0.0777115
0.0776309
0.0775446
0.0774594
0.0773843
0.0773305
0.0773106
0.0773378
0.0774246
0.0775818
0.0778176
0.0873182
