0.38247
0.381275
0.380029
0.379071
0.378626
0.378785
0.379509
0.380642
0.381949
0.383154
0.383983
0.3842
0.383636
0.382199
0.379879
0.376738
0.372892
0.368493
0.363705
0.358684
0.353568
0.348465
0.343447
0.338555
0.333801
0.329174
0.324648
0.320187
0.315756
0.311323
0.306862
0.302354
0.297795
0.293185
0.288536
0.283867
0.279202
0.274567
0.269992
0.265509
0.261146
0.256932
0.252893
0.249052
0.24543
0.242043
0.238904
0.236025
0.233413
0.231071
0.229003
0.227207
0.225679
0.224416
0.223408
0.222646
0.222118
0.221812
0.22171
0.221795
0.222049
0.222449
0.222973
0.223596
0.224292
0.225034
0.225793
0.22654
0.227245
0.227877
0.228406
0.228802
0.229036
0.229078
0.228902
0.228482
0.227795
0.226819
0.225537
0.223932
0.221992
0.219708
0.217073
0.214086
0.210748
0.207063
0.203039
0.19869
0.194028
0.189072
0.183843
0.178363
0.172659
0.166757
0.160686
0.154476
0.148159
0.141766
0.135328
0.128878
0.122446
0.116062
0.109757
0.103559
0.0974953
0.091591
0.0858707
0.0803569
0.0750708
0.0700318
0.0652578
0.0607655
0.0565699
0.052685
0.0491237
0.0458976
0.0430178
0.0404945
0.0383369
0.036554
0.0351538
0.0341437
0.0335306
0.03332
0.0335169
0.0341246
0.0351451
0.0365782
0.0384219
0.0406712
0.0433182
0.0463518
0.0497567
0.0535138
0.0575993
0.0619849
0.0666373
0.0715184
0.0765851
0.0817899
0.0870808
0.0924019
0.0976942
0.102896
0.107944
0.112775
0.117324
0.121531
0.125336
0.128683
0.131522
0.13381
0.135508
0.136589
0.137032
0.136826
0.135969
0.134468
0.132342
0.129616
0.126326
0.122513
0.118228
0.113525
0.108463
0.103105
0.0975152
0.0917589
0.0859002
0.0800012
0.0741212
0.0683154
0.0626342
0.0571225
0.0518194
0.0467577
0.0419638
0.037458
0.0332543
0.0293611
0.0257814
0.0225134
0.0195513
0.0168855
0.0145035
0.0123909
0.0105315
0.00890841
0.00750438
0.00630259
0.00528717
0.0044437
0.00375976
0.00322539
0.00283356
0.00258059
0.00246653
0.00249554
0.00267618
0.00302164
0.00354981
0.00428327
0.00524905
0.00647815
0.00800477
0.0098652
0.0120964
0.014734
0.0178104
0.0213518
0.0253756
0.0298877
0.0348788
0.0403227
0.0461732
0.0523629
0.0588023
0.0653807
0.0719672
0.0784144
0.0845626
0.0902457
0.0952981
0.0995617
0.102894
0.105177
0.10632
0.10627
0.105012
0.102573
0.0990202
0.094457
0.0890207
0.0828734
0.0761951
0.069174
0.0619979
0.0548455
0.0478788
0.041237
0.0350328
0.0293498
0.0242421
0.019736
0.0158329
0.0125128
0.00973895
0.00746294
0.00562873
0.00417709
0.00304897
0.00218824
0.00154361
0.00106983
0.00072819
0.000486572
0.000319026
0.000205152
0.000129324
7.98748e-05
4.83088e-05
2.8594e-05
1.65533e-05
9.3664e-06
5.17647e-06
2.79219e-06
1.46881e-06
7.5288e-07
3.75696e-07
1.82339e-07
8.59812e-08
3.93484e-08
1.74554e-08
7.49637e-09
3.11231e-09
1.24728e-09
4.81702e-10
1.78954e-10
6.38254e-11
2.18067e-11
7.12017e-12
2.21588e-12
6.55384e-13
1.83653e-13
4.86126e-14
1.21338e-14
2.86696e-15
6.57467e-16
1.6054e-16
5.16101e-17
2.53261e-17
1.63561e-17
1.15963e-17
8.4218e-18
6.17959e-18
4.60398e-18
3.54379e-18
2.92056e-18
2.73961e-18
3.56505e-18
