3.97576e-26
3.52428e-26
4.38868e-26
6.42274e-26
9.96363e-26
1.57446e-25
2.50008e-25
3.97102e-25
6.29947e-25
9.97531e-25
1.57648e-24
2.48634e-24
3.91322e-24
6.14619e-24
9.6333e-24
1.50675e-23
2.35183e-23
3.66327e-23
5.69419e-23
8.83271e-23
1.36728e-22
2.11213e-22
3.25602e-22
5.00905e-22
7.69002e-22
1.17816e-21
1.80129e-21
2.74833e-21
4.18466e-21
6.35855e-21
9.64192e-21
1.45907e-20
2.20343e-20
3.3207e-20
4.99425e-20
7.49587e-20
1.12275e-19
1.67826e-19
2.5035e-19
3.7269e-19
5.53684e-19
8.20902e-19
1.21461e-18
1.79348e-18
2.64285e-18
3.88658e-18
5.70401e-18
8.35432e-18
1.22113e-17
1.78128e-17
2.59312e-17
3.76733e-17
5.46221e-17
7.9036e-17
1.14131e-16
1.64478e-16
2.36558e-16
3.39541e-16
4.86375e-16
6.9531e-16
9.92001e-16
1.41245e-15
2.00708e-15
2.84633e-15
4.02842e-15
5.69004e-15
8.02097e-15
1.12842e-14
1.58434e-14
2.22002e-14
3.10457e-14
4.33292e-14
6.03524e-14
8.38966e-14
1.16394e-13
1.61159e-13
2.22699e-13
3.07127e-13
4.22726e-13
5.80683e-13
7.96086e-13
1.08924e-12
1.4874e-12
2.02709e-12
2.75718e-12
3.74282e-12
5.07083e-12
6.85652e-12
9.25284e-12
1.24621e-11
1.67517e-11
2.24735e-11
3.00908e-11
4.0211e-11
5.36299e-11
7.1387e-11
9.48382e-11
1.25747e-10
1.66406e-10
2.19781e-10
2.89713e-10
3.81153e-10
5.00479e-10
6.55888e-10
8.57886e-10
1.11992e-09
1.45916e-09
1.89749e-09
2.46271e-09
3.19013e-09
4.12443e-09
5.32208e-09
6.85427e-09
8.81057e-09
1.13034e-08
1.44738e-08
1.84977e-08
2.3595e-08
3.00392e-08
3.81701e-08
4.84091e-08
6.12772e-08
7.74177e-08
9.76229e-08
1.22867e-07
1.54343e-07
1.93514e-07
2.42165e-07
3.02471e-07
3.77077e-07
4.69193e-07
5.82705e-07
7.22309e-07
8.93664e-07
1.10358e-06
1.36023e-06
1.6734e-06
2.0548e-06
2.51837e-06
3.08071e-06
3.76154e-06
4.58422e-06
5.57634e-06
6.77046e-06
8.20492e-06
9.92471e-06
1.19826e-05
1.44401e-05
1.73693e-05
2.08539e-05
2.4991e-05
2.98932e-05
3.56909e-05
4.25342e-05
5.05959e-05
6.00748e-05
7.11981e-05
8.42259e-05
9.94548e-05
0.000117222
0.000137911
0.000161956
0.000189846
0.000222135
0.000259446
0.000302475
0.000352004
0.000408908
0.000474158
0.000548836
0.000634143
0.000731407
0.000842094
0.00096782
0.00111036
0.00127166
0.00145384
0.00165924
0.00189037
0.00214998
0.00244104
0.00276677
0.00313063
0.00353635
0.00398792
0.00448962
0.00504601
0.00566196
0.00634264
0.00709351
0.00792038
0.00882933
0.00982678
0.0109195
0.0121144
0.013419
0.0148407
0.0163877
0.018068
0.01989
0.0218625
0.0239943
0.0262945
0.0287723
0.031437
0.0342981
0.037365
0.0406471
0.044154
0.0478948
0.0518788
0.0561149
0.0606118
0.0653779
0.0704212
0.0757493
0.0813691
0.0872873
0.0935096
0.100041
0.106887
0.11405
0.121533
0.129338
0.137467
0.145918
0.154692
0.163786
0.173197
0.18292
0.19295
0.20328
0.213902
0.224807
0.235984
0.247421
0.259103
0.271016
0.283142
0.295464
0.30796
0.32061
0.333389
0.346273
0.359235
0.372247
0.38528
0.398306
0.411293
0.424211
0.437031
0.449724
0.462259
0.47461
0.486751
0.498655
0.5103
0.52166
0.532712
0.54343
0.553785
0.563746
0.573275
0.582327
0.590851
0.598786
0.606063
0.612606
0.618336
0.623173
0.627044
0.62989
0.631673
0.63239
0.632075
0.630809
0.628721
0.625979
0.62278
0.619322
0.615771
0.612216
0.608628
0.604814
0.60039
0.594778
0.587234
0.576918
0.562997
0.544781
0.521866
0.494263
0.46248
0.427535
0.39089
0.3543
0.319601
0.28848
0.262263
0.270877
