0.102364
0.103765
0.105244
0.106798
0.108414
0.110078
0.111769
0.113464
0.115135
0.116756
0.118297
0.11973
0.121029
0.122169
0.123129
0.123892
0.124444
0.124777
0.124889
0.124781
0.12446
0.123937
0.123224
0.122337
0.121291
0.120101
0.118778
0.117332
0.115766
0.114078
0.112264
0.110312
0.108209
0.10594
0.10349
0.100847
0.0980015
0.0949528
0.0917071
0.0882802
0.0846981
0.0809964
0.0772204
0.0734232
0.0696641
0.0660061
0.0625135
0.059249
0.0562713
0.0536319
0.0513736
0.0495284
0.0481165
0.0471458
0.046612
0.0464991
0.0467813
0.0474239
0.0483858
0.0496215
0.0510833
0.052723
0.0544938
0.0563514
0.058255
0.0601675
0.0620557
0.0638896
0.0656426
0.0672899
0.0688086
0.0701767
0.0713734
0.0723784
0.0731725
0.0737384
0.0740608
0.0741276
0.0739312
0.0734685
0.0727421
0.071761
0.0705399
0.0691001
0.0674681
0.0656756
0.063758
0.0617537
0.0597023
0.057644
0.0556178
0.0536608
0.0518074
0.0500879
0.0485288
0.0471519
0.0459747
0.0450097
0.0442657
0.043747
0.0434545
0.043386
0.0435365
0.0438985
0.0444628
0.0452186
0.0461539
0.0472557
0.0485103
0.0499035
0.0514207
0.0530473
0.0547685
0.05657
0.0584375
0.0603574
0.0623169
0.0643041
0.0663084
0.0683204
0.0703328
0.07234
0.0743386
0.0763276
0.0783086
0.0802859
0.0822665
0.0842601
0.0862792
0.0883386
0.0904554
0.0926484
0.0949377
0.0973443
0.0998891
0.102592
0.105473
0.108546
0.111826
0.11532
0.119033
0.122961
0.127097
0.131423
0.135916
0.140545
0.145272
0.150051
0.15483
0.159552
0.164154
0.168572
0.172741
0.176595
0.18007
0.183109
0.185659
0.187675
0.189121
0.189974
0.190218
0.189853
0.18889
0.187351
0.185271
0.182693
0.179671
0.176265
0.172542
0.16857
0.164422
0.160168
0.155876
0.151612
0.147434
0.143396
0.139542
0.13591
0.13253
0.129422
0.1266
0.12407
0.121832
0.119879
0.118201
0.116783
0.115607
0.114653
0.113902
0.113332
0.112923
0.112654
0.112508
0.112467
0.112516
0.112642
0.112833
0.113081
0.113377
0.113715
0.114092
0.114503
0.114949
0.115426
0.115937
0.116481
0.11706
0.117675
0.118329
0.119022
0.119757
0.120536
0.121359
0.122228
0.123144
0.124105
0.125113
0.126167
0.127263
0.128402
0.12958
0.130794
0.132041
0.133318
0.134619
0.13594
0.137278
0.138627
0.139982
0.141338
0.142692
0.144037
0.145369
0.146684
0.147979
0.149248
0.150488
0.151696
0.152868
0.154002
0.155094
0.156142
0.157143
0.158095
0.158996
0.159843
0.160635
0.16137
0.162046
0.162663
0.16322
0.163718
0.164157
0.164541
0.164872
0.165157
0.165401
0.165613
0.165805
0.165989
0.166179
0.166393
0.166647
0.166961
0.167354
0.167843
0.168444
0.169172
0.170034
0.171033
0.172168
0.173427
0.174793
0.176244
0.17775
0.17928
0.1808
0.182278
0.18369
0.185015
0.186244
0.187378
0.188426
0.189405
0.190336
0.191238
0.192124
0.192993
0.193831
0.194606
0.195265
0.195744
0.195972
0.195877
0.1954
0.194504
0.19318
0.191456
0.1894
0.210449
