0.159559
0.161485
0.16338
0.165233
0.167033
0.168766
0.170421
0.171985
0.173446
0.174791
0.176009
0.177085
0.17801
0.178771
0.179359
0.179762
0.179974
0.179988
0.179798
0.179403
0.178802
0.177998
0.176995
0.175802
0.174428
0.172886
0.171191
0.16936
0.167409
0.165357
0.163224
0.161028
0.158787
0.156518
0.154237
0.151959
0.149697
0.147462
0.145263
0.14311
0.141009
0.138966
0.136987
0.135075
0.133235
0.131469
0.129781
0.128172
0.126645
0.125201
0.123841
0.122565
0.121372
0.120261
0.119229
0.118275
0.117394
0.116582
0.115834
0.115146
0.114513
0.113929
0.113389
0.112889
0.112424
0.11199
0.111583
0.111201
0.110839
0.110496
0.110168
0.109854
0.109549
0.109253
0.108961
0.108671
0.108379
0.108082
0.107776
0.107458
0.107124
0.10677
0.106395
0.105994
0.105567
0.105112
0.104628
0.104115
0.103575
0.103009
0.10242
0.10181
0.101184
0.100545
0.0998985
0.0992499
0.0986045
0.097968
0.0973464
0.0967458
0.0961721
0.0956314
0.0951295
0.094672
0.0942642
0.093911
0.0936171
0.0933863
0.0932219
0.0931267
0.0931027
0.0931508
0.0932716
0.0934645
0.0937282
0.0940605
0.0944585
0.0949185
0.0954362
0.0960066
0.0966244
0.0972837
0.0979786
0.0987027
0.0994499
0.100214
0.100989
0.101769
0.102549
0.103325
0.10409
0.104843
0.105579
0.106296
0.106992
0.107665
0.108315
0.108941
0.109542
0.110121
0.110677
0.111212
0.111727
0.112225
0.112708
0.113177
0.113636
0.114086
0.11453
0.114972
0.115413
0.115856
0.116304
0.116759
0.117224
0.117701
0.118191
0.118696
0.119218
0.119757
0.120313
0.120885
0.121475
0.122078
0.122694
0.12332
0.123951
0.124585
0.125217
0.125842
0.126455
0.12705
0.127623
0.128169
0.128684
0.129162
0.1296
0.129997
0.130349
0.130655
0.130916
0.131131
0.131303
0.131432
0.131522
0.131577
0.131598
0.131592
0.131561
0.13151
0.131443
0.131363
0.131274
0.131178
0.131079
0.130979
0.130879
0.130781
0.130685
0.130592
0.130502
0.130415
0.13033
0.130245
0.130159
0.130071
0.129977
0.129876
0.129765
0.129639
0.129497
0.129334
0.129147
0.12893
0.128682
0.128397
0.128073
0.127706
0.127293
0.126832
0.126322
0.125761
0.12515
0.12449
0.123782
0.123028
0.122232
0.121397
0.120528
0.11963
0.118708
0.117768
0.116814
0.115853
0.114891
0.113931
0.112979
0.112039
0.111115
0.11021
0.109328
0.10847
0.107638
0.106835
0.10606
0.105315
0.104601
0.103918
0.103266
0.102646
0.102057
0.101499
0.100973
0.100478
0.100014
0.0995793
0.0991739
0.0987966
0.0984458
0.0981196
0.0978157
0.0975315
0.0972634
0.0970078
0.0967603
0.096516
0.0962698
0.0960162
0.0957498
0.0954653
0.0951577
0.0948228
0.0944576
0.0940602
0.0936303
0.0931691
0.0926799
0.0921672
0.0916373
0.0910975
0.0905556
0.09002
0.0894985
0.0889982
0.0885248
0.0880826
0.0876744
0.0873012
0.0869628
0.0866577
0.0863842
0.0861405
0.0859254
0.0857384
0.0855803
0.085453
0.0853598
0.0853045
0.0852918
0.0956668
