0
3.79652e-15
1.35012e-13
2.36653e-12
2.72605e-11
2.32166e-10
1.55939e-09
8.60553e-09
4.01389e-08
1.61574e-07
5.7039e-07
1.78872e-06
5.03599e-06
1.28443e-05
2.99114e-05
6.40518e-05
0.000126949
0.000234323
0.000405233
0.000660527
0.00102091
0.0015054
0.00213091
0.00291336
0.00387018
0.00502328
0.00640187
0.00804422
0.00999834
0.0123217
0.0150802
0.0183477
0.022205
0.0267398
0.0320458
0.038223
0.0453768
0.0536173
0.0630578
0.0738139
0.0860009
0.0997317
0.115114
0.132249
0.151224
0.172114
0.194975
0.21984
0.246719
0.275592
0.306406
0.339076
0.373477
0.409447
0.446788
0.485258
0.524582
0.564446
0.604506
0.64439
0.6837
0.722025
0.758942
0.794027
0.82686
0.857036
0.884172
0.907915
0.927949
0.944006
0.955864
0.963361
0.966393
0.964918
0.958956
0.948591
0.933968
0.915287
0.892802
0.866813
0.837663
0.805723
0.771393
0.735088
0.69723
0.658244
0.618545
0.578535
0.538596
0.49908
0.460311
0.422579
0.386135
0.351193
0.317927
0.286473
0.25693
0.229363
0.203801
0.180246
0.158672
0.139031
0.121254
0.105259
0.0909497
0.07822
0.0669594
0.0570534
0.048387
0.0408463
0.0343206
0.0287034
0.0238941
0.0197982
0.0163281
0.0134038
0.010952
0.00890718
0.00721048
0.00580987
0.00465959
0.00371969
0.00295559
0.00233755
0.00184017
0.00144189
0.00112457
0.000873008
0.000674575
0.000518826
0.000397185
0.000302652
0.000229548
0.000173294
0.000130218
9.73962e-05
7.2509e-05
5.37306e-05
3.96307e-05
2.90952e-05
2.12614e-05
1.54647e-05
1.11963e-05
8.06838e-06
5.78734e-06
4.13192e-06
2.93634e-06
2.07702e-06
1.46237e-06
1.02484e-06
7.14879e-07
4.96355e-07
3.4303e-07
2.35969e-07
1.61569e-07
1.10114e-07
7.46978e-08
5.04377e-08
3.38988e-08
2.26775e-08
1.51004e-08
1.00083e-08
6.60264e-09
4.33566e-09
2.83384e-09
1.84364e-09
1.19388e-09
7.69529e-10
4.93711e-10
3.15284e-10
2.00407e-10
1.26797e-10
7.98516e-11
5.00543e-11
3.12307e-11
1.93957e-11
1.19897e-11
7.3773e-12
4.51822e-12
2.75435e-12
1.6713e-12
1.00942e-12
6.06834e-13
3.63121e-13
2.1628e-13
1.28222e-13
7.56644e-14
4.4443e-14
2.59835e-14
1.51208e-14
8.75859e-15
5.04982e-15
2.89801e-15
1.65542e-15
9.41232e-16
5.32683e-16
3.0007e-16
1.68252e-16
9.39031e-17
5.21653e-17
2.88447e-17
1.58757e-17
8.69727e-18
4.74259e-18
2.57413e-18
1.39068e-18
7.47835e-19
4.00283e-19
2.13261e-19
1.13094e-19
5.96962e-20
3.13645e-20
1.64026e-20
8.53821e-21
4.4239e-21
2.28152e-21
1.17119e-21
5.98427e-22
3.04353e-22
1.54073e-22
7.76348e-23
3.89375e-23
1.94385e-23
9.65915e-24
4.77746e-24
2.35199e-24
1.15254e-24
5.62161e-25
2.72926e-25
1.3189e-25
6.34394e-26
3.0373e-26
1.44743e-26
6.86579e-27
3.24163e-27
1.52342e-27
7.12613e-28
3.31795e-28
1.53769e-28
7.09327e-29
3.25691e-29
1.48849e-29
6.77122e-30
3.06597e-30
1.38182e-30
6.19888e-31
2.76794e-31
1.23021e-31
5.44231e-32
2.39644e-32
1.05034e-32
4.58221e-33
1.98975e-33
8.60007e-34
3.69986e-34
1.58434e-34
6.75291e-35
2.86492e-35
1.2098e-35
5.08504e-36
2.12743e-36
8.85917e-37
3.67207e-37
1.51498e-37
6.22132e-38
2.54294e-38
1.03459e-38
4.18967e-39
1.68876e-39
6.77542e-40
2.70571e-40
1.07549e-40
4.25506e-41
1.67566e-41
6.56813e-42
2.56257e-42
9.95146e-43
3.84659e-43
1.47993e-43
5.6674e-44
2.16025e-44
8.19596e-45
3.09509e-45
1.16338e-45
4.35259e-46
1.62088e-46
6.00797e-47
2.21657e-47
8.13975e-48
2.9752e-48
1.08242e-48
3.91971e-49
1.41282e-49
5.06866e-50
1.81002e-50
6.43445e-51
2.27949e-51
8.1227e-52
3.16546e-52
2.58621e-52
