0.052601
0.0516341
0.0509314
0.0504748
0.0502428
0.0502103
0.0503499
0.050632
0.0510262
0.0515022
0.0520306
0.052584
0.0531379
0.0536712
0.0541669
0.0546125
0.0549996
0.0553243
0.0555865
0.0557894
0.0559391
0.0560437
0.0561126
0.0561558
0.0561835
0.0562052
0.0562295
0.0562637
0.0563137
0.0563839
0.0564774
0.0565959
0.0567402
0.0569105
0.0571066
0.0573284
0.057576
0.0578503
0.0581531
0.0584873
0.0588566
0.0592661
0.0597217
0.0602296
0.0607965
0.0614285
0.0621309
0.0629073
0.0637594
0.0646858
0.0656824
0.0667413
0.0678511
0.0689969
0.0701608
0.0713221
0.0724584
0.0735466
0.0745637
0.0754882
0.0763014
0.0769881
0.0775379
0.077946
0.0782131
0.0783462
0.0783582
0.0782672
0.0780962
0.0778717
0.0776225
0.0773786
0.0771698
0.0770241
0.0769668
0.0770191
0.0771979
0.0775145
0.0779751
0.0785803
0.0793255
0.0802017
0.081196
0.0822924
0.0834728
0.0847178
0.0860079
0.0873236
0.0886466
0.0899601
0.0912488
0.0924999
0.0937024
0.0948475
0.0959286
0.0969409
0.0978819
0.098751
0.0995496
0.100281
0.100952
0.10157
0.102145
0.102691
0.103223
0.10376
0.104321
0.104928
0.105604
0.106373
0.107258
0.108282
0.109464
0.110822
0.112368
0.114113
0.116058
0.1182
0.120531
0.123034
0.125687
0.128459
0.131317
0.13422
0.137122
0.139978
0.142735
0.145345
0.147756
0.149921
0.151796
0.153341
0.154522
0.155312
0.155692
0.155651
0.155187
0.154308
0.153028
0.151371
0.14937
0.147062
0.144491
0.141706
0.138759
0.135704
0.132595
0.129486
0.126428
0.123471
0.120658
0.118028
0.115617
0.113451
0.111552
0.109936
0.108611
0.10758
0.106842
0.106389
0.106209
0.106288
0.106607
0.107147
0.107884
0.108796
0.109861
0.111054
0.112355
0.11374
0.115192
0.116691
0.118221
0.119768
0.121319
0.122865
0.124395
0.125903
0.127385
0.128837
0.130255
0.13164
0.13299
0.134307
0.135589
0.13684
0.138058
0.139245
0.140401
0.141525
0.142617
0.143674
0.144692
0.14567
0.146601
0.147481
0.148302
0.149059
0.149743
0.150348
0.150865
0.151287
0.151607
0.151819
0.151917
0.151897
0.151756
0.151493
0.151107
0.150602
0.149981
0.14925
0.148417
0.147491
0.146483
0.145407
0.144275
0.143103
0.141905
0.1407
0.139501
0.138326
0.13719
0.136108
0.135095
0.134162
0.133322
0.132586
0.131962
0.131458
0.131081
0.130836
0.130726
0.130755
0.130925
0.131237
0.13169
0.132285
0.133019
0.133891
0.134895
0.136028
0.137283
0.138651
0.140125
0.141692
0.143341
0.145059
0.146832
0.148646
0.150487
0.152345
0.154207
0.156067
0.157918
0.159757
0.161583
0.163396
0.165198
0.166988
0.168766
0.170527
0.172263
0.173961
0.175604
0.17717
0.178637
0.179979
0.181172
0.182199
0.183044
0.183704
0.184181
0.184492
0.184658
0.184713
0.184693
0.184639
0.18459
0.184581
0.184641
0.184788
0.18503
0.185364
0.185778
0.186249
0.186747
0.187242
0.187696
0.188077
0.188354
0.188502
0.188502
0.188344
0.188024
0.18755
0.186936
0.186206
0.185389
0.205908
