0.0298339
0.0306805
0.031792
0.0331636
0.0347895
0.0366633
0.0387788
0.0411297
0.0437108
0.0465176
0.049547
0.0527968
0.0562656
0.0599525
0.0638561
0.0679731
0.0722974
0.0768184
0.081519
0.0863749
0.0913529
0.0964103
0.101495
0.106547
0.111496
0.116271
0.120795
0.124993
0.128796
0.13214
0.134976
0.137266
0.138988
0.140138
0.140731
0.140795
0.140375
0.139528
0.138322
0.136829
0.135125
0.133285
0.131379
0.129469
0.12761
0.125843
0.124197
0.122692
0.121331
0.120111
0.119019
0.118036
0.117138
0.1163
0.115499
0.114712
0.113921
0.11311
0.112269
0.11139
0.110468
0.109499
0.10848
0.107407
0.106274
0.105073
0.103795
0.102429
0.100963
0.0993862
0.0976896
0.0958672
0.0939176
0.0918447
0.0896585
0.0873753
0.0850172
0.0826122
0.0801923
0.077793
0.0754517
0.0732057
0.0710916
0.0691434
0.0673912
0.0658609
0.0645729
0.0635421
0.0627778
0.0622837
0.062058
0.0620943
0.062382
0.0629066
0.063651
0.0645954
0.0657186
0.066998
0.0684104
0.0699325
0.0715412
0.0732139
0.0749288
0.0766653
0.0784039
0.0801271
0.0818186
0.0834642
0.0850518
0.0865712
0.0880144
0.0893757
0.0906516
0.0918407
0.0929438
0.0939639
0.0949056
0.0957754
0.0965813
0.0973325
0.0980393
0.0987125
0.0993637
0.100005
0.100647
0.101301
0.101979
0.102691
0.103446
0.104253
0.10512
0.106055
0.107065
0.108156
0.109333
0.110604
0.111973
0.113446
0.115029
0.116729
0.118551
0.120501
0.122586
0.124809
0.127176
0.129687
0.132344
0.135142
0.138077
0.141136
0.144305
0.147563
0.150883
0.154236
0.157582
0.160879
0.16408
0.167134
0.169986
0.172582
0.174864
0.176781
0.178281
0.17932
0.179859
0.17987
0.179331
0.178235
0.176584
0.174391
0.171683
0.168497
0.164879
0.160886
0.15658
0.152031
0.147309
0.142488
0.137641
0.132836
0.12814
0.123613
0.119307
0.115267
0.11153
0.108124
0.105068
0.102374
0.100046
0.0980805
0.0964703
0.0952015
0.0942569
0.0936164
0.0932577
0.0931574
0.0932914
0.0936357
0.0941669
0.094862
0.0956993
0.0966584
0.0977199
0.0988658
0.100079
0.101345
0.102649
0.103977
0.105316
0.106657
0.107987
0.109297
0.110579
0.111823
0.113024
0.114173
0.115267
0.116299
0.117265
0.118163
0.118991
0.119746
0.120428
0.121039
0.121577
0.122047
0.122451
0.122791
0.123072
0.1233
0.123479
0.123615
0.123715
0.123784
0.123831
0.123863
0.123886
0.123909
0.123939
0.123983
0.124049
0.124144
0.124276
0.124451
0.124676
0.124956
0.125299
0.125708
0.126189
0.126745
0.127381
0.128098
0.128898
0.129783
0.130752
0.131805
0.132939
0.134153
0.135443
0.136805
0.138235
0.139727
0.141278
0.142881
0.144534
0.146233
0.147975
0.149761
0.151592
0.153472
0.155404
0.157396
0.159456
0.161591
0.163808
0.166113
0.168507
0.170986
0.173542
0.176158
0.178812
0.181474
0.184113
0.186693
0.189181
0.19155
0.193782
0.195872
0.19783
0.199681
0.20146
0.203214
0.204985
0.206811
0.208708
0.210668
0.212649
0.214578
0.216347
0.245277
