0.0912357
0.0926373
0.0941782
0.0958516
0.0976449
0.0995404
0.101516
0.103546
0.105602
0.107654
0.109673
0.111628
0.113491
0.115236
0.116839
0.11828
0.119545
0.120622
0.121505
0.122191
0.122683
0.122986
0.123104
0.123047
0.12282
0.122428
0.121871
0.121149
0.120252
0.11917
0.117889
0.116389
0.114652
0.112661
0.110401
0.107862
0.105043
0.10195
0.0986005
0.0950235
0.0912581
0.0873537
0.0833688
0.0793687
0.0754229
0.0716027
0.0679782
0.0646153
0.0615727
0.0589004
0.0566367
0.0548078
0.0534269
0.0524941
0.0519971
0.0519128
0.0522084
0.0528442
0.0537752
0.0549534
0.0563305
0.0578586
0.0594926
0.0611906
0.0629142
0.0646292
0.0663048
0.0679132
0.0694289
0.070828
0.0720882
0.0731875
0.074105
0.0748209
0.0753168
0.0755768
0.0755881
0.0753421
0.0748351
0.0740694
0.0730532
0.0718014
0.070335
0.0686808
0.0668706
0.0649405
0.0629291
0.0608769
0.0588244
0.0568115
0.0548755
0.0530512
0.0513692
0.0498559
0.048533
0.0474174
0.0465215
0.0458528
0.0454151
0.045208
0.0452282
0.0454692
0.0459223
0.0465768
0.0474204
0.0484396
0.0496198
0.0509458
0.0524019
0.0539723
0.0556409
0.0573916
0.0592087
0.061077
0.0629818
0.0649092
0.0668464
0.0687819
0.0707055
0.0726092
0.0744864
0.0763332
0.078148
0.0799315
0.0816876
0.0834226
0.0851458
0.0868693
0.0886077
0.0903781
0.0921999
0.0940939
0.0960824
0.0981884
0.100435
0.102844
0.105436
0.10823
0.11124
0.114479
0.11795
0.121656
0.12559
0.129738
0.134081
0.138589
0.143228
0.147954
0.152718
0.157464
0.162131
0.166655
0.170968
0.175005
0.178698
0.181987
0.184813
0.187125
0.188882
0.190051
0.190611
0.190552
0.189879
0.188605
0.186758
0.184377
0.18151
0.178214
0.174552
0.170594
0.16641
0.162074
0.157656
0.153226
0.148848
0.144579
0.14047
0.136566
0.1329
0.1295
0.126385
0.123565
0.121043
0.118818
0.11688
0.115218
0.113815
0.112652
0.11171
0.110968
0.110404
0.11
0.109736
0.109594
0.109559
0.109617
0.109757
0.109968
0.110242
0.110574
0.110959
0.111393
0.111874
0.112402
0.112975
0.113594
0.11426
0.114974
0.115735
0.116546
0.117406
0.118316
0.119275
0.120283
0.121339
0.12244
0.123585
0.12477
0.125993
0.127249
0.128534
0.129842
0.13117
0.13251
0.133858
0.135208
0.136553
0.137888
0.139208
0.140507
0.14178
0.143022
0.144229
0.145397
0.146523
0.147605
0.148639
0.149625
0.150561
0.151447
0.152282
0.153067
0.153801
0.154486
0.155123
0.155712
0.156254
0.156751
0.157205
0.157616
0.157987
0.15832
0.158617
0.158881
0.159117
0.159329
0.159523
0.159707
0.15989
0.160084
0.1603
0.160553
0.16086
0.161238
0.161704
0.162279
0.162978
0.163818
0.16481
0.165964
0.167281
0.168758
0.170382
0.172137
0.173996
0.175929
0.177903
0.179881
0.181831
0.183725
0.185543
0.187273
0.188916
0.190479
0.19198
0.193437
0.194868
0.196281
0.197673
0.199023
0.200291
0.201417
0.202327
0.202941
0.203178
0.202973
0.202283
0.201099
0.19945
0.222081
