0.0604635
0.0617127
0.0632171
0.0649681
0.0669522
0.0691524
0.0715483
0.0741172
0.0768346
0.0796752
0.0826133
0.0856241
0.0886836
0.0917694
0.0948614
0.0979414
0.100994
0.104004
0.106959
0.109847
0.112655
0.115367
0.117965
0.120428
0.122729
0.124835
0.126711
0.128316
0.129607
0.130541
0.131076
0.131176
0.13081
0.129958
0.128613
0.126779
0.124478
0.121743
0.118624
0.115183
0.111492
0.107632
0.103689
0.0997484
0.095895
0.092208
0.088758
0.0856049
0.0827955
0.0803631
0.0783265
0.0766904
0.0754467
0.0745761
0.0740499
0.0738323
0.0738832
0.07416
0.0746201
0.0752221
0.0759275
0.0767008
0.0775101
0.0783267
0.0791247
0.0798802
0.0805706
0.0811741
0.0816689
0.0820337
0.0822477
0.0822909
0.0821451
0.0817952
0.0812297
0.0804421
0.079432
0.078205
0.0767738
0.0751576
0.073382
0.0714781
0.0694812
0.0674303
0.0653657
0.0633283
0.061358
0.0594924
0.0577658
0.0562083
0.0548452
0.0536967
0.0527777
0.052098
0.0516623
0.0514708
0.0515196
0.0518014
0.0523055
0.053019
0.0539267
0.0550122
0.0562575
0.0576442
0.0591532
0.0607653
0.0624613
0.0642224
0.0660301
0.0678665
0.0697149
0.0715592
0.0733849
0.0751785
0.0769286
0.078625
0.0802598
0.081827
0.083323
0.0847461
0.0860975
0.0873802
0.0886002
0.0897653
0.0908861
0.091975
0.0930466
0.0941172
0.0952048
0.0963287
0.0975092
0.0987672
0.100124
0.101601
0.103219
0.104998
0.106957
0.109111
0.111475
0.114061
0.116875
0.119921
0.123199
0.126703
0.13042
0.134333
0.138419
0.142647
0.146982
0.151381
0.155797
0.160177
0.164464
0.168597
0.172515
0.176155
0.179457
0.18236
0.184811
0.186761
0.18817
0.189006
0.189248
0.188884
0.187916
0.186357
0.18423
0.181572
0.178427
0.17485
0.170902
0.166649
0.162162
0.157514
0.152774
0.148013
0.143296
0.138684
0.134228
0.129976
0.125965
0.122227
0.118781
0.115644
0.112822
0.110314
0.108118
0.106222
0.104615
0.10328
0.102199
0.101355
0.100729
0.100303
0.100059
0.099981
0.100055
0.100267
0.100605
0.10106
0.101622
0.102283
0.103036
0.103876
0.104796
0.105791
0.106856
0.107987
0.109179
0.110425
0.11172
0.11306
0.114436
0.115843
0.117275
0.118723
0.12018
0.121639
0.123092
0.124532
0.12595
0.127338
0.128691
0.13
0.131259
0.132462
0.133603
0.134678
0.135682
0.136613
0.137468
0.138244
0.138943
0.139563
0.140107
0.140577
0.140975
0.141306
0.141574
0.141786
0.141947
0.142064
0.142145
0.142197
0.142227
0.142245
0.142256
0.14227
0.142294
0.142334
0.142397
0.142488
0.142615
0.14278
0.14299
0.143247
0.143555
0.143919
0.144343
0.144829
0.145384
0.146014
0.146725
0.147526
0.148426
0.149439
0.150575
0.151849
0.153274
0.154864
0.156629
0.158578
0.160716
0.16304
0.165544
0.16821
0.171017
0.173935
0.176928
0.179959
0.182988
0.18598
0.188904
0.19174
0.194479
0.197122
0.199681
0.202176
0.204627
0.207052
0.209454
0.211821
0.214119
0.216286
0.21824
0.219881
0.221102
0.221798
0.221884
0.249081
