0.121154
0.122101
0.123156
0.124321
0.125598
0.126988
0.128491
0.130104
0.131826
0.133652
0.135579
0.137602
0.139714
0.141909
0.14418
0.146515
0.148905
0.151335
0.15379
0.156253
0.158702
0.161115
0.163469
0.165735
0.167888
0.1699
0.171745
0.173396
0.174831
0.176028
0.176972
0.177648
0.178047
0.178165
0.178002
0.17756
0.176849
0.175878
0.174662
0.173218
0.171564
0.169721
0.16771
0.165552
0.163271
0.160888
0.158426
0.155907
0.153353
0.150783
0.148218
0.145676
0.143177
0.140735
0.138366
0.136085
0.133902
0.131829
0.129872
0.128039
0.126332
0.124754
0.123303
0.121978
0.120775
0.119687
0.118708
0.11783
0.117044
0.116341
0.115713
0.11515
0.114646
0.114192
0.113782
0.11341
0.113072
0.112763
0.11248
0.112222
0.111986
0.111771
0.111577
0.111404
0.111252
0.111121
0.111013
0.110927
0.110865
0.110828
0.110816
0.110829
0.11087
0.110937
0.111031
0.11115
0.111295
0.111462
0.111651
0.111858
0.11208
0.112313
0.112552
0.112792
0.113028
0.113253
0.113462
0.113649
0.113807
0.113932
0.114018
0.114059
0.114053
0.113997
0.113887
0.113723
0.113506
0.113235
0.112913
0.112544
0.112132
0.111682
0.111201
0.110695
0.110172
0.10964
0.109109
0.108587
0.108083
0.107606
0.107164
0.106767
0.106423
0.106139
0.105921
0.105777
0.105711
0.105728
0.105832
0.106025
0.106308
0.106682
0.107146
0.107699
0.108337
0.109057
0.109853
0.11072
0.11165
0.112636
0.113668
0.114739
0.115838
0.116955
0.11808
0.119204
0.120315
0.121405
0.122465
0.123486
0.124462
0.125387
0.126256
0.127066
0.127815
0.128503
0.129131
0.129704
0.130223
0.130696
0.131129
0.131529
0.131904
0.132262
0.132612
0.132961
0.133316
0.133684
0.13407
0.134478
0.134909
0.135364
0.135842
0.13634
0.136854
0.137377
0.137903
0.138421
0.138924
0.139399
0.139838
0.140228
0.140559
0.140819
0.141
0.141092
0.141087
0.140977
0.140756
0.140419
0.139964
0.139388
0.138692
0.137875
0.136941
0.135895
0.134741
0.133488
0.132144
0.130719
0.129224
0.127672
0.126075
0.124447
0.122802
0.121155
0.11952
0.11791
0.116337
0.114815
0.113353
0.11196
0.110645
0.109412
0.108265
0.107206
0.106235
0.10535
0.104548
0.103822
0.103167
0.102576
0.10204
0.101551
0.1011
0.100678
0.100276
0.0998861
0.0995015
0.0991149
0.0987206
0.0983136
0.0978897
0.0974459
0.0969798
0.0964899
0.0959755
0.0954366
0.0948735
0.0942873
0.0936794
0.0930516
0.0924059
0.0917447
0.0910706
0.0903863
0.0896949
0.0889996
0.0883036
0.0876104
0.0869235
0.0862465
0.085583
0.0849364
0.08431
0.0837071
0.0831305
0.0825827
0.0820659
0.0815817
0.0811316
0.0807162
0.0803358
0.07999
0.0796779
0.0793978
0.0791476
0.0789241
0.0787237
0.0785422
0.0783747
0.0782161
0.0780613
0.0779055
0.0777447
0.0775759
0.077398
0.0772119
0.0770209
0.0768306
0.0766493
0.076487
0.0763553
0.0762664
0.0762322
0.0762631
0.0763676
0.0765508
0.0768146
0.0863414
