0.0941514
0.0941986
0.0942484
0.0942999
0.094353
0.0944077
0.0944646
0.0945245
0.0945886
0.0946576
0.0947328
0.094815
0.0949049
0.0950033
0.0951106
0.0952273
0.095354
0.0954912
0.0956396
0.0958003
0.0959745
0.0961636
0.0963696
0.0965944
0.0968406
0.0971104
0.0974064
0.0977311
0.0980867
0.0984752
0.0988983
0.099357
0.0998519
0.100383
0.10095
0.10155
0.102183
0.102845
0.103533
0.104245
0.104975
0.10572
0.106475
0.107236
0.107998
0.108757
0.109508
0.110248
0.110972
0.111677
0.112359
0.113015
0.113641
0.114236
0.114796
0.115321
0.115807
0.116255
0.116662
0.117029
0.117355
0.117641
0.117887
0.118094
0.118265
0.118399
0.118501
0.118571
0.118611
0.118626
0.118616
0.118584
0.118533
0.118464
0.11838
0.118282
0.118173
0.118052
0.117921
0.117781
0.117631
0.117472
0.117303
0.117124
0.116934
0.116733
0.116519
0.116292
0.11605
0.115794
0.115522
0.115234
0.114931
0.114613
0.11428
0.113933
0.113574
0.113205
0.112828
0.112445
0.11206
0.111676
0.111296
0.110924
0.110563
0.110218
0.109892
0.109589
0.109313
0.109068
0.108856
0.10868
0.108544
0.108448
0.108395
0.108386
0.108421
0.108501
0.108625
0.108792
0.109
0.109248
0.109532
0.10985
0.110197
0.11057
0.110965
0.111377
0.111802
0.112235
0.11267
0.113104
0.113531
0.113947
0.114349
0.114732
0.115094
0.11543
0.115739
0.11602
0.11627
0.116489
0.116676
0.116832
0.116958
0.117054
0.117122
0.117165
0.117183
0.117181
0.11716
0.117122
0.117072
0.117012
0.116944
0.116871
0.116796
0.116721
0.116648
0.116578
0.116514
0.116455
0.116404
0.11636
0.116323
0.116293
0.116269
0.116251
0.116237
0.116226
0.116216
0.116207
0.116196
0.116182
0.116164
0.116139
0.116108
0.11607
0.116023
0.115968
0.115906
0.115836
0.115759
0.115678
0.115594
0.115508
0.115423
0.115341
0.115265
0.115198
0.115143
0.115101
0.115077
0.115072
0.115088
0.115128
0.115194
0.115287
0.115408
0.115558
0.115737
0.115945
0.11618
0.116443
0.116732
0.117043
0.117376
0.117727
0.118092
0.118469
0.118853
0.11924
0.119627
0.120008
0.12038
0.120739
0.121081
0.121403
0.1217
0.121972
0.122214
0.122427
0.122609
0.122759
0.122879
0.122968
0.123028
0.123061
0.123071
0.123059
0.12303
0.122987
0.122935
0.122878
0.12282
0.122767
0.122723
0.122694
0.122683
0.122696
0.122738
0.122812
0.122924
0.123076
0.123272
0.123515
0.123808
0.124152
0.124548
0.124997
0.125499
0.126053
0.126659
0.127313
0.128013
0.128757
0.129541
0.130361
0.131214
0.132095
0.133001
0.133927
0.134871
0.135827
0.136794
0.137767
0.138745
0.139725
0.140704
0.141681
0.142655
0.143625
0.144589
0.145546
0.146495
0.147437
0.14837
0.149292
0.150205
0.151105
0.151993
0.152867
0.153726
0.154568
0.155391
0.156193
0.156973
0.157728
0.158455
0.159151
0.159814
0.160439
0.161023
0.161562
0.162051
0.162487
0.162865
0.163181
0.163429
0.179419
