0.139402
0.140783
0.142231
0.143746
0.145329
0.146976
0.148683
0.150442
0.152245
0.154082
0.155939
0.157803
0.15966
0.161492
0.163285
0.165022
0.166686
0.168262
0.169736
0.171091
0.172316
0.173397
0.174323
0.175082
0.175664
0.176059
0.17626
0.176257
0.176046
0.175621
0.174979
0.174119
0.173043
0.171754
0.17026
0.168571
0.1667
0.164663
0.162477
0.160165
0.157747
0.155248
0.152693
0.150105
0.147508
0.144926
0.14238
0.139888
0.13747
0.135139
0.132908
0.130787
0.128785
0.126906
0.125153
0.12353
0.122035
0.120667
0.119423
0.1183
0.117294
0.116398
0.115606
0.114913
0.114309
0.113789
0.113343
0.112962
0.112638
0.112361
0.112123
0.111914
0.111726
0.11155
0.111379
0.111207
0.111026
0.110834
0.110625
0.110399
0.110152
0.109884
0.109597
0.109292
0.108971
0.108636
0.10829
0.107938
0.107583
0.107229
0.10688
0.106539
0.10621
0.105897
0.105603
0.10533
0.105081
0.104858
0.104663
0.104496
0.104358
0.104249
0.104168
0.104114
0.104085
0.104079
0.104092
0.104122
0.104165
0.104216
0.104271
0.104326
0.104377
0.10442
0.10445
0.104466
0.104463
0.104441
0.104398
0.104334
0.10425
0.104147
0.104029
0.103897
0.103757
0.103614
0.103474
0.103341
0.103224
0.103128
0.103061
0.103029
0.103039
0.103096
0.103206
0.103374
0.103605
0.103901
0.104266
0.1047
0.105205
0.105781
0.106425
0.107137
0.107913
0.108749
0.109641
0.110585
0.111573
0.1126
0.113658
0.114742
0.115842
0.116951
0.118062
0.119166
0.120256
0.121326
0.122367
0.123374
0.124341
0.125263
0.126137
0.12696
0.127729
0.128444
0.129105
0.129713
0.130271
0.130781
0.131247
0.131675
0.132067
0.132431
0.132771
0.133092
0.133399
0.133697
0.13399
0.134281
0.134573
0.134867
0.135165
0.135466
0.135769
0.136072
0.136373
0.136668
0.136953
0.137222
0.137471
0.137693
0.137883
0.138034
0.13814
0.138194
0.13819
0.138123
0.137988
0.137781
0.137497
0.137135
0.136692
0.13617
0.135568
0.134889
0.134136
0.133315
0.132431
0.131491
0.130503
0.129475
0.128417
0.127338
0.126247
0.125152
0.124063
0.122988
0.121933
0.120905
0.119909
0.118948
0.118025
0.117142
0.116299
0.115495
0.114728
0.113997
0.113297
0.112625
0.111977
0.111348
0.110735
0.110133
0.109538
0.108946
0.108354
0.107757
0.107154
0.106542
0.105918
0.105281
0.10463
0.103964
0.103281
0.102582
0.101867
0.101135
0.100388
0.0996271
0.0988531
0.098068
0.0972738
0.096473
0.0956683
0.0948629
0.09406
0.0932629
0.0924754
0.091701
0.0909433
0.0902056
0.0894912
0.0888031
0.0881437
0.0875153
0.0869193
0.0863567
0.0858279
0.0853323
0.0848688
0.0844355
0.0840293
0.0836468
0.0832838
0.0829354
0.0825967
0.0822627
0.0819287
0.0815909
0.0812465
0.0808944
0.080535
0.0801709
0.0798063
0.0794476
0.0791024
0.078779
0.0784863
0.0782326
0.0780252
0.0778693
0.0777684
0.0777231
0.0777321
0.0777917
0.077897
0.0780422
0.0782218
0.0879881
