0.096963
0.0969579
0.0969422
0.0969167
0.096882
0.0968389
0.0967878
0.0967289
0.0966625
0.0965885
0.096507
0.0964183
0.0963227
0.0962211
0.0961147
0.096005
0.0958945
0.0957858
0.0956823
0.0955875
0.0955055
0.0954406
0.0953972
0.0953795
0.0953918
0.095438
0.0955214
0.0956451
0.0958113
0.0960218
0.0962776
0.0965792
0.0969263
0.0973181
0.0977534
0.0982304
0.098747
0.0993007
0.0998889
0.100509
0.101157
0.10183
0.102526
0.103239
0.103968
0.104707
0.105454
0.106204
0.106953
0.107698
0.108434
0.109157
0.109864
0.110552
0.111216
0.111853
0.112462
0.113039
0.113584
0.114093
0.114567
0.115005
0.115407
0.115772
0.116102
0.116397
0.116659
0.116889
0.117089
0.117261
0.117406
0.117525
0.117622
0.117696
0.117751
0.117786
0.117804
0.117804
0.117787
0.117755
0.117705
0.11764
0.117557
0.117458
0.11734
0.117205
0.11705
0.116875
0.11668
0.116465
0.116228
0.115971
0.115693
0.115395
0.115077
0.114742
0.114389
0.114022
0.113641
0.11325
0.112851
0.112447
0.112042
0.111638
0.11124
0.110851
0.110476
0.110117
0.10978
0.109468
0.109185
0.108935
0.10872
0.108544
0.10841
0.10832
0.108276
0.108278
0.108328
0.108426
0.108571
0.108761
0.108996
0.109272
0.109586
0.109936
0.110317
0.110725
0.111155
0.111603
0.112064
0.112531
0.113002
0.11347
0.113931
0.114381
0.114815
0.11523
0.115623
0.11599
0.11633
0.11664
0.116919
0.117167
0.117382
0.117565
0.117717
0.117837
0.117928
0.11799
0.118026
0.118037
0.118025
0.117994
0.117945
0.11788
0.117802
0.117714
0.117617
0.117513
0.117406
0.117296
0.117184
0.117073
0.116964
0.116856
0.116751
0.116649
0.11655
0.116454
0.11636
0.116268
0.116177
0.116086
0.115996
0.115904
0.115811
0.115716
0.115618
0.115518
0.115415
0.11531
0.115203
0.115096
0.114989
0.114884
0.114783
0.114688
0.1146
0.114523
0.114458
0.114409
0.114376
0.114363
0.114371
0.114403
0.114459
0.114541
0.11465
0.114786
0.114949
0.115139
0.115354
0.115594
0.115857
0.116141
0.116443
0.116761
0.117092
0.117433
0.117781
0.118132
0.118483
0.118831
0.119172
0.119503
0.119822
0.120124
0.120409
0.120673
0.120916
0.121136
0.121333
0.121507
0.121658
0.121787
0.121897
0.121989
0.122066
0.122132
0.12219
0.122245
0.1223
0.12236
0.12243
0.122514
0.122617
0.122743
0.122895
0.123078
0.123295
0.123549
0.123843
0.12418
0.124559
0.124985
0.125456
0.125974
0.126539
0.12715
0.127806
0.128507
0.129249
0.130032
0.130851
0.131705
0.13259
0.133501
0.134436
0.135389
0.136357
0.137336
0.138322
0.13931
0.140298
0.141282
0.14226
0.143228
0.144186
0.145132
0.146065
0.146984
0.14789
0.148782
0.14966
0.150525
0.151378
0.152217
0.153044
0.153858
0.154658
0.155444
0.156212
0.156963
0.157692
0.158398
0.159077
0.159726
0.160341
0.160917
0.161451
0.161939
0.162376
0.162758
0.163081
0.163341
0.163534
0.163657
0.163705
0.1795
