0
5.81638e-25
3.73025e-23
1.18619e-21
2.49361e-20
3.89846e-19
4.83463e-18
4.954e-17
4.31413e-16
3.25927e-15
2.17005e-14
1.28924e-13
6.90351e-13
3.3596e-12
1.4963e-11
6.13545e-11
2.32814e-10
8.21224e-10
2.70352e-09
8.33595e-09
2.41503e-08
6.59313e-08
1.70065e-07
4.1549e-07
9.63656e-07
2.12636e-06
4.47295e-06
8.9878e-06
1.72841e-05
3.18706e-05
5.64544e-05
9.62464e-05
0.000158226
0.000251316
0.000386439
0.000576444
0.000835938
0.0011811
0.00162955
0.00220043
0.00291469
0.00379565
0.00486982
0.00616782
0.00772535
0.00958408
0.0117923
0.0144054
0.0174861
0.0211041
0.0253365
0.0302665
0.0359837
0.0425827
0.0501626
0.0588256
0.0686761
0.0798185
0.0923558
0.106387
0.122006
0.139296
0.15833
0.179167
0.201845
0.226385
0.252781
0.281003
0.31099
0.342651
0.375861
0.410461
0.446259
0.483029
0.520512
0.558418
0.59643
0.634207
0.67139
0.707606
0.742473
0.77561
0.806638
0.835195
0.860936
0.883544
0.902733
0.91826
0.929923
0.937569
0.941099
0.940466
0.935679
0.926802
0.913952
0.897298
0.877056
0.853484
0.826877
0.797561
0.765888
0.732226
0.696953
0.660451
0.623098
0.585264
0.547302
0.509544
0.472299
0.435845
0.400431
0.366272
0.33355
0.302413
0.272973
0.245314
0.219485
0.195511
0.173388
0.153091
0.134574
0.117776
0.102621
0.0890223
0.0768855
0.0661111
0.0565963
0.0482376
0.0409324
0.0345807
0.0290861
0.0243569
0.0203069
0.0168558
0.0139297
0.0114609
0.00938823
0.00765655
0.00621683
0.00502564
0.00404483
0.00324113
0.0025857
0.00205375
0.00162407
0.00127864
0.00100226
0.000782167
0.000607724
0.000470113
0.000362064
0.000277624
0.000211942
0.000161089
0.0001219
9.18395e-05
6.88882e-05
5.14457e-05
3.8251e-05
2.83156e-05
2.08689e-05
1.5313e-05
1.1187e-05
8.13685e-06
5.89235e-06
4.24826e-06
3.04946e-06
2.17935e-06
1.55067e-06
1.09851e-06
7.74782e-07
5.44059e-07
3.80367e-07
2.64759e-07
1.8348e-07
1.26596e-07
8.69644e-08
5.94778e-08
4.05004e-08
2.74572e-08
1.85329e-08
1.24544e-08
8.33288e-09
5.55084e-09
3.68141e-09
2.43087e-09
1.59809e-09
1.04601e-09
6.81646e-10
4.42258e-10
2.85683e-10
1.83733e-10
1.17647e-10
7.50013e-11
4.76046e-11
3.0083e-11
1.89272e-11
1.18562e-11
7.39428e-12
4.59134e-12
2.83842e-12
1.74706e-12
1.07061e-12
6.532e-13
3.96785e-13
2.39971e-13
1.44495e-13
8.66249e-14
5.17041e-14
3.07256e-14
1.8179e-14
1.07086e-14
6.28039e-15
3.6672e-15
2.13195e-15
1.23399e-15
7.11117e-16
4.08003e-16
2.33066e-16
1.32552e-16
7.50567e-17
4.23141e-17
2.37506e-17
1.32726e-17
7.38468e-18
4.09073e-18
2.25612e-18
1.23885e-18
6.77278e-19
3.68645e-19
1.99776e-19
1.07788e-19
5.7902e-20
3.09677e-20
1.64898e-20
8.74212e-21
4.61435e-21
2.42492e-21
1.26875e-21
6.60921e-22
3.4278e-22
1.77e-22
9.09964e-23
4.65766e-23
2.37358e-23
1.2043e-23
6.08351e-24
3.05963e-24
1.53206e-24
7.63788e-25
3.79109e-25
1.87347e-25
9.21768e-26
4.51532e-26
2.20215e-26
1.0693e-26
5.16941e-27
2.48814e-27
1.19234e-27
5.68878e-28
2.70226e-28
1.27799e-28
6.01755e-29
2.82099e-29
1.31667e-29
6.11844e-30
2.83071e-30
1.30389e-30
5.97969e-31
2.73027e-31
1.24115e-31
5.61735e-32
2.53122e-32
1.13558e-32
5.0722e-33
2.25561e-33
9.98669e-34
4.40219e-34
1.93199e-34
8.44171e-35
3.67236e-35
1.59056e-35
6.85871e-36
2.94458e-36
1.25862e-36
5.35614e-37
2.26934e-37
9.57269e-38
4.02028e-38
1.681e-38
6.99787e-39
2.90036e-39
1.19681e-39
4.91691e-40
2.01128e-40
8.19429e-41
3.3322e-41
1.37192e-41
6.29453e-42
5.68767e-42
