0.127348
0.127136
0.126851
0.126503
0.126109
0.125688
0.125259
0.12484
0.124445
0.124085
0.123763
0.123479
0.123226
0.122993
0.122766
0.122529
0.122271
0.121978
0.121644
0.121264
0.120841
0.120378
0.119884
0.119369
0.118846
0.118325
0.117817
0.11733
0.116872
0.116446
0.116056
0.115702
0.115385
0.115104
0.11486
0.114653
0.114485
0.11436
0.114283
0.114259
0.114296
0.114401
0.114583
0.11485
0.115209
0.115668
0.116231
0.116904
0.117688
0.118586
0.119597
0.12072
0.12195
0.123283
0.124714
0.126237
0.127842
0.129524
0.131274
0.133083
0.134943
0.136846
0.138784
0.140748
0.142731
0.144723
0.146717
0.148704
0.150674
0.152618
0.154524
0.156381
0.158176
0.159896
0.161527
0.163054
0.164462
0.165736
0.16686
0.167819
0.168602
0.169195
0.169589
0.169776
0.169753
0.169516
0.169068
0.168414
0.167562
0.166523
0.165313
0.163949
0.16245
0.160839
0.159137
0.157369
0.155558
0.153727
0.151898
0.15009
0.148322
0.14661
0.144966
0.143402
0.141924
0.140537
0.139246
0.13805
0.136949
0.135941
0.135022
0.134191
0.133442
0.132774
0.132183
0.131667
0.131225
0.130857
0.130562
0.13034
0.130191
0.130116
0.130116
0.130188
0.130331
0.130543
0.130818
0.131152
0.131537
0.131964
0.132422
0.1329
0.133384
0.133861
0.134315
0.134732
0.135096
0.135392
0.135606
0.135722
0.135729
0.135614
0.135367
0.134979
0.134443
0.133754
0.13291
0.131908
0.130751
0.129441
0.127983
0.126385
0.124655
0.122805
0.120847
0.118794
0.116662
0.114466
0.112223
0.109951
0.107665
0.105384
0.103124
0.100899
0.0987262
0.0966179
0.0945867
0.0926433
0.090797
0.0890554
0.0874244
0.0859084
0.0845103
0.0832316
0.0820725
0.081032
0.0801084
0.0792992
0.0786012
0.0780111
0.0775251
0.0771395
0.0768506
0.076655
0.0765492
0.07653
0.0765947
0.0767406
0.076965
0.0772656
0.0776399
0.0780855
0.0785996
0.0791796
0.0798221
0.0805237
0.0812807
0.0820888
0.0829434
0.0838396
0.0847722
0.0857355
0.0867238
0.0877309
0.0887506
0.0897763
0.0908013
0.0918185
0.0928208
0.0938007
0.0947504
0.095662
0.0965277
0.0973394
0.0980895
0.0987706
0.0993761
0.0999004
0.100339
0.100689
0.10095
0.101121
0.101207
0.101213
0.101145
0.101012
0.100825
0.100595
0.100334
0.100055
0.099769
0.0994876
0.0992204
0.0989753
0.0987587
0.0985748
0.0984263
0.0983138
0.0982368
0.0981936
0.098182
0.0981994
0.0982435
0.0983125
0.0984054
0.0985222
0.0986636
0.0988316
0.0990285
0.0992573
0.0995208
0.0998216
0.100162
0.100542
0.100963
0.101421
0.101916
0.102442
0.102995
0.103569
0.104161
0.104765
0.105378
0.105998
0.106626
0.107264
0.107916
0.108588
0.109288
0.110024
0.110806
0.11164
0.112536
0.113498
0.114531
0.115634
0.116807
0.118042
0.119334
0.12067
0.122037
0.123422
0.124807
0.126177
0.127514
0.128802
0.130025
0.131171
0.132227
0.133182
0.134029
0.134763
0.135379
0.135876
0.136254
0.136515
0.136662
0.136699
0.136631
0.150386
