0.14565
0.146727
0.147575
0.1482
0.148606
0.148795
0.148768
0.148521
0.148051
0.147352
0.146417
0.145242
0.143822
0.142153
0.140233
0.138066
0.135657
0.133014
0.130152
0.127088
0.123846
0.120451
0.116934
0.113328
0.109668
0.105992
0.102334
0.0987287
0.0952073
0.0917954
0.088513
0.0853731
0.0823808
0.0795339
0.0768227
0.0742309
0.0717377
0.0693185
0.0669479
0.0646015
0.0622581
0.0599016
0.057523
0.0551214
0.0527047
0.0502895
0.047901
0.0455714
0.0433385
0.0412442
0.0393312
0.0376419
0.036215
0.0350842
0.0342761
0.0338087
0.033691
0.0339221
0.0344919
0.0353815
0.0365645
0.0380085
0.0396765
0.041529
0.0435254
0.0456255
0.0477909
0.0499857
0.0521769
0.054335
0.0564333
0.0584477
0.0603565
0.0621393
0.0637768
0.0652503
0.0665418
0.0676337
0.0685093
0.0691534
0.0695531
0.0696982
0.0695823
0.0692036
0.0685651
0.0676755
0.0665488
0.0652043
0.0636666
0.061964
0.0601287
0.058195
0.0561989
0.0541763
0.0521626
0.0501917
0.048295
0.0465009
0.0448344
0.0433169
0.0419663
0.0407965
0.0398182
0.039039
0.0384633
0.0380935
0.0379296
0.0379699
0.0382113
0.0386497
0.03928
0.0400965
0.0410933
0.0422639
0.0436019
0.0451009
0.0467544
0.0485563
0.0505008
0.0525827
0.0547971
0.0571402
0.0596086
0.0622001
0.0649136
0.0677488
0.0707066
0.0737889
0.0769986
0.0803392
0.0838148
0.0874294
0.0911869
0.0950903
0.0991415
0.10334
0.107683
0.112166
0.116777
0.121504
0.126327
0.131223
0.136163
0.141114
0.146036
0.150887
0.15562
0.160184
0.16453
0.168605
0.172358
0.17574
0.178706
0.181218
0.183241
0.18475
0.185729
0.186169
0.186073
0.185452
0.184328
0.182731
0.180699
0.178277
0.175518
0.172475
0.169206
0.16577
0.162227
0.158632
0.155039
0.151497
0.14805
0.144736
0.141589
0.138633
0.135889
0.13337
0.131084
0.129035
0.127221
0.125638
0.124277
0.123128
0.122179
0.121415
0.120824
0.12039
0.1201
0.119938
0.119893
0.11995
0.120099
0.120327
0.120625
0.120984
0.121394
0.121847
0.122338
0.122858
0.123404
0.12397
0.124552
0.125147
0.125751
0.126363
0.12698
0.127603
0.128231
0.128864
0.129504
0.130151
0.130808
0.131478
0.132163
0.132866
0.133591
0.134342
0.135123
0.135939
0.136792
0.137688
0.138629
0.139621
0.140665
0.141765
0.142924
0.144142
0.145421
0.14676
0.14816
0.149618
0.151132
0.152698
0.154311
0.155965
0.157654
0.159369
0.161101
0.162842
0.164581
0.166306
0.168007
0.169673
0.171292
0.172854
0.174349
0.175767
0.177101
0.178344
0.179492
0.180542
0.181494
0.18235
0.183115
0.183794
0.184398
0.184937
0.185424
0.185872
0.186297
0.18671
0.187125
0.187551
0.187992
0.188452
0.188925
0.189402
0.189868
0.190302
0.19068
0.190977
0.191164
0.191218
0.19112
0.190856
0.190424
0.189828
0.189085
0.188216
0.187249
0.186212
0.18513
0.18402
0.182889
0.181728
0.180516
0.17922
0.177798
0.176209
0.174415
0.172395
0.170148
0.167697
0.165096
0.162425
0.159782
0.157283
0.155041
0.172013
