0.0929527
0.0927479
0.0925425
0.092338
0.0921368
0.0919415
0.0917553
0.0915811
0.0914219
0.0912805
0.0911588
0.0910586
0.0909809
0.0909259
0.0908936
0.0908833
0.0908939
0.0909241
0.0909725
0.0910377
0.0911184
0.0912135
0.0913222
0.0914438
0.0915778
0.091724
0.0918821
0.092052
0.0922336
0.0924267
0.0926309
0.0928458
0.0930711
0.0933063
0.0935509
0.0938045
0.0940669
0.094338
0.0946178
0.0949069
0.0952057
0.0955154
0.095837
0.096172
0.0965219
0.0968885
0.0972736
0.0976791
0.0981066
0.098558
0.0990345
0.0995376
0.100068
0.100627
0.101213
0.101828
0.10247
0.103138
0.103829
0.104543
0.105277
0.106027
0.106789
0.107561
0.108338
0.109116
0.109891
0.110659
0.111415
0.112156
0.112878
0.113577
0.11425
0.114895
0.11551
0.116093
0.116643
0.117159
0.117642
0.118091
0.118507
0.118892
0.119247
0.119574
0.119876
0.120155
0.120413
0.120653
0.120877
0.12109
0.121293
0.121488
0.121679
0.121868
0.122056
0.122244
0.122435
0.122629
0.122826
0.123027
0.12323
0.123436
0.123642
0.123847
0.124048
0.124245
0.124433
0.12461
0.124773
0.12492
0.125048
0.125154
0.125235
0.12529
0.125317
0.125314
0.125282
0.125219
0.125126
0.125003
0.124853
0.124676
0.124475
0.124252
0.124011
0.123755
0.123486
0.123209
0.122927
0.122644
0.122363
0.122088
0.121821
0.121566
0.121324
0.121099
0.120891
0.120702
0.120532
0.120382
0.120251
0.120138
0.120043
0.119963
0.119896
0.119841
0.119793
0.11975
0.119709
0.119667
0.11962
0.119566
0.119501
0.119423
0.119329
0.119218
0.119087
0.118935
0.118763
0.118569
0.118354
0.118119
0.117866
0.117595
0.117311
0.117014
0.116708
0.116398
0.116085
0.115774
0.115468
0.115172
0.114889
0.114623
0.114376
0.114153
0.113956
0.113787
0.113649
0.113543
0.11347
0.11343
0.113423
0.113449
0.113506
0.113592
0.113706
0.113843
0.114002
0.114177
0.114366
0.114564
0.114767
0.114971
0.115171
0.115363
0.115544
0.115711
0.11586
0.11599
0.116099
0.116185
0.116249
0.116291
0.116312
0.116313
0.116298
0.116269
0.116229
0.116182
0.116133
0.116086
0.116045
0.116014
0.115999
0.116003
0.116031
0.116087
0.116174
0.116295
0.116454
0.116652
0.116891
0.117174
0.117501
0.117872
0.118287
0.118746
0.119247
0.119789
0.120369
0.120985
0.121632
0.122308
0.123009
0.123729
0.124466
0.125213
0.125967
0.126723
0.127478
0.128227
0.128967
0.129697
0.130412
0.131113
0.131797
0.132466
0.133118
0.133755
0.134377
0.134987
0.135585
0.136173
0.136754
0.137329
0.1379
0.138468
0.139035
0.139602
0.140171
0.140741
0.141314
0.14189
0.142469
0.14305
0.143632
0.144215
0.144796
0.145374
0.145946
0.146507
0.147055
0.147584
0.14809
0.148568
0.149011
0.149415
0.149773
0.15008
0.15033
0.150518
0.150641
0.150696
0.150678
0.150587
0.150422
0.150184
0.149873
0.149492
0.149044
0.148533
0.147963
0.147339
0.146666
0.14595
0.145197
0.144412
0.1436
0.157145
