0.0995732
0.0985163
0.0975566
0.096693
0.0959245
0.0952495
0.094666
0.0941714
0.0937624
0.0934348
0.093184
0.0930047
0.0928913
0.0928379
0.0928388
0.0928882
0.0929809
0.093112
0.0932772
0.0934726
0.093695
0.0939417
0.0942105
0.0944996
0.0948077
0.0951337
0.0954766
0.0958359
0.096211
0.0966015
0.0970068
0.0974267
0.0978605
0.0983075
0.098767
0.099238
0.0997191
0.100209
0.100706
0.101207
0.101712
0.102216
0.102719
0.103216
0.103706
0.104185
0.104652
0.105105
0.10554
0.105957
0.106355
0.106733
0.107091
0.107429
0.107748
0.108049
0.108334
0.108606
0.108866
0.109118
0.109364
0.109608
0.109853
0.110102
0.110359
0.110627
0.11091
0.111211
0.111532
0.111876
0.112246
0.112645
0.113073
0.113534
0.114028
0.114555
0.115116
0.115712
0.116341
0.117001
0.117691
0.118409
0.119151
0.119913
0.120692
0.121482
0.122278
0.123076
0.123869
0.124651
0.125418
0.126163
0.126881
0.127568
0.12822
0.128832
0.129401
0.129924
0.130401
0.130829
0.131209
0.131539
0.131822
0.132058
0.132249
0.132397
0.132505
0.132575
0.132611
0.132614
0.132589
0.132537
0.132463
0.132368
0.132255
0.132126
0.131982
0.131826
0.131658
0.131479
0.131289
0.131087
0.130875
0.13065
0.130411
0.130157
0.129886
0.129596
0.129286
0.128954
0.128597
0.128214
0.127804
0.127366
0.126898
0.126402
0.125877
0.125324
0.124745
0.124141
0.123517
0.122875
0.122219
0.121554
0.120884
0.120216
0.119556
0.118908
0.11828
0.117679
0.117109
0.116578
0.11609
0.115652
0.115268
0.114943
0.114679
0.114479
0.114345
0.114278
0.114277
0.114341
0.114466
0.114651
0.114891
0.115179
0.115511
0.115879
0.116276
0.116695
0.117128
0.117566
0.118001
0.118426
0.118833
0.119215
0.119565
0.119878
0.120149
0.120373
0.120547
0.12067
0.12074
0.120757
0.120721
0.120635
0.120501
0.120323
0.120104
0.119851
0.119568
0.119262
0.118939
0.118606
0.11827
0.117938
0.117616
0.117312
0.117033
0.116783
0.11657
0.116397
0.11627
0.116192
0.116165
0.116192
0.116273
0.11641
0.1166
0.116842
0.117134
0.117472
0.117852
0.11827
0.118719
0.119196
0.119693
0.120206
0.120728
0.121253
0.121778
0.122298
0.122808
0.123306
0.123789
0.124257
0.124708
0.125143
0.125562
0.125969
0.126363
0.12675
0.127131
0.127509
0.127889
0.128272
0.128663
0.129064
0.129477
0.129904
0.130347
0.130807
0.131284
0.131778
0.132288
0.132812
0.133348
0.133894
0.134444
0.134996
0.135544
0.136082
0.136603
0.137101
0.137567
0.137995
0.138375
0.1387
0.138962
0.139153
0.139267
0.139298
0.13924
0.139089
0.138844
0.138502
0.138064
0.137532
0.136908
0.136197
0.135403
0.134532
0.133591
0.132587
0.131527
0.130419
0.12927
0.128089
0.126882
0.125658
0.124423
0.123185
0.121951
0.120729
0.119527
0.118351
0.117208
0.116106
0.115051
0.114048
0.113103
0.112219
0.1114
0.110647
0.109961
0.109342
0.108786
0.108293
0.107858
0.119454
