6.41754e-12
5.5826e-12
5.76198e-12
6.67761e-12
8.27195e-12
1.06089e-11
1.38388e-11
1.81923e-11
2.39882e-11
3.16519e-11
4.17421e-11
5.49863e-11
7.23275e-11
9.49839e-11
1.24526e-10
1.62971e-10
2.12909e-10
2.77655e-10
3.61446e-10
4.69685e-10
6.09248e-10
7.88871e-10
1.01963e-09
1.31554e-09
1.69431e-09
2.17825e-09
2.79543e-09
3.58111e-09
4.57946e-09
5.84573e-09
7.44891e-09
9.47492e-09
1.20306e-08
1.52487e-08
1.92934e-08
2.43677e-08
3.07223e-08
3.86656e-08
4.85768e-08
6.09211e-08
7.62677e-08
9.53122e-08
1.18903e-07
1.48071e-07
1.84071e-07
2.28423e-07
2.82963e-07
3.49911e-07
4.31941e-07
5.32269e-07
6.54752e-07
8.04013e-07
9.85576e-07
1.20603e-06
1.47323e-06
1.79648e-06
2.18685e-06
2.6574e-06
3.2236e-06
3.90364e-06
4.71892e-06
5.69459e-06
6.86006e-06
8.24974e-06
9.90375e-06
1.18688e-05
1.41992e-05
1.69578e-05
2.02174e-05
2.40619e-05
2.85881e-05
3.39073e-05
4.01469e-05
4.7453e-05
5.59923e-05
6.59548e-05
7.75567e-05
9.1043e-05
0.000106691
0.000124815
0.000145768
0.000169948
0.0001978
0.000229823
0.000266576
0.00030868
0.000356826
0.00041178
0.00047439
0.000545592
0.000626417
0.000717997
0.000821573
0.000938502
0.00107026
0.00121846
0.00138485
0.0015713
0.00177986
0.00201272
0.00227223
0.0025609
0.00288142
0.00323664
0.00362959
0.00406347
0.00454165
0.00506769
0.00564529
0.00627833
0.00697084
0.007727
0.00855111
0.00944762
0.0104211
0.0114761
0.0126173
0.0138496
0.0151777
0.0166064
0.0181405
0.0197846
0.0215433
0.0234212
0.0254227
0.0275519
0.0298128
0.0322091
0.0347443
0.0374216
0.0402436
0.043213
0.0463316
0.0496012
0.0530229
0.0565974
0.060325
0.0642054
0.0682378
0.072421
0.0767532
0.0812321
0.0858549
0.0906183
0.0955184
0.100551
0.105711
0.110994
0.116394
0.121904
0.127519
0.133231
0.139034
0.14492
0.15088
0.156908
0.162993
0.169129
0.175305
0.181512
0.187741
0.193982
0.200225
0.206459
0.212675
0.218861
0.225006
0.231099
0.237129
0.243085
0.248954
0.254726
0.260389
0.265931
0.271342
0.27661
0.281725
0.286677
0.291457
0.296055
0.300464
0.304678
0.30869
0.312496
0.316092
0.319477
0.322649
0.325609
0.32836
0.330904
0.333247
0.335393
0.337349
0.339122
0.34072
0.34215
0.34342
0.344538
0.345509
0.34634
0.347033
0.347593
0.348018
0.348309
0.34846
0.348467
0.348321
0.348013
0.347532
0.346863
0.345994
0.344912
0.343601
0.342051
0.340251
0.338193
0.335875
0.333295
0.330461
0.327385
0.324082
0.320579
0.316906
0.313098
0.309198
0.305252
0.301311
0.297424
0.293643
0.290017
0.286589
0.283397
0.280469
0.27782
0.275455
0.273362
0.271513
0.269865
0.268358
0.266919
0.265458
0.263878
0.262075
0.259938
0.257361
0.254242
0.250493
0.246039
0.240829
0.234837
0.228069
0.220564
0.212398
0.203684
0.194575
0.18526
0.175961
0.166928
0.158431
0.150749
0.144153
0.138893
0.135177
0.133148
0.132865
0.134282
0.137238
0.141442
0.146483
0.151845
0.156931
0.161108
0.163755
0.164324
0.162392
0.157708
0.15023
0.140132
0.127798
0.11378
0.0987484
0.0834203
0.0684891
0.0545592
0.0420962
0.0313979
0.0225889
0.0156373
0.0103866
0.00659807
0.00399325
0.00229212
0.00124113
0.000629996
0.000297715
0.000130217
5.28169e-05
2.05455e-05
8.70931e-06
5.72997e-06
