3.30518e-27
2.93883e-27
3.71222e-27
5.51713e-27
8.67951e-27
1.38943e-26
2.23385e-26
3.59159e-26
5.76662e-26
9.24166e-26
1.47809e-25
2.35914e-25
3.75748e-25
5.97213e-25
9.47219e-25
1.4992e-24
2.36788e-24
3.73206e-24
5.86988e-24
9.213e-24
1.443e-23
2.25539e-23
3.5178e-23
5.4754e-23
8.50462e-23
1.31823e-22
2.03902e-22
3.14737e-22
4.84812e-22
7.45241e-22
1.14319e-21
1.75001e-21
2.6734e-21
4.07556e-21
6.20029e-21
9.41323e-21
1.42616e-20
2.15627e-20
3.25343e-20
4.89874e-20
7.36093e-20
1.10379e-19
1.65177e-19
2.46672e-19
3.6762e-19
5.46747e-19
8.11491e-19
1.20196e-18
1.77668e-18
2.62084e-18
3.85819e-18
5.66814e-18
8.31018e-18
1.21589e-17
1.77539e-17
2.58708e-17
3.76221e-17
5.45999e-17
7.90787e-17
1.143e-16
1.64873e-16
2.37343e-16
3.40974e-16
4.88865e-16
6.99484e-16
9.98825e-16
1.42339e-15
2.02434e-15
2.87321e-15
4.06983e-15
5.75322e-15
8.11658e-15
1.14278e-14
1.60576e-14
2.25178e-14
3.15138e-14
4.40156e-14
6.13541e-14
8.53516e-14
1.18498e-13
1.64189e-13
2.27045e-13
3.13337e-13
4.31566e-13
5.93223e-13
8.13815e-13
1.11422e-12
1.52248e-12
2.07621e-12
2.82573e-12
3.83822e-12
5.20318e-12
7.03962e-12
9.50541e-12
1.28096e-11
1.72283e-11
2.31256e-11
3.09805e-11
4.14218e-11
5.52733e-11
7.3612e-11
9.78427e-11
1.29794e-10
1.71843e-10
2.27069e-10
2.99456e-10
3.94148e-10
5.17769e-10
6.78837e-10
8.88275e-10
1.16007e-09
1.51207e-09
1.96705e-09
2.55397e-09
3.30956e-09
4.28039e-09
5.52526e-09
7.11837e-09
9.15309e-09
1.17466e-08
1.5046e-08
1.92348e-08
2.45425e-08
3.12543e-08
3.97251e-08
5.03946e-08
6.38068e-08
8.06336e-08
1.01702e-07
1.2803e-07
1.60865e-07
2.01734e-07
2.52502e-07
3.15443e-07
3.93321e-07
4.89491e-07
6.08015e-07
7.53801e-07
9.32766e-07
1.15203e-06
1.42013e-06
1.74731e-06
2.1458e-06
2.63019e-06
3.21782e-06
3.92932e-06
4.78908e-06
5.82598e-06
7.07405e-06
8.57336e-06
1.03709e-05
1.25219e-05
1.50907e-05
1.81525e-05
2.17947e-05
2.61189e-05
3.12429e-05
3.73026e-05
4.44551e-05
5.28808e-05
6.27872e-05
7.44119e-05
8.80263e-05
0.00010394
0.000122506
0.000144123
0.000169246
0.000198385
0.000232118
0.000271095
0.000316044
0.000367781
0.000427217
0.000495369
0.000573366
0.000662461
0.00076404
0.000879636
0.00101094
0.00115979
0.00132824
0.0015185
0.001733
0.00197439
0.00224554
0.00254955
0.0028898
0.0032699
0.00369377
0.00416559
0.00468985
0.00527135
0.0059152
0.00662682
0.00741199
0.00827678
0.00922763
0.0102713
0.0114149
0.0126659
0.014032
0.0155213
0.0171422
0.0189033
0.0208137
0.0228825
0.0251193
0.0275335
0.0301352
0.0329342
0.0359405
0.0391644
0.042616
0.0463053
0.0502424
0.0544371
0.0588993
0.0636381
0.0686629
0.0739823
0.0796046
0.0855375
0.0917884
0.0983639
0.10527
0.112511
0.120092
0.128017
0.136288
0.144906
0.153873
0.163187
0.172846
0.182849
0.19319
0.203865
0.214865
0.226183
0.237808
0.24973
0.261933
0.274404
0.287124
0.300076
0.313239
0.326591
0.340106
0.353761
0.367528
0.38138
0.395287
0.40922
0.423151
0.437049
0.450886
0.464633
0.478263
0.491747
0.50506
0.518172
0.531056
0.543681
0.556011
0.568009
0.579628
0.590817
0.601516
0.611656
0.621163
0.629956
0.637956
0.645087
0.651283
0.6565
0.660725
0.663977
0.666325
0.667876
0.668782
0.669218
0.669358
0.669344
0.669238
0.668976
0.668324
0.666851
0.663925
0.658744
0.650411
0.63805
0.620948
0.598711
0.571401
0.539622
0.504527
0.467737
0.431168
0.396799
0.366413
0.382467
