0.301317
0.306166
0.309879
0.312371
0.313666
0.313888
0.313239
0.311964
0.310319
0.308531
0.306774
0.305149
0.30368
0.302319
0.300963
0.299478
0.297725
0.295581
0.292964
0.289843
0.286244
0.282242
0.277961
0.273551
0.26918
0.265014
0.261204
0.257877
0.255128
0.25302
0.251579
0.250802
0.250661
0.251106
0.252074
0.253495
0.255297
0.257405
0.259754
0.262282
0.264934
0.267665
0.270436
0.273215
0.275975
0.278694
0.281353
0.283937
0.286429
0.288815
0.291079
0.293204
0.295172
0.296965
0.298561
0.299939
0.301077
0.301951
0.30254
0.30282
0.302772
0.302376
0.301615
0.300476
0.298947
0.297022
0.294696
0.291969
0.288847
0.285335
0.281446
0.277195
0.2726
0.267682
0.262465
0.256974
0.251238
0.245285
0.239145
0.232849
0.226429
0.219913
0.213333
0.206717
0.200093
0.193489
0.186931
0.18044
0.174041
0.167754
0.161597
0.155588
0.149742
0.144074
0.138597
0.133322
0.12826
0.123421
0.118814
0.114447
0.11033
0.10647
0.102875
0.0995526
0.0965116
0.0937599
0.0913059
0.0891579
0.0873242
0.0858131
0.0846322
0.0837888
0.083289
0.0831379
0.0833389
0.0838935
0.0848009
0.0860573
0.0876559
0.0895865
0.0918347
0.0943822
0.0972063
0.10028
0.10357
0.107042
0.110654
0.114362
0.118117
0.121869
0.125562
0.129141
0.132551
0.135734
0.138637
0.141205
0.14339
0.145145
0.14643
0.147211
0.14746
0.147158
0.146291
0.144855
0.142856
0.140305
0.137224
0.13364
0.129588
0.125111
0.120255
0.115071
0.109613
0.103939
0.0981057
0.0921707
0.0861906
0.0802196
0.0743088
0.0685057
0.0628532
0.0573892
0.0521465
0.0471522
0.0424278
0.0379896
0.0338481
0.0300092
0.0264742
0.0232398
0.0202996
0.0176436
0.0152596
0.0131331
0.0112484
0.00958844
0.00813608
0.00687393
0.00578499
0.00485299
0.00406272
0.0034003
0.00285347
0.00241181
0.00206702
0.0018131
0.00164658
0.00156679
0.00157604
0.00167988
0.00188725
0.00221074
0.00266662
0.00327495
0.00405946
0.00504735
0.00626882
0.00775645
0.00954425
0.0116664
0.0141557
0.0170418
0.0203491
0.0240942
0.0282837
0.0329117
0.0379575
0.0433835
0.0491343
0.0551353
0.0612932
0.0674974
0.0736218
0.0795286
0.0850726
0.0901064
0.0944868
0.0980811
0.100773
0.10247
0.103106
0.102648
0.101096
0.098488
0.0948922
0.0904092
0.0851659
0.0793089
0.0729982
0.0663996
0.0596771
0.0529864
0.0464682
0.0402441
0.0344129
0.0290486
0.0242005
0.0198943
0.016134
0.0129053
0.0101788
0.00791463
0.00606533
0.00457989
0.00340653
0.00249519
0.00179928
0.00127692
0.000891577
0.000612262
0.000413377
0.0002743
0.000178817
0.000114477
7.19409e-05
4.43593e-05
2.68253e-05
1.59017e-05
9.2354e-06
5.25232e-06
2.92336e-06
1.59145e-06
8.46866e-07
4.4022e-07
2.23398e-07
1.10602e-07
5.33922e-08
2.51209e-08
1.15186e-08
5.1505e-09
2.25074e-09
9.66282e-10
4.12172e-10
1.78555e-10
8.14921e-11
4.10417e-11
2.35628e-11
1.53322e-11
1.09026e-11
8.14819e-12
6.23429e-12
4.81563e-12
3.73123e-12
2.89196e-12
2.23976e-12
1.73264e-12
1.33864e-12
1.03294e-12
7.96134e-13
6.13033e-13
4.71781e-13
3.63143e-13
2.79963e-13
2.16751e-13
1.69371e-13
1.34846e-13
1.11294e-13
9.80729e-14
9.63469e-14
1.25114e-13
