0.0242976
0.0250373
0.0260264
0.0272618
0.0287403
0.030459
0.0324158
0.0346098
0.0370412
0.039712
0.0426257
0.0457866
0.0492
0.0528709
0.0568026
0.0609956
0.0654457
0.0701425
0.0750671
0.0801918
0.085478
0.0908769
0.0963295
0.101768
0.107118
0.112302
0.11724
0.121857
0.126083
0.12986
0.133142
0.135898
0.138114
0.139793
0.140954
0.141632
0.141874
0.141737
0.141286
0.140588
0.139709
0.138713
0.137656
0.136585
0.135539
0.134541
0.133607
0.132739
0.131931
0.131168
0.130431
0.129697
0.128943
0.128147
0.12729
0.126359
0.125344
0.124239
0.123044
0.121761
0.120394
0.118948
0.117425
0.115829
0.114157
0.112408
0.110575
0.108652
0.106632
0.10451
0.102282
0.0999496
0.0975177
0.0949975
0.0924059
0.0897655
0.0871042
0.0844539
0.0818499
0.0793287
0.0769272
0.0746808
0.0726224
0.0707809
0.0691806
0.0678403
0.0667731
0.0659863
0.0654813
0.0652545
0.0652972
0.0655965
0.0661358
0.0668959
0.067855
0.06899
0.0702767
0.0716905
0.0732067
0.0748013
0.0764508
0.0781331
0.0798272
0.0815139
0.0831757
0.084797
0.0863645
0.087867
0.0892953
0.090643
0.0919056
0.0930812
0.0941698
0.0951737
0.0960971
0.0969461
0.0977279
0.0984514
0.0991263
0.099763
0.100372
0.100965
0.101551
0.102142
0.102747
0.103374
0.104032
0.104726
0.105463
0.106248
0.107083
0.107973
0.108919
0.109925
0.110992
0.112124
0.113323
0.114593
0.115939
0.117367
0.118883
0.120495
0.122211
0.12404
0.125989
0.128066
0.130278
0.132628
0.135119
0.137746
0.140504
0.14338
0.146356
0.14941
0.152512
0.155624
0.158707
0.161711
0.164587
0.167279
0.16973
0.171886
0.173689
0.17509
0.176042
0.176505
0.17645
0.175856
0.174715
0.173027
0.170809
0.168087
0.164898
0.161291
0.157323
0.153058
0.148566
0.143919
0.139192
0.134457
0.129784
0.12524
0.120883
0.116765
0.11293
0.109412
0.106238
0.103424
0.100981
0.0989089
0.0972022
0.0958496
0.0948346
0.0941369
0.0937333
0.0935986
0.0937066
0.0940304
0.0945436
0.0952203
0.0960357
0.0969663
0.09799
0.0990865
0.100237
0.101424
0.102632
0.103846
0.105055
0.106246
0.107409
0.108535
0.109617
0.110648
0.111621
0.112534
0.113381
0.114161
0.114872
0.115513
0.116085
0.116589
0.117027
0.117401
0.117717
0.117977
0.118186
0.118352
0.118478
0.118572
0.118641
0.118691
0.11873
0.118765
0.118803
0.118852
0.118919
0.119011
0.119135
0.119298
0.119505
0.119763
0.120077
0.120452
0.120894
0.121405
0.121991
0.122653
0.123395
0.124218
0.125123
0.126111
0.127182
0.128334
0.129566
0.130876
0.132259
0.133712
0.13523
0.136808
0.138438
0.140116
0.141834
0.143585
0.145363
0.147163
0.14898
0.15081
0.152653
0.154508
0.156378
0.158267
0.160182
0.162131
0.16412
0.166158
0.16825
0.170398
0.1726
0.174848
0.177127
0.179417
0.181689
0.183912
0.186055
0.188087
0.189986
0.191737
0.193343
0.194821
0.196204
0.197538
0.198876
0.200271
0.201768
0.203388
0.205127
0.206943
0.208759
0.237018
