0.106536
0.107142
0.107845
0.108648
0.109557
0.110577
0.111716
0.112981
0.114377
0.115913
0.117595
0.119427
0.121412
0.123551
0.12584
0.128274
0.130843
0.133533
0.136328
0.139209
0.142152
0.145134
0.14813
0.151114
0.154061
0.156945
0.159743
0.162432
0.164992
0.167404
0.16965
0.171714
0.173582
0.175242
0.176681
0.17789
0.178859
0.179581
0.180051
0.180264
0.180218
0.179915
0.179356
0.178547
0.177498
0.176218
0.174722
0.173026
0.171149
0.169112
0.166937
0.164647
0.162266
0.159819
0.157329
0.154817
0.152305
0.149812
0.147355
0.14495
0.142609
0.140343
0.138161
0.13607
0.134076
0.132182
0.130391
0.128705
0.127125
0.125652
0.124283
0.12302
0.121859
0.1208
0.11984
0.118976
0.118206
0.117527
0.116935
0.116426
0.115997
0.115645
0.115365
0.115154
0.115009
0.114925
0.1149
0.11493
0.115012
0.115141
0.115316
0.115531
0.115783
0.116068
0.11638
0.116716
0.117069
0.117433
0.117804
0.118173
0.118536
0.118886
0.119216
0.11952
0.119791
0.120025
0.120217
0.120361
0.120454
0.120493
0.120476
0.120402
0.12027
0.12008
0.119833
0.119533
0.119181
0.118781
0.118337
0.117854
0.117336
0.11679
0.116221
0.115635
0.115039
0.114439
0.113842
0.113254
0.112682
0.112133
0.111614
0.11113
0.110689
0.110295
0.109956
0.109677
0.109461
0.109315
0.109241
0.109242
0.10932
0.109478
0.109714
0.110029
0.11042
0.110885
0.11142
0.11202
0.11268
0.113393
0.114154
0.114954
0.115786
0.116643
0.117517
0.118401
0.119288
0.120173
0.121051
0.121915
0.122764
0.123595
0.124405
0.125194
0.125963
0.126711
0.127441
0.128155
0.128856
0.129546
0.130228
0.130906
0.131583
0.13226
0.132941
0.133627
0.13432
0.135018
0.135722
0.13643
0.137139
0.137846
0.138545
0.139232
0.139898
0.140535
0.141136
0.141691
0.14219
0.142622
0.142977
0.143246
0.143417
0.143483
0.143434
0.143264
0.142965
0.142535
0.141969
0.141266
0.140426
0.139451
0.138344
0.137111
0.135756
0.134289
0.132717
0.131049
0.129298
0.127472
0.125585
0.123648
0.121673
0.119674
0.117663
0.115652
0.113654
0.111682
0.109748
0.107863
0.106038
0.104283
0.102607
0.101019
0.0995256
0.0981315
0.096841
0.0956563
0.0945783
0.0936058
0.0927363
0.0919655
0.091288
0.0906968
0.0901841
0.0897413
0.089359
0.0890276
0.0887376
0.0884793
0.0882438
0.0880226
0.0878078
0.0875927
0.0873714
0.0871391
0.0868918
0.086627
0.0863426
0.0860377
0.0857122
0.0853666
0.085002
0.08462
0.0842225
0.0838119
0.0833906
0.0829614
0.0825271
0.0820907
0.0816555
0.0812246
0.0808015
0.0803898
0.0799931
0.0796152
0.0792598
0.0789309
0.0786321
0.0783669
0.0781386
0.0779502
0.0778041
0.0777025
0.0776468
0.0776379
0.0776761
0.077761
0.0778915
0.0780658
0.0782815
0.0785352
0.0788227
0.079139
0.0794782
0.0798334
0.0801973
0.080562
0.0809197
0.081263
0.0815853
0.081882
0.0821504
0.0823908
0.0826066
0.0828043
0.0829936
0.0831866
0.0833968
0.0931948
