4.19252e-05
3.73321e-05
3.56943e-05
3.61947e-05
3.83858e-05
4.20425e-05
4.70784e-05
5.34978e-05
6.13687e-05
7.08085e-05
8.19766e-05
9.50705e-05
0.000110326
0.000128015
0.000148453
0.000171995
0.000199042
0.000230044
0.000265505
0.000305986
0.000352107
0.000404558
0.0004641
0.000531569
0.000607886
0.000694058
0.000791187
0.000900475
0.00102323
0.00116086
0.00131492
0.00148705
0.00167903
0.00189279
0.00213038
0.00239397
0.00268592
0.00300869
0.0033649
0.00375733
0.0041889
0.00466265
0.00518178
0.00574963
0.00636965
0.00704541
0.0077806
0.008579
0.00944447
0.0103809
0.0113924
0.0124828
0.0136562
0.0149165
0.0162678
0.0177139
0.0192584
0.0209052
0.0226575
0.0245188
0.0264919
0.0285796
0.0307845
0.0331084
0.0355533
0.0381203
0.0408104
0.0436239
0.0465606
0.04962
0.0528007
0.0561011
0.0595188
0.0630508
0.0666935
0.0704428
0.0742939
0.0782414
0.0822796
0.0864019
0.0906013
0.0948706
0.0992018
0.103587
0.108017
0.112483
0.116977
0.121488
0.126009
0.13053
0.13504
0.139533
0.143998
0.148428
0.152814
0.157149
0.161426
0.165637
0.169777
0.173841
0.177823
0.18172
0.185529
0.189246
0.192869
0.196399
0.199832
0.20317
0.206412
0.209559
0.212613
0.215574
0.218444
0.221225
0.223918
0.226524
0.229045
0.231481
0.233834
0.236102
0.238286
0.240385
0.242396
0.244318
0.246146
0.247879
0.24951
0.251035
0.25245
0.253747
0.25492
0.255964
0.256872
0.257638
0.258257
0.258721
0.259028
0.259174
0.259155
0.25897
0.25862
0.258105
0.25743
0.256599
0.255619
0.254499
0.253251
0.251885
0.250418
0.248865
0.247243
0.245571
0.243869
0.242157
0.240456
0.238786
0.237167
0.235618
0.234158
0.232801
0.231562
0.230451
0.229478
0.228647
0.227958
0.227411
0.226998
0.226709
0.22653
0.226442
0.226424
0.226451
0.226494
0.226523
0.226506
0.226408
0.226195
0.225834
0.22529
0.224533
0.223534
0.222267
0.220713
0.218853
0.216679
0.214185
0.211376
0.208259
0.204854
0.201183
0.19728
0.193183
0.188938
0.184598
0.180219
0.175864
0.171598
0.167486
0.163597
0.159997
0.156747
0.153905
0.151524
0.149646
0.148303
0.147516
0.147295
0.147631
0.148505
0.14988
0.151703
0.15391
0.156419
0.15914
0.161968
0.164795
0.167504
0.16998
0.172105
0.17377
0.174871
0.175318
0.175032
0.173954
0.172043
0.169278
0.165658
0.161205
0.155961
0.149987
0.143365
0.136188
0.128566
0.12062
0.112476
0.104271
0.0961411
0.0882264
0.0806666
0.0736002
0.0671632
0.0614884
0.0567034
0.0529292
0.0502771
0.0488456
0.0487147
0.0499403
0.0525462
0.0565167
0.0617881
0.0682412
0.0756964
0.0839109
0.092581
0.101349
0.109818
0.117567
0.124178
0.129262
0.132486
0.1336
0.132461
0.129045
0.123456
0.115915
0.106751
0.0963714
0.0852298
0.0737935
0.0625065
0.0517595
0.0418668
0.0330515
0.0254424
0.019078
0.0139201
0.00987118
0.00679428
0.00453245
0.00292574
0.00182418
0.00109632
0.00063365
0.000351275
0.000186213
9.40571e-05
4.50795e-05
2.0399e-05
8.66299e-06
3.42726e-06
1.25147e-06
4.16784e-07
1.24606e-07
3.27163e-08
7.30372e-09
1.31626e-09
1.74067e-10
1.35449e-11
4.28013e-13
