0.137537
0.135867
0.13422
0.132599
0.131009
0.129456
0.127943
0.126473
0.125049
0.123674
0.12235
0.12108
0.119865
0.118706
0.117604
0.116559
0.115572
0.114642
0.113769
0.112952
0.112189
0.111481
0.110825
0.11022
0.109664
0.109155
0.108692
0.10827
0.107889
0.107544
0.107233
0.106952
0.106697
0.106466
0.106255
0.10606
0.10588
0.10571
0.105549
0.105395
0.105246
0.105102
0.104961
0.104825
0.104693
0.104565
0.104444
0.10433
0.104224
0.104129
0.104046
0.103976
0.103922
0.103886
0.103868
0.10387
0.103895
0.103943
0.104016
0.104115
0.104242
0.104399
0.104585
0.104803
0.105054
0.105339
0.105658
0.106012
0.106402
0.106827
0.107287
0.107782
0.108308
0.108867
0.109454
0.110067
0.110704
0.111361
0.112036
0.112724
0.113421
0.114126
0.114833
0.11554
0.116243
0.11694
0.117628
0.118304
0.118968
0.119615
0.120245
0.120856
0.121447
0.122015
0.12256
0.123079
0.123572
0.124036
0.124471
0.124875
0.125246
0.125583
0.125884
0.126149
0.126377
0.126567
0.126717
0.126829
0.126902
0.126936
0.126932
0.12689
0.126812
0.126698
0.126551
0.126371
0.126161
0.125922
0.125657
0.125368
0.125057
0.124727
0.12438
0.124019
0.123646
0.123265
0.122877
0.122485
0.122092
0.1217
0.121312
0.12093
0.120555
0.12019
0.119837
0.119498
0.119173
0.118865
0.118574
0.118301
0.118048
0.117814
0.117601
0.117409
0.117237
0.117086
0.116955
0.116845
0.116754
0.116681
0.116626
0.116587
0.116564
0.116554
0.116556
0.116569
0.11659
0.116619
0.116654
0.116692
0.116732
0.116773
0.116813
0.116851
0.116886
0.116917
0.116942
0.116962
0.116975
0.116982
0.116981
0.116974
0.116959
0.116936
0.116907
0.116871
0.116828
0.11678
0.116726
0.116668
0.116606
0.116542
0.116477
0.116411
0.116347
0.116286
0.11623
0.11618
0.116138
0.116106
0.116087
0.116081
0.116091
0.116118
0.116165
0.116231
0.11632
0.116431
0.116565
0.116724
0.116907
0.117115
0.117348
0.117605
0.117887
0.118192
0.118521
0.118873
0.119248
0.119644
0.120061
0.120499
0.120958
0.121437
0.121937
0.122455
0.122994
0.123551
0.124127
0.124722
0.125335
0.125964
0.12661
0.127271
0.127945
0.12863
0.129325
0.130026
0.130732
0.131439
0.132144
0.132845
0.133536
0.134217
0.134882
0.135528
0.136151
0.136749
0.137317
0.137852
0.13835
0.138807
0.13922
0.139583
0.139893
0.140146
0.140337
0.140463
0.140519
0.140501
0.140407
0.140233
0.139979
0.139641
0.139221
0.138718
0.138134
0.137471
0.136732
0.135921
0.135041
0.134097
0.133094
0.132036
0.130929
0.129778
0.128586
0.127359
0.1261
0.124814
0.123505
0.122177
0.120834
0.119481
0.118123
0.116764
0.115411
0.114068
0.112743
0.111441
0.110169
0.108933
0.107739
0.106592
0.105497
0.104456
0.103473
0.10255
0.101687
0.100885
0.100144
0.0994626
0.0988405
0.0982774
0.0977731
0.097328
0.0969429
0.096619
0.0963578
0.107153
