0.0834171
0.0828788
0.0824639
0.0821659
0.0819771
0.0818899
0.0818963
0.0819887
0.0821598
0.0824028
0.0827112
0.0830793
0.0835016
0.083973
0.0844885
0.0850433
0.0856323
0.0862507
0.0868934
0.0875554
0.0882316
0.088917
0.089607
0.0902972
0.0909835
0.0916625
0.0923312
0.0929871
0.0936284
0.0942536
0.0948622
0.0954536
0.096028
0.0965859
0.097128
0.0976552
0.0981689
0.0986703
0.0991608
0.0996418
0.100115
0.100581
0.101042
0.101498
0.101951
0.102402
0.10285
0.103297
0.103742
0.104186
0.104628
0.105069
0.105508
0.105944
0.106378
0.106809
0.107238
0.107664
0.108087
0.108509
0.108929
0.10935
0.10977
0.110192
0.110618
0.111047
0.111482
0.111923
0.112372
0.112831
0.113299
0.113779
0.11427
0.114773
0.115289
0.115817
0.116358
0.116912
0.117477
0.118054
0.118642
0.11924
0.119847
0.120462
0.121085
0.121713
0.122346
0.122982
0.123619
0.124256
0.12489
0.125521
0.126144
0.12676
0.127364
0.127956
0.128532
0.129091
0.129631
0.130149
0.130644
0.131114
0.131558
0.131974
0.132361
0.132719
0.133047
0.133343
0.133608
0.133841
0.134042
0.134209
0.134343
0.134443
0.134508
0.134539
0.134534
0.134492
0.134414
0.134298
0.134145
0.133953
0.133723
0.133453
0.133146
0.1328
0.132416
0.131996
0.13154
0.13105
0.130527
0.129974
0.129392
0.128786
0.128156
0.127507
0.126842
0.126165
0.125478
0.124787
0.124095
0.123406
0.122724
0.122054
0.1214
0.120765
0.120153
0.119568
0.119013
0.118491
0.118005
0.117557
0.117149
0.116783
0.116458
0.116176
0.115937
0.11574
0.115584
0.115468
0.11539
0.115348
0.11534
0.115363
0.115414
0.115491
0.11559
0.115708
0.115841
0.115987
0.116141
0.116302
0.116466
0.116629
0.116789
0.116943
0.117089
0.117224
0.117347
0.117455
0.117547
0.117622
0.117679
0.117716
0.117735
0.117735
0.117716
0.117679
0.117625
0.117556
0.117473
0.117379
0.117274
0.117162
0.117045
0.116925
0.116805
0.116687
0.116573
0.116466
0.116367
0.116279
0.116203
0.116141
0.116094
0.116062
0.116047
0.11605
0.11607
0.116108
0.116164
0.116239
0.116333
0.116446
0.116579
0.116731
0.116903
0.117097
0.117311
0.117547
0.117805
0.118086
0.118389
0.118714
0.119063
0.119434
0.119827
0.120241
0.120676
0.121131
0.121604
0.122095
0.122604
0.123128
0.123666
0.124219
0.124786
0.125365
0.125957
0.12656
0.127175
0.1278
0.128436
0.129081
0.129734
0.130394
0.131059
0.131728
0.132396
0.133063
0.133724
0.134377
0.135019
0.135645
0.136252
0.136837
0.137397
0.137927
0.138426
0.13889
0.139317
0.139704
0.140049
0.140348
0.140601
0.140805
0.140957
0.141055
0.141099
0.141084
0.141011
0.140878
0.140684
0.140429
0.140113
0.139739
0.139307
0.138821
0.138283
0.137698
0.137071
0.136405
0.135707
0.13498
0.134231
0.133462
0.13268
0.131887
0.131087
0.130283
0.129478
0.128673
0.127871
0.127074
0.126282
0.125499
0.124725
0.123963
0.123215
0.135654
