0.134297
0.134784
0.13514
0.135368
0.135476
0.135476
0.13538
0.135205
0.134966
0.134678
0.134355
0.134008
0.133648
0.133283
0.132918
0.132559
0.132208
0.131869
0.131545
0.13124
0.130958
0.130705
0.130489
0.13032
0.130208
0.130166
0.130207
0.130347
0.130597
0.130971
0.13148
0.132133
0.132935
0.133891
0.135001
0.136261
0.137667
0.139212
0.140886
0.142677
0.144576
0.146569
0.148644
0.150788
0.152988
0.15523
0.1575
0.159783
0.162064
0.164325
0.166548
0.168715
0.170805
0.172799
0.174677
0.176417
0.178001
0.179411
0.180631
0.181646
0.182445
0.183019
0.183363
0.183472
0.183349
0.182994
0.182414
0.181618
0.180614
0.179416
0.178036
0.176489
0.17479
0.172956
0.171001
0.168943
0.166795
0.164573
0.162291
0.159963
0.1576
0.155214
0.152815
0.150414
0.148019
0.145637
0.143276
0.140943
0.138642
0.13638
0.134162
0.131991
0.129873
0.12781
0.125807
0.123866
0.121992
0.120187
0.118453
0.116794
0.115211
0.113708
0.112287
0.110949
0.109697
0.108533
0.107459
0.106476
0.105585
0.104789
0.104089
0.103484
0.102976
0.102564
0.102247
0.102025
0.101896
0.101855
0.101901
0.102028
0.102231
0.102504
0.10284
0.103231
0.10367
0.104147
0.104656
0.105186
0.10573
0.10628
0.106829
0.107372
0.107903
0.108419
0.108919
0.109401
0.109866
0.110317
0.110758
0.111192
0.111627
0.112068
0.112523
0.112998
0.113501
0.114038
0.114616
0.115239
0.115912
0.116637
0.117415
0.118246
0.119128
0.120059
0.121032
0.122043
0.123083
0.124144
0.125216
0.12629
0.127354
0.128397
0.129407
0.130373
0.131283
0.132127
0.132894
0.133573
0.134156
0.134635
0.135001
0.135249
0.135373
0.13537
0.135238
0.134974
0.13458
0.134057
0.133409
0.132638
0.131752
0.130756
0.129659
0.128469
0.127194
0.125845
0.124432
0.122965
0.121453
0.119907
0.118337
0.116753
0.115163
0.113576
0.112001
0.110447
0.10892
0.107429
0.105982
0.104584
0.103245
0.101969
0.100764
0.0996347
0.0985871
0.0976254
0.096753
0.0959722
0.0952842
0.0946886
0.0941838
0.0937664
0.093432
0.0931746
0.092987
0.0928614
0.0927888
0.0927601
0.092766
0.0927971
0.0928446
0.0929003
0.0929567
0.0930072
0.0930461
0.093069
0.0930721
0.0930525
0.0930084
0.0929384
0.0928416
0.0927178
0.092567
0.0923897
0.0921867
0.0919593
0.0917093
0.0914391
0.0911519
0.0908515
0.0905428
0.0902315
0.0899242
0.0896281
0.0893512
0.0891017
0.0888879
0.0887178
0.0885986
0.0885367
0.088537
0.0886027
0.088735
0.088933
0.0891938
0.089512
0.0898803
0.0902896
0.0907292
0.0911868
0.0916498
0.0921048
0.0925383
0.0929375
0.0932902
0.0935853
0.0938131
0.0939657
0.0940366
0.0940216
0.093918
0.0937252
0.0934442
0.0930776
0.0926294
0.0921048
0.0915099
0.0908517
0.0901376
0.0893755
0.0885735
0.0877397
0.0868826
0.0860103
0.0851314
0.0842543
0.0833879
0.0825411
0.0817229
0.0809431
0.0802112
0.0795369
0.0789301
0.0784001
0.0779557
0.0776048
0.077354
0.0772087
0.0771726
0.0851586
