0.170776
0.172364
0.173839
0.175184
0.176379
0.17741
0.178261
0.178919
0.179373
0.179617
0.179643
0.179449
0.179036
0.178406
0.177565
0.176521
0.175285
0.173869
0.172287
0.170555
0.16869
0.16671
0.164632
0.162475
0.160257
0.157995
0.155708
0.153412
0.151123
0.148856
0.146625
0.144444
0.142325
0.140278
0.138315
0.136442
0.134668
0.132998
0.131436
0.129985
0.128644
0.127414
0.126291
0.125272
0.124349
0.123516
0.122764
0.122084
0.121466
0.120899
0.120375
0.119882
0.119412
0.118956
0.118506
0.118058
0.117604
0.117141
0.116666
0.116177
0.115672
0.115151
0.114613
0.11406
0.113492
0.112909
0.112313
0.111705
0.111086
0.110456
0.109818
0.109173
0.108522
0.107866
0.107209
0.106551
0.105896
0.105244
0.104599
0.103963
0.103339
0.102728
0.102132
0.101554
0.100994
0.100454
0.0999337
0.0994347
0.0989568
0.0985
0.0980642
0.0976492
0.0972548
0.0968811
0.0965282
0.0961966
0.095887
0.0956005
0.0953387
0.0951033
0.0948965
0.0947208
0.0945791
0.0944743
0.0944096
0.0943884
0.0944137
0.0944891
0.0946175
0.0948018
0.0950448
0.0953487
0.0957154
0.0961463
0.0966421
0.097203
0.0978286
0.0985174
0.0992675
0.100076
0.100939
0.101852
0.102809
0.103805
0.104831
0.105882
0.106947
0.10802
0.10909
0.110148
0.111184
0.112191
0.113158
0.114077
0.11494
0.115739
0.116469
0.117124
0.117699
0.118192
0.1186
0.118922
0.11916
0.119316
0.119392
0.119392
0.119322
0.119189
0.118999
0.118759
0.118479
0.118167
0.117831
0.11748
0.117122
0.116767
0.11642
0.116089
0.115781
0.1155
0.115251
0.115038
0.114863
0.114728
0.114633
0.114579
0.114563
0.114584
0.11464
0.114727
0.114841
0.114977
0.115132
0.1153
0.115477
0.115657
0.115837
0.11601
0.116174
0.116325
0.116459
0.116576
0.116673
0.11675
0.116808
0.116849
0.116875
0.116891
0.1169
0.116908
0.116922
0.116948
0.116994
0.117068
0.117175
0.117324
0.117521
0.117772
0.11808
0.11845
0.118884
0.119382
0.119942
0.120563
0.121239
0.121964
0.122731
0.12353
0.124352
0.125184
0.126016
0.126833
0.127624
0.128375
0.129074
0.129708
0.130266
0.130737
0.131112
0.131382
0.131541
0.131583
0.131504
0.131302
0.130976
0.130527
0.129957
0.129271
0.128474
0.127573
0.126576
0.125492
0.124332
0.123106
0.121826
0.120506
0.119157
0.117793
0.116427
0.115073
0.113741
0.112445
0.111196
0.110004
0.108879
0.107828
0.106859
0.105976
0.105183
0.104484
0.103878
0.103366
0.102944
0.102608
0.102355
0.102177
0.102067
0.102018
0.102021
0.102068
0.10215
0.10226
0.102389
0.102531
0.102682
0.102838
0.102995
0.103153
0.103311
0.103469
0.103631
0.103797
0.103969
0.104149
0.104339
0.104537
0.104744
0.104959
0.105179
0.105402
0.105626
0.105846
0.106062
0.106272
0.106473
0.106666
0.106852
0.10703
0.107204
0.107373
0.10754
0.107705
0.107868
0.108029
0.108186
0.108334
0.108471
0.108591
0.108686
0.121506
