0.177258
0.176531
0.175617
0.174525
0.173269
0.171862
0.170318
0.168654
0.166886
0.165029
0.1631
0.161115
0.159088
0.157033
0.154964
0.152892
0.150828
0.148782
0.146763
0.144777
0.142831
0.14093
0.139079
0.137282
0.135542
0.133862
0.132242
0.130685
0.129192
0.127762
0.126396
0.125094
0.123854
0.122676
0.121557
0.120497
0.119492
0.118541
0.117641
0.116789
0.115983
0.115221
0.114501
0.11382
0.113177
0.112571
0.112001
0.111465
0.110964
0.110498
0.110066
0.109669
0.109306
0.108976
0.10868
0.108415
0.108182
0.107976
0.107798
0.107642
0.107507
0.107389
0.107284
0.10719
0.107102
0.107018
0.106935
0.106851
0.106764
0.106673
0.106578
0.106479
0.106375
0.106269
0.106161
0.106052
0.105945
0.105842
0.105743
0.105652
0.105569
0.105497
0.105437
0.10539
0.105358
0.105342
0.105344
0.105364
0.105405
0.105467
0.105551
0.105659
0.105791
0.105949
0.106132
0.106341
0.106577
0.106839
0.107127
0.107439
0.107775
0.108133
0.10851
0.108906
0.109317
0.109741
0.110174
0.110616
0.111062
0.111509
0.111956
0.1124
0.112838
0.113269
0.113689
0.114098
0.114495
0.114877
0.115243
0.115594
0.115928
0.116244
0.116544
0.116826
0.117092
0.11734
0.117573
0.11779
0.117993
0.118182
0.118358
0.118522
0.118675
0.118818
0.11895
0.119073
0.119186
0.119289
0.119381
0.119462
0.119529
0.119582
0.119618
0.119635
0.119629
0.119599
0.119541
0.119451
0.119327
0.119166
0.118965
0.118721
0.118432
0.118098
0.117716
0.117287
0.116811
0.116289
0.115722
0.115114
0.114467
0.113786
0.113076
0.112341
0.111587
0.110822
0.110051
0.109282
0.108522
0.10778
0.107063
0.106378
0.105734
0.105139
0.104599
0.104122
0.103714
0.103381
0.103128
0.102961
0.102881
0.102893
0.102997
0.103194
0.103483
0.103862
0.104329
0.104878
0.105504
0.106201
0.106962
0.107779
0.108643
0.109545
0.110477
0.111428
0.112391
0.113355
0.114315
0.115261
0.116187
0.117089
0.117961
0.118799
0.119602
0.120367
0.121095
0.121785
0.122439
0.123058
0.123646
0.124203
0.124735
0.125242
0.125729
0.126198
0.126651
0.127091
0.12752
0.127937
0.128344
0.128742
0.129128
0.129502
0.129863
0.130208
0.130535
0.13084
0.131121
0.131373
0.131594
0.131778
0.131924
0.132025
0.132079
0.132083
0.132031
0.131922
0.131753
0.13152
0.131222
0.130858
0.130425
0.129925
0.129358
0.128725
0.128028
0.127271
0.126458
0.125595
0.124688
0.123745
0.122773
0.121782
0.120782
0.119781
0.118791
0.11782
0.116877
0.115972
0.115111
0.114301
0.113546
0.112851
0.112219
0.11165
0.111145
0.110704
0.110327
0.11001
0.109754
0.109555
0.109411
0.109321
0.109282
0.109291
0.109346
0.109443
0.109579
0.109749
0.109949
0.110172
0.110412
0.110662
0.110916
0.111166
0.111404
0.111623
0.111817
0.11198
0.112108
0.112197
0.112245
0.112254
0.112223
0.112157
0.112059
0.111934
0.111788
0.124351
