0.137036
0.137432
0.137692
0.137821
0.137833
0.137741
0.13756
0.137306
0.136995
0.136641
0.136255
0.135847
0.135424
0.134994
0.134558
0.134122
0.133686
0.133253
0.132827
0.132411
0.13201
0.131631
0.131283
0.130978
0.130726
0.130542
0.130441
0.130435
0.130539
0.130765
0.131123
0.13162
0.132263
0.133052
0.133987
0.135067
0.136285
0.137636
0.139112
0.140705
0.142407
0.144209
0.146102
0.148077
0.150125
0.152235
0.154398
0.156601
0.15883
0.16107
0.163305
0.165516
0.167684
0.169789
0.171808
0.173721
0.175508
0.177148
0.178622
0.179914
0.181009
0.181894
0.18256
0.183
0.183209
0.183186
0.182931
0.182448
0.181743
0.180823
0.179697
0.178376
0.176874
0.175202
0.173376
0.17141
0.169319
0.167119
0.164824
0.16245
0.160012
0.157524
0.155
0.152453
0.149896
0.147341
0.1448
0.142281
0.139796
0.137352
0.134958
0.13262
0.130347
0.128141
0.12601
0.123957
0.121985
0.120097
0.118296
0.116584
0.114962
0.113431
0.111993
0.110648
0.109398
0.108241
0.107179
0.106213
0.105343
0.104568
0.103889
0.103307
0.10282
0.102427
0.102129
0.101922
0.101805
0.101774
0.101826
0.101956
0.102158
0.102426
0.102754
0.103135
0.103559
0.10402
0.104509
0.105018
0.10554
0.106068
0.106597
0.10712
0.107635
0.108139
0.108631
0.109111
0.109581
0.110044
0.110504
0.110966
0.111436
0.111919
0.112424
0.112955
0.113518
0.114119
0.114763
0.115452
0.116188
0.116972
0.117804
0.118681
0.1196
0.120554
0.121539
0.122546
0.123567
0.124593
0.125612
0.126616
0.127593
0.128533
0.129424
0.130256
0.13102
0.131706
0.132304
0.132808
0.13321
0.133504
0.133685
0.133749
0.133693
0.133516
0.133218
0.132799
0.132261
0.131608
0.130844
0.129975
0.129007
0.127948
0.126804
0.125586
0.124302
0.122961
0.121572
0.120146
0.11869
0.117214
0.115726
0.114234
0.112746
0.111269
0.109808
0.108372
0.106965
0.105593
0.104263
0.102979
0.101748
0.100575
0.0994646
0.098423
0.0974548
0.0965646
0.0957561
0.0950325
0.0943959
0.0938472
0.093386
0.0930106
0.092718
0.0925037
0.0923618
0.0922856
0.0922671
0.0922979
0.0923691
0.0924716
0.0925964
0.0927351
0.0928798
0.0930232
0.0931593
0.0932826
0.0933889
0.0934747
0.0935376
0.0935756
0.0935875
0.0935725
0.0935302
0.0934607
0.0933642
0.0932412
0.0930928
0.0929203
0.092726
0.0925123
0.0922829
0.0920422
0.0917955
0.0915488
0.0913091
0.0910839
0.090881
0.0907082
0.0905733
0.0904829
0.0904431
0.0904583
0.0905313
0.0906629
0.0908519
0.0910949
0.0913864
0.0917189
0.0920831
0.0924682
0.0928623
0.0932527
0.0936266
0.0939711
0.094274
0.0945238
0.0947104
0.0948253
0.0948615
0.094814
0.0946798
0.0944575
0.094148
0.0937535
0.0932781
0.092727
0.0921065
0.091424
0.0906874
0.089905
0.0890854
0.0882374
0.0873695
0.0864904
0.0856086
0.0847325
0.0838706
0.0830313
0.0822232
0.0814551
0.0807358
0.0800745
0.0794801
0.0789614
0.0785271
0.0781848
0.0779412
0.077802
0.0777712
0.0858052
