0.101529
0.102234
0.103037
0.103924
0.104878
0.105882
0.10692
0.107978
0.109045
0.110113
0.111179
0.112243
0.113308
0.114382
0.115473
0.116592
0.117749
0.118956
0.120223
0.121558
0.122969
0.124462
0.126041
0.127708
0.129465
0.131311
0.133245
0.135267
0.137373
0.139562
0.14183
0.144175
0.146594
0.149083
0.151636
0.154247
0.156908
0.159608
0.162334
0.165071
0.167799
0.170498
0.173143
0.17571
0.17817
0.180496
0.182661
0.184637
0.1864
0.187925
0.189194
0.19019
0.1909
0.191315
0.191431
0.191246
0.190765
0.189993
0.188942
0.187625
0.186058
0.184262
0.182256
0.180065
0.177714
0.175228
0.172635
0.169962
0.167236
0.164486
0.161737
0.159014
0.156341
0.153739
0.151227
0.148822
0.146536
0.144379
0.14236
0.140481
0.138743
0.137144
0.13568
0.134343
0.133123
0.13201
0.130992
0.130054
0.129185
0.128369
0.127593
0.126846
0.126115
0.12539
0.124662
0.123924
0.12317
0.122396
0.121599
0.12078
0.119939
0.119078
0.118201
0.117312
0.116417
0.115522
0.114634
0.113759
0.112904
0.112077
0.111283
0.110531
0.109825
0.109172
0.108576
0.108043
0.107575
0.107177
0.10685
0.106596
0.106416
0.106311
0.106279
0.106319
0.106429
0.106606
0.106845
0.107143
0.107493
0.107889
0.108326
0.108797
0.109294
0.109811
0.11034
0.110874
0.111409
0.111938
0.112456
0.112961
0.11345
0.113923
0.114379
0.11482
0.115249
0.115672
0.116093
0.116519
0.116958
0.117417
0.117904
0.118428
0.118997
0.119617
0.120296
0.121037
0.121845
0.122723
0.123671
0.124686
0.125767
0.126908
0.128103
0.129342
0.130616
0.131913
0.13322
0.134524
0.13581
0.137063
0.138269
0.139412
0.140478
0.141453
0.142323
0.143076
0.143701
0.144188
0.144529
0.144717
0.144746
0.144615
0.14432
0.143862
0.143245
0.142471
0.141548
0.140482
0.139284
0.137964
0.136536
0.135013
0.13341
0.131742
0.130025
0.128275
0.126507
0.124737
0.122977
0.12124
0.119538
0.11788
0.116272
0.114721
0.113229
0.111798
0.110427
0.109115
0.107858
0.106652
0.10549
0.104367
0.103278
0.102215
0.101173
0.100145
0.0991279
0.0981159
0.0971054
0.0960932
0.0950769
0.0940545
0.0930248
0.0919871
0.0909414
0.089888
0.0888279
0.087763
0.0866956
0.0856287
0.0845664
0.0835134
0.0824755
0.081459
0.0804714
0.0795206
0.0786151
0.0777636
0.0769749
0.0762575
0.0756195
0.0750679
0.0746086
0.0742463
0.0739837
0.073822
0.0737605
0.0737967
0.0739263
0.0741432
0.07444
0.0748081
0.075238
0.0757196
0.0762424
0.0767962
0.0773708
0.0779567
0.0785453
0.0791286
0.0797001
0.0802539
0.0807857
0.0812918
0.0817698
0.082218
0.0826354
0.0830217
0.0833768
0.0837012
0.0839951
0.0842593
0.0844942
0.0847003
0.0848782
0.0850284
0.0851516
0.0852487
0.0853209
0.0853697
0.0853974
0.0854065
0.0854002
0.0853821
0.0853563
0.0853272
0.0852994
0.0852773
0.0852652
0.0852672
0.085287
0.0853278
0.0853922
0.0854827
0.0856012
0.0857493
0.0859282
0.0861387
0.0863808
0.0956815
