0.0914201
0.0904305
0.08941
0.0883909
0.0873965
0.0864412
0.0855308
0.0846645
0.0838366
0.0830392
0.0822643
0.0815053
0.0807585
0.0800238
0.0793041
0.078606
0.0779379
0.07731
0.0767329
0.0762166
0.0757703
0.0754012
0.0751141
0.0749115
0.0747932
0.0747565
0.0747962
0.0749049
0.0750729
0.0752893
0.0755416
0.0758164
0.0760999
0.0763782
0.0766379
0.0768663
0.0770521
0.0771856
0.0772591
0.0772672
0.0772069
0.0770779
0.0768822
0.0766244
0.0763111
0.075951
0.0755546
0.0751333
0.0746995
0.0742662
0.0738462
0.0734521
0.073096
0.0727889
0.0725412
0.0723617
0.0722584
0.0722379
0.0723062
0.0724679
0.0727272
0.0730878
0.0735528
0.0741253
0.0748086
0.0756058
0.0765204
0.0775561
0.0787165
0.0800057
0.0814274
0.0829851
0.0846819
0.0865199
0.0885005
0.0906237
0.0928883
0.0952912
0.0978281
0.100493
0.103278
0.106174
0.109172
0.11226
0.115426
0.11866
0.121947
0.125278
0.12864
0.132022
0.135415
0.138808
0.142191
0.145557
0.148893
0.152192
0.155441
0.158629
0.161742
0.164766
0.167684
0.170478
0.173128
0.175615
0.177917
0.180013
0.181883
0.183507
0.184867
0.185949
0.18674
0.187232
0.187419
0.187302
0.186884
0.186172
0.185178
0.183918
0.182408
0.180671
0.178728
0.176602
0.17432
0.171905
0.169383
0.166775
0.164107
0.161397
0.158668
0.155936
0.153219
0.150533
0.147891
0.145306
0.142791
0.140355
0.13801
0.135763
0.133624
0.1316
0.129697
0.127921
0.126278
0.124771
0.123403
0.122177
0.121092
0.120151
0.11935
0.118688
0.118161
0.117767
0.117499
0.117352
0.117321
0.117397
0.117576
0.117848
0.118207
0.118645
0.119154
0.119726
0.120354
0.12103
0.121746
0.122495
0.123267
0.124057
0.124855
0.125654
0.126445
0.127222
0.127976
0.128698
0.129381
0.130018
0.1306
0.131122
0.131575
0.131954
0.132254
0.13247
0.132598
0.132635
0.132581
0.132434
0.132196
0.131869
0.131457
0.130964
0.130396
0.129762
0.12907
0.12833
0.127553
0.126751
0.125936
0.12512
0.124319
0.123544
0.122811
0.122132
0.12152
0.120988
0.120548
0.12021
0.119986
0.119882
0.119907
0.120066
0.120362
0.120799
0.121375
0.12209
0.122938
0.123914
0.125011
0.126217
0.127522
0.128912
0.130375
0.131893
0.133453
0.135039
0.136635
0.138228
0.139802
0.141346
0.142848
0.144298
0.145687
0.147006
0.148247
0.149404
0.15047
0.151437
0.1523
0.153052
0.153685
0.154195
0.154575
0.154822
0.154934
0.154911
0.154756
0.154474
0.154075
0.153569
0.15297
0.152292
0.151552
0.150764
0.149942
0.149096
0.148235
0.147362
0.146476
0.145571
0.144638
0.143663
0.14263
0.14152
0.140314
0.138994
0.137543
0.135948
0.134198
0.132288
0.130217
0.127989
0.125613
0.1231
0.120467
0.11773
0.114908
0.112019
0.10908
0.106105
0.103107
0.100095
0.0970758
0.0940547
0.0910354
0.0880223
0.085021
0.0820397
0.0790906
0.07619
0.0733588
0.0706223
0.0680092
0.0655505
0.0632782
0.0612231
0.0594134
0.0578729
0.05662
0.0556666
0.0550173
0.0605052
