1.14824e-06
1.01248e-06
9.82419e-07
1.02768e-06
1.134e-06
1.29631e-06
1.51509e-06
1.79466e-06
2.14234e-06
2.56811e-06
3.08461e-06
3.70723e-06
4.45446e-06
5.34817e-06
6.41414e-06
7.68255e-06
9.1886e-06
1.09733e-05
1.3084e-05
1.55759e-05
1.85125e-05
2.19669e-05
2.60232e-05
3.07779e-05
3.63417e-05
4.28407e-05
5.04189e-05
5.92402e-05
6.94904e-05
8.13804e-05
9.51483e-05
0.000111063
0.000129427
0.00015058
0.000174904
0.000202825
0.000234818
0.000271414
0.0003132
0.00036083
0.000415026
0.000476584
0.000546382
0.000625383
0.000714642
0.000815315
0.000928659
0.00105605
0.00119896
0.00135901
0.00153793
0.00173759
0.00196
0.00220731
0.00248181
0.00278596
0.00312234
0.00349371
0.00390296
0.00435315
0.00484748
0.00538929
0.00598207
0.00662942
0.00733509
0.00810293
0.00893687
0.00984095
0.0108193
0.0118759
0.0130152
0.0142411
0.0155578
0.0169695
0.0184802
0.0200936
0.0218137
0.0236439
0.0255877
0.0276481
0.029828
0.03213
0.034556
0.0371081
0.0397874
0.042595
0.0455312
0.0485959
0.0517886
0.0551082
0.0585528
0.0621203
0.0658077
0.0696117
0.0735282
0.0775525
0.0816798
0.0859041
0.0902196
0.0946194
0.0990966
0.103644
0.108253
0.112917
0.117627
0.122375
0.127151
0.131949
0.136758
0.141571
0.14638
0.151177
0.155953
0.160701
0.165415
0.170087
0.174712
0.179283
0.183795
0.188243
0.192622
0.196929
0.20116
0.205312
0.209381
0.213365
0.217262
0.221068
0.224783
0.228403
0.231927
0.235352
0.238675
0.241894
0.245006
0.248006
0.250892
0.25366
0.256304
0.258821
0.261204
0.263449
0.265551
0.267503
0.2693
0.270937
0.272408
0.27371
0.274837
0.275788
0.276558
0.277148
0.277557
0.277786
0.277839
0.27772
0.277434
0.276991
0.276399
0.275669
0.274815
0.273851
0.272792
0.271655
0.270458
0.269217
0.267953
0.266682
0.265423
0.26419
0.263001
0.261867
0.2608
0.259809
0.258899
0.258072
0.257327
0.256659
0.256061
0.255519
0.255019
0.254542
0.254064
0.253563
0.253009
0.252376
0.251633
0.250751
0.249701
0.248455
0.246987
0.245277
0.243306
0.241061
0.238535
0.235727
0.232643
0.229295
0.225706
0.221903
0.217922
0.213806
0.209605
0.205374
0.201173
0.197064
0.193113
0.189385
0.185941
0.182842
0.180141
0.177883
0.176103
0.174825
0.17406
0.173802
0.174031
0.174712
0.175793
0.177205
0.178866
0.180682
0.182547
0.18435
0.185973
0.187298
0.18821
0.1886
0.188371
0.187437
0.185732
0.183206
0.179834
0.175611
0.170557
0.164716
0.158153
0.150957
0.143235
0.135112
0.126728
0.118237
0.109803
0.101596
0.0937933
0.0865741
0.0801162
0.0745933
0.0701698
0.0669956
0.0651987
0.0648772
0.0660896
0.0688451
0.0730935
0.0787161
0.0855199
0.093235
0.101518
0.109961
0.118108
0.125482
0.131608
0.136052
0.138451
0.138546
0.136209
0.131452
0.124434
0.115453
0.104913
0.0933025
0.0811423
0.0689503
0.0571975
0.0462768
0.03648
0.0279881
0.0208735
0.0151129
0.0106071
0.00720491
0.00472772
0.00299066
0.00181949
0.00106175
0.000592394
0.000314856
0.000158711
7.54726e-05
3.36372e-05
1.39362e-05
5.31139e-06
1.83642e-06
5.651e-07
1.50521e-07
3.32351e-08
5.65554e-09
6.63689e-10
9.18527e-11
