0.097968
0.0979425
0.0979061
0.0978582
0.0977982
0.0977252
0.0976385
0.0975371
0.0974205
0.0972883
0.0971408
0.0969788
0.0968036
0.0966171
0.0964222
0.0962218
0.0960199
0.0958205
0.095628
0.095447
0.0952819
0.0951373
0.0950173
0.0949255
0.0948653
0.0948395
0.0948504
0.0948995
0.094988
0.0951166
0.0952857
0.095495
0.0957441
0.0960325
0.0963593
0.0967235
0.0971241
0.0975598
0.0980293
0.098531
0.0990632
0.0996241
0.100211
0.100823
0.101455
0.102107
0.102773
0.103452
0.10414
0.104833
0.105528
0.106221
0.10691
0.10759
0.108259
0.108915
0.109554
0.110174
0.110773
0.11135
0.111904
0.112432
0.112935
0.113412
0.113863
0.114287
0.114685
0.115056
0.115402
0.115721
0.116016
0.116286
0.116532
0.116753
0.116951
0.117126
0.117278
0.117407
0.117512
0.117595
0.117655
0.117691
0.117705
0.117695
0.117661
0.117604
0.117524
0.11742
0.117292
0.117142
0.116968
0.116773
0.116556
0.116319
0.116061
0.115786
0.115493
0.115186
0.114864
0.114532
0.11419
0.113841
0.113489
0.113135
0.112782
0.112435
0.112096
0.111768
0.111454
0.111159
0.110886
0.110637
0.110415
0.110224
0.110066
0.109943
0.109857
0.10981
0.109802
0.109834
0.109906
0.110018
0.110169
0.110358
0.110582
0.11084
0.111129
0.111446
0.111788
0.112152
0.112533
0.112928
0.113334
0.113746
0.114161
0.114575
0.114983
0.115384
0.115773
0.116147
0.116503
0.11684
0.117154
0.117444
0.117709
0.117946
0.118156
0.118337
0.118489
0.118612
0.118707
0.118774
0.118813
0.118826
0.118815
0.11878
0.118722
0.118645
0.118548
0.118435
0.118306
0.118165
0.118011
0.117848
0.117677
0.117499
0.117317
0.117131
0.116943
0.116755
0.116568
0.116382
0.116198
0.116019
0.115844
0.115674
0.11551
0.115352
0.115201
0.115057
0.114922
0.114795
0.114677
0.114569
0.114471
0.114385
0.11431
0.114247
0.114198
0.114164
0.114144
0.114141
0.114155
0.114186
0.114236
0.114305
0.114393
0.1145
0.114626
0.114771
0.114935
0.115116
0.115313
0.115526
0.115752
0.11599
0.116238
0.116495
0.116758
0.117026
0.117296
0.117567
0.117837
0.118105
0.118368
0.118627
0.118878
0.119123
0.119359
0.119586
0.119805
0.120015
0.120217
0.12041
0.120597
0.120777
0.120953
0.121127
0.121299
0.121474
0.121652
0.121838
0.122033
0.122241
0.122465
0.122707
0.122972
0.12326
0.123575
0.123919
0.124293
0.124699
0.125139
0.125612
0.126119
0.12666
0.127235
0.127842
0.128482
0.129152
0.129852
0.13058
0.131334
0.132113
0.132915
0.133737
0.134578
0.135436
0.136309
0.137193
0.138087
0.138989
0.139896
0.140806
0.141716
0.142624
0.143528
0.144426
0.145317
0.146199
0.14707
0.14793
0.148778
0.149612
0.150434
0.151241
0.152034
0.152811
0.153573
0.154317
0.155044
0.15575
0.156435
0.157095
0.157728
0.158331
0.158899
0.15943
0.159918
0.160361
0.160753
0.16109
0.161369
0.161586
0.161737
0.161819
0.16183
0.161767
0.161629
0.17706
