0.0924246
0.0924945
0.0926017
0.0927472
0.0929316
0.0931547
0.0934161
0.0937148
0.0940494
0.0944181
0.0948193
0.0952509
0.0957109
0.0961974
0.0967085
0.0972423
0.097797
0.0983708
0.0989618
0.0995681
0.100188
0.100818
0.101457
0.102102
0.10275
0.103398
0.104043
0.104683
0.105315
0.105935
0.106542
0.107134
0.107709
0.108265
0.108803
0.10932
0.109819
0.110298
0.110759
0.111202
0.111628
0.112039
0.112435
0.112817
0.113187
0.113545
0.113892
0.114228
0.114555
0.114871
0.115178
0.115475
0.115761
0.116038
0.116304
0.116559
0.116803
0.117035
0.117254
0.117462
0.117655
0.117835
0.118
0.118149
0.118282
0.118398
0.118495
0.118573
0.118631
0.118667
0.118682
0.118674
0.118643
0.118588
0.11851
0.118408
0.118283
0.118135
0.117966
0.117777
0.11757
0.117345
0.117106
0.116854
0.116591
0.116321
0.116046
0.115768
0.11549
0.115215
0.114946
0.114684
0.114432
0.114193
0.113968
0.113758
0.113566
0.113392
0.113238
0.113103
0.112989
0.112895
0.112822
0.112768
0.112734
0.112718
0.112719
0.112737
0.112769
0.112815
0.112873
0.112941
0.113018
0.113102
0.113192
0.113286
0.113383
0.113482
0.113581
0.113679
0.113776
0.113871
0.113964
0.114053
0.11414
0.114224
0.114305
0.114385
0.114462
0.114539
0.114615
0.114692
0.11477
0.11485
0.114934
0.11502
0.115112
0.115207
0.115309
0.115415
0.115528
0.115646
0.11577
0.115899
0.116034
0.116173
0.116315
0.116462
0.11661
0.11676
0.116911
0.117061
0.11721
0.117357
0.1175
0.117638
0.117772
0.117899
0.118018
0.11813
0.118233
0.118326
0.118411
0.118485
0.118549
0.118602
0.118646
0.118681
0.118706
0.118723
0.118733
0.118736
0.118733
0.118726
0.118716
0.118704
0.118692
0.11868
0.11867
0.118662
0.118659
0.11866
0.118668
0.118681
0.118702
0.11873
0.118765
0.118809
0.118861
0.11892
0.118988
0.119063
0.119146
0.119236
0.119333
0.119436
0.119545
0.119659
0.119778
0.119901
0.120027
0.120157
0.120289
0.120424
0.12056
0.120697
0.120835
0.120973
0.121112
0.121251
0.121389
0.121527
0.121665
0.121803
0.12194
0.122076
0.122211
0.122346
0.122479
0.122611
0.122741
0.122869
0.122993
0.123114
0.123231
0.123343
0.12345
0.123551
0.123646
0.123733
0.123814
0.123888
0.123954
0.124013
0.124065
0.124111
0.124152
0.124186
0.124217
0.124244
0.124269
0.124293
0.124316
0.12434
0.124367
0.124398
0.124435
0.124479
0.124532
0.124596
0.124673
0.124766
0.124876
0.125005
0.125156
0.125331
0.125532
0.125761
0.126019
0.126309
0.12663
0.126986
0.127375
0.127797
0.128254
0.128744
0.129266
0.129818
0.1304
0.131008
0.131642
0.132298
0.132973
0.133665
0.134372
0.13509
0.135817
0.136549
0.137285
0.138021
0.138756
0.139485
0.140208
0.140922
0.141625
0.142315
0.14299
0.143648
0.144289
0.144909
0.145508
0.146086
0.14664
0.14717
0.147674
0.148152
0.148603
0.149025
0.149416
0.164338
