3.19813e-13
2.78007e-13
2.91764e-13
3.46378e-13
4.39965e-13
5.77827e-13
7.70701e-13
1.03473e-12
1.39234e-12
1.8739e-12
2.51989e-12
3.38406e-12
4.53742e-12
6.07353e-12
8.11537e-12
1.08243e-11
1.44113e-11
1.91523e-11
2.54069e-11
3.36429e-11
4.44678e-11
5.86692e-11
7.72657e-11
1.01572e-10
1.33284e-10
1.7458e-10
2.28257e-10
2.97898e-10
3.88086e-10
5.04665e-10
6.55081e-10
8.48798e-10
1.09782e-09
1.41734e-09
1.82658e-09
2.34974e-09
3.01732e-09
3.86762e-09
4.94864e-09
6.32048e-09
8.05816e-09
1.02552e-08
1.30279e-08
1.65208e-08
2.09127e-08
2.64249e-08
3.33305e-08
4.19659e-08
5.27445e-08
6.61736e-08
8.28743e-08
1.03606e-07
1.29293e-07
1.61063e-07
2.00284e-07
2.48614e-07
3.08061e-07
3.81048e-07
4.70494e-07
5.7991e-07
7.13511e-07
8.76342e-07
1.07444e-06
1.31499e-06
1.60657e-06
1.95936e-06
2.38541e-06
2.89901e-06
3.517e-06
4.25926e-06
5.14914e-06
6.21404e-06
7.48606e-06
9.00271e-06
1.08077e-05
1.2952e-05
1.54946e-05
1.8504e-05
2.20595e-05
2.62524e-05
3.11879e-05
3.6987e-05
4.37882e-05
5.17502e-05
6.10539e-05
7.19054e-05
8.45392e-05
9.92209e-05
0.000116251
0.00013597
0.000158758
0.000185047
0.000215318
0.000250109
0.000290023
0.00033573
0.000387973
0.000447577
0.000515455
0.000592612
0.000680154
0.000779297
0.000891369
0.00101782
0.00116024
0.00132034
0.00149998
0.00170118
0.00192609
0.00217707
0.00245659
0.00276734
0.00311215
0.00349406
0.00391625
0.00438212
0.00489523
0.0054593
0.00607826
0.00675618
0.00749728
0.00830595
0.00918671
0.0101442
0.0111832
0.0123084
0.0135249
0.0148376
0.0162515
0.0177714
0.0194025
0.0211496
0.0230174
0.0250107
0.0271341
0.0293918
0.0317881
0.0343268
0.0370116
0.0398457
0.0428322
0.0459737
0.0492724
0.0527301
0.0563482
0.0601275
0.0640686
0.0681713
0.0724351
0.0768589
0.0814412
0.0861797
0.0910719
0.0961147
0.101304
0.106636
0.112107
0.11771
0.123439
0.12929
0.135255
0.141328
0.147499
0.153763
0.160109
0.166529
0.173014
0.179554
0.186139
0.192759
0.199402
0.206056
0.212711
0.219355
0.225975
0.232558
0.239093
0.245565
0.251963
0.258274
0.264484
0.270581
0.276553
0.282388
0.288075
0.293602
0.298961
0.304141
0.309135
0.313936
0.318538
0.322935
0.327126
0.331106
0.334876
0.338435
0.341785
0.344928
0.347866
0.350604
0.353145
0.355493
0.357652
0.359625
0.361416
0.363025
0.364453
0.3657
0.366761
0.367634
0.368313
0.368788
0.369052
0.369094
0.368902
0.368466
0.367773
0.366813
0.365577
0.36406
0.362256
0.360168
0.357799
0.355162
0.35227
0.349148
0.345822
0.342326
0.3387
0.334985
0.331229
0.327479
0.323783
0.320184
0.316724
0.313435
0.310343
0.307459
0.304783
0.3023
0.29998
0.297775
0.295623
0.293449
0.291163
0.288669
0.285863
0.282642
0.278905
0.274563
0.26954
0.263784
0.257265
0.24999
0.241999
0.233373
0.224235
0.214749
0.20512
0.195591
0.186431
0.177927
0.170369
0.16403
0.159147
0.155893
0.154355
0.154513
0.156219
0.159191
0.163012
0.167151
0.170986
0.17386
0.175127
0.174222
0.170722
0.164391
0.155224
0.143451
0.12952
0.114058
0.0977994
0.0815135
0.0659227
0.0516335
0.0390866
0.0285327
0.0200344
0.0134925
0.00868714
0.00532764
0.00309941
0.00170308
0.000880616
0.000428288
0.00019802
9.08269e-05
4.61291e-05
3.39421e-05
