5.07435e-103
6.34092e-80
1.42121e-77
1.58872e-75
1.18101e-73
6.56794e-72
2.91473e-70
1.0752e-68
3.39102e-67
9.33422e-66
2.27808e-64
4.99107e-63
9.91552e-62
1.8011e-60
3.01218e-59
4.66576e-58
6.72794e-57
9.07173e-56
1.14827e-54
1.36914e-53
1.54256e-52
1.64675e-51
1.6699e-50
1.61217e-49
1.48487e-48
1.3072e-47
1.10185e-46
8.90679e-46
6.91485e-45
5.16296e-44
3.71212e-43
2.57315e-42
1.72152e-41
1.11278e-40
6.95629e-40
4.20938e-39
2.46776e-38
1.40276e-37
7.73733e-37
4.14424e-36
2.15695e-35
1.0916e-34
5.37504e-34
2.57663e-33
1.20314e-32
5.47536e-32
2.42974e-31
1.05189e-30
4.44476e-30
1.83395e-29
7.39224e-29
2.912e-28
1.12152e-27
4.22462e-27
1.55701e-26
5.6166e-26
1.98371e-25
6.86201e-25
2.32555e-24
7.72392e-24
2.51485e-23
8.02924e-23
2.51445e-22
7.72564e-22
2.32949e-21
6.89492e-21
2.00377e-20
5.71894e-20
1.60337e-19
4.41672e-19
1.19565e-18
3.18158e-18
8.32338e-18
2.14124e-17
5.41777e-17
1.3485e-16
3.30243e-16
7.95883e-16
1.88788e-15
4.40841e-15
1.01356e-14
2.29479e-14
5.11726e-14
1.12409e-13
2.43277e-13
5.18805e-13
1.09038e-12
2.25883e-12
4.61304e-12
9.28862e-12
1.84433e-11
3.61168e-11
6.97631e-11
1.32938e-10
2.49939e-10
4.63711e-10
8.49071e-10
1.53456e-09
2.73797e-09
4.82319e-09
8.38999e-09
1.44135e-08
2.44579e-08
4.09987e-08
6.7902e-08
1.11127e-07
1.79739e-07
2.87352e-07
4.54152e-07
7.09686e-07
1.09667e-06
1.67611e-06
2.53403e-06
3.79033e-06
5.61008e-06
8.21798e-06
1.19163e-05
1.71071e-05
2.43195e-05
3.42417e-05
4.77604e-05
6.60052e-05
9.04021e-05
0.000122733
0.000165204
0.000220522
0.000291984
0.000383564
0.000500026
0.000647031
0.000831264
0.00106057
0.00134408
0.00169239
0.00211773
0.00263407
0.00325741
0.00400587
0.00489992
0.0059626
0.00721966
0.00869977
0.0104347
0.0124594
0.0148121
0.0175346
0.020672
0.0242728
0.0283886
0.0330741
0.0383869
0.0443867
0.0511349
0.0586943
0.0671279
0.0764982
0.086866
0.0982898
0.110824
0.124517
0.139413
0.155545
0.172939
0.191608
0.211555
0.232767
0.255217
0.278862
0.303642
0.329478
0.356275
0.383918
0.412275
0.441196
0.470513
0.500045
0.529595
0.558954
0.587904
0.61622
0.643672
0.670028
0.695059
0.71854
0.740255
0.759999
0.777584
0.792837
0.805607
0.815767
0.823214
0.827873
0.829697
0.828667
0.824796
0.818124
0.80872
0.79668
0.782127
0.765206
0.746084
0.724946
0.701992
0.677436
0.6515
0.624411
0.5964
0.567696
0.538524
0.509104
0.479645
0.450346
0.421392
0.392951
0.365178
0.33821
0.312163
0.287139
0.263219
0.240469
0.218935
0.198651
0.179631
0.161878
0.145383
0.130124
0.11607
0.103181
0.0914108
0.0807079
0.0710157
0.0622748
0.054424
0.0474012
0.0411443
0.0355919
0.0306841
0.0263632
0.0225739
0.0192635
0.0163828
0.0138856
0.0117291
0.00987388
0.00828391
0.0069264
0.00577171
0.00479321
0.00396711
0.00327226
0.00268996
0.0022038
0.00179938
0.00146421
0.00118743
0.000959715
0.000773042
0.000620572
0.000496489
0.000395872
0.000314579
0.000249134
0.000196637
0.000154678
0.000121261
9.4742e-05
7.37726e-05
5.72503e-05
4.42784e-05
3.413e-05
2.62188e-05
2.00734e-05
1.53165e-05
1.16475e-05
8.82743e-06
6.66761e-06
5.01925e-06
3.76565e-06
2.81563e-06
2.09818e-06
1.55828e-06
1.1534e-06
8.50845e-07
6.25541e-07
4.5835e-07
3.34717e-07
2.43613e-07
1.76716e-07
1.27767e-07
9.20801e-08
6.61588e-08
4.7406e-08
3.39013e-08
2.42326e-08
1.73702e-08
1.25747e-08
9.33295e-09
7.3243e-09
6.42502e-09
7.60266e-09
