0.101731
0.101851
0.102098
0.102445
0.10286
0.103308
0.103756
0.104176
0.104546
0.104852
0.105088
0.105254
0.105357
0.105408
0.105418
0.105399
0.105361
0.105313
0.105257
0.105196
0.105129
0.105052
0.104964
0.10486
0.10474
0.104603
0.104452
0.10429
0.104124
0.103962
0.103811
0.103682
0.103582
0.10352
0.103502
0.103532
0.103611
0.103742
0.10392
0.104141
0.104398
0.104684
0.104987
0.105298
0.105603
0.105893
0.106154
0.106378
0.106554
0.106675
0.106737
0.106736
0.106671
0.106546
0.106367
0.10614
0.105879
0.105595
0.105305
0.105026
0.104779
0.104582
0.104458
0.104428
0.104512
0.10473
0.105102
0.105646
0.106377
0.107309
0.108452
0.109816
0.111405
0.113222
0.115267
0.117536
0.12002
0.122709
0.12559
0.128643
0.131849
0.135183
0.138617
0.142121
0.145663
0.149206
0.152714
0.156147
0.159468
0.162635
0.165609
0.168354
0.170832
0.173011
0.174863
0.176361
0.177488
0.178229
0.178578
0.178533
0.178103
0.1773
0.176145
0.174664
0.17289
0.170861
0.168617
0.166203
0.163666
0.161053
0.158411
0.155783
0.153214
0.150742
0.148401
0.14622
0.144223
0.142429
0.140849
0.139489
0.138351
0.137429
0.136715
0.136195
0.135852
0.135667
0.135618
0.135682
0.135836
0.136055
0.136316
0.136595
0.136871
0.137124
0.137334
0.137486
0.137564
0.137557
0.137454
0.137248
0.136933
0.136507
0.135968
0.135318
0.134559
0.133697
0.132738
0.131689
0.130561
0.129363
0.128105
0.126798
0.125454
0.124084
0.122697
0.121305
0.119917
0.118541
0.117185
0.115856
0.11456
0.113303
0.112087
0.110918
0.109796
0.108726
0.107707
0.106742
0.105833
0.104978
0.10418
0.10344
0.102757
0.102134
0.10157
0.101067
0.100625
0.100245
0.0999284
0.0996747
0.0994844
0.0993576
0.0992937
0.0992922
0.0993518
0.0994713
0.0996486
0.0998815
0.100168
0.100504
0.100887
0.101313
0.101778
0.10228
0.102812
0.103371
0.103952
0.10455
0.10516
0.105778
0.106396
0.107011
0.107616
0.108205
0.108773
0.109313
0.10982
0.110289
0.110714
0.111092
0.111417
0.111688
0.111902
0.112059
0.112157
0.112198
0.112183
0.112115
0.111996
0.11183
0.111621
0.111371
0.111084
0.110763
0.110411
0.110031
0.109625
0.109197
0.108749
0.108285
0.107811
0.107332
0.106856
0.10639
0.105945
0.105531
0.105159
0.10484
0.104584
0.1044
0.104296
0.104277
0.104346
0.104501
0.10474
0.105057
0.105442
0.105883
0.10637
0.106886
0.10742
0.107958
0.108488
0.109
0.109487
0.109944
0.110369
0.110762
0.111126
0.111464
0.111781
0.112083
0.112376
0.112662
0.112946
0.113228
0.113508
0.113784
0.114051
0.114307
0.114546
0.114765
0.114961
0.115135
0.115287
0.115422
0.115548
0.115674
0.115812
0.115973
0.116171
0.116416
0.116719
0.117088
0.117524
0.11803
0.1186
0.119228
0.1199
0.120603
0.121319
0.12203
0.122714
0.123352
0.123925
0.124414
0.124802
0.125075
0.125224
0.138209
