0.173432
0.174495
0.175419
0.17619
0.1768
0.177237
0.177494
0.177565
0.177444
0.177129
0.176618
0.175913
0.175019
0.173941
0.172687
0.171269
0.169699
0.16799
0.166159
0.164221
0.162195
0.160098
0.157948
0.155762
0.153556
0.151348
0.149152
0.146982
0.144851
0.14277
0.140748
0.138795
0.136917
0.13512
0.13341
0.131791
0.130264
0.128833
0.127498
0.126259
0.125117
0.12407
0.123116
0.122251
0.121471
0.120773
0.120148
0.119592
0.119096
0.118652
0.118252
0.117887
0.117548
0.117226
0.116913
0.116602
0.116285
0.115956
0.115612
0.115246
0.114858
0.114445
0.114006
0.113541
0.11305
0.112536
0.111999
0.111442
0.110867
0.110276
0.109671
0.109056
0.108431
0.107801
0.107167
0.106532
0.105899
0.10527
0.104648
0.104037
0.103438
0.102854
0.10229
0.101747
0.101228
0.100735
0.100271
0.0998378
0.0994365
0.0990683
0.0987341
0.0984343
0.0981691
0.0979385
0.0977422
0.0975801
0.0974516
0.0973566
0.0972948
0.0972661
0.0972707
0.0973087
0.0973808
0.0974875
0.0976296
0.0978081
0.098024
0.0982783
0.0985721
0.0989061
0.0992812
0.0996981
0.100157
0.100658
0.101201
0.101785
0.102409
0.103072
0.103772
0.104506
0.105271
0.106065
0.106883
0.107721
0.108573
0.109435
0.1103
0.111163
0.112018
0.112856
0.113673
0.11446
0.115212
0.115921
0.116583
0.11719
0.117739
0.118225
0.118644
0.118993
0.119271
0.119478
0.119613
0.119677
0.119673
0.119603
0.119472
0.119284
0.119045
0.118759
0.118433
0.118073
0.117685
0.117276
0.116852
0.116419
0.115982
0.115547
0.115118
0.114699
0.114295
0.113908
0.113542
0.113198
0.112878
0.112585
0.112318
0.112078
0.111866
0.111682
0.111524
0.111393
0.111288
0.111206
0.111148
0.111111
0.111094
0.111096
0.111116
0.111151
0.111201
0.111265
0.111342
0.111433
0.111538
0.111657
0.111792
0.111945
0.112118
0.112313
0.112535
0.112786
0.113069
0.113388
0.113746
0.114147
0.114592
0.115084
0.115624
0.116212
0.116848
0.11753
0.118256
0.119023
0.119825
0.120658
0.121514
0.122387
0.123268
0.12415
0.125022
0.125875
0.1267
0.127486
0.128226
0.128908
0.129525
0.130068
0.130528
0.130901
0.131178
0.131356
0.13143
0.131398
0.131256
0.131006
0.130648
0.130184
0.129616
0.12895
0.12819
0.127345
0.126421
0.125427
0.124372
0.123268
0.122124
0.120951
0.119761
0.118564
0.117372
0.116195
0.115043
0.113925
0.112849
0.111824
0.110854
0.109946
0.109102
0.108326
0.107618
0.106978
0.106406
0.105899
0.105455
0.10507
0.10474
0.104463
0.104233
0.104048
0.103906
0.103803
0.103739
0.103713
0.103725
0.103775
0.103865
0.103995
0.104166
0.104378
0.104631
0.104924
0.105255
0.105621
0.106018
0.106442
0.106887
0.107351
0.107826
0.108309
0.108797
0.109284
0.10977
0.110251
0.110726
0.111194
0.111652
0.1121
0.112535
0.112955
0.113356
0.113733
0.114082
0.114396
0.114669
0.114894
0.115062
0.115168
0.115206
0.128538
