1.16431e-35
1.06541e-35
1.50173e-35
2.49678e-35
4.34543e-35
7.64396e-35
1.34633e-34
2.36826e-34
4.15764e-34
7.28316e-34
1.27299e-33
2.22e-33
3.86283e-33
6.70627e-33
1.16166e-32
2.00773e-32
3.46222e-32
5.95705e-32
1.02267e-31
1.75172e-31
2.99381e-31
5.10521e-31
8.68625e-31
1.47463e-30
2.49783e-30
4.22159e-30
7.11905e-30
1.19785e-29
2.01102e-29
3.36873e-29
5.63057e-29
9.39021e-29
1.56255e-28
2.59438e-28
4.29805e-28
7.10474e-28
1.17183e-27
1.92852e-27
3.16684e-27
5.18884e-27
8.48316e-27
1.38385e-26
2.25251e-26
3.65838e-26
5.92867e-26
9.5868e-26
1.54681e-25
2.4903e-25
4.0005e-25
6.41249e-25
1.02563e-24
1.63684e-24
2.6066e-24
4.14187e-24
6.56708e-24
1.03897e-23
1.64017e-23
2.58363e-23
4.06097e-23
6.36922e-23
9.96786e-23
1.5566e-22
2.42556e-22
3.77144e-22
5.85146e-22
9.05906e-22
1.39948e-21
2.1573e-21
3.31835e-21
5.09328e-21
7.80081e-21
1.1922e-20
1.81813e-20
2.76674e-20
4.20128e-20
6.36597e-20
9.62538e-20
1.45225e-19
2.18645e-19
3.2848e-19
4.92438e-19
7.36663e-19
1.09967e-18
1.63806e-18
2.43485e-18
3.61156e-18
5.34557e-18
7.89536e-18
1.16367e-17
1.71146e-17
2.51181e-17
3.67864e-17
5.37613e-17
7.84036e-17
1.141e-16
1.65699e-16
2.40127e-16
3.47254e-16
5.01119e-16
7.21643e-16
1.03703e-15
1.48714e-15
2.12814e-15
3.03906e-15
4.33081e-15
6.15875e-15
8.73994e-15
1.23771e-14
1.74913e-14
2.46673e-14
3.4715e-14
4.87539e-14
6.83279e-14
9.55622e-14
1.33374e-13
1.85763e-13
2.58194e-13
3.58124e-13
4.95705e-13
6.84725e-13
9.4387e-13
1.29841e-12
1.78245e-12
2.4419e-12
3.33846e-12
4.55481e-12
6.2016e-12
8.42646e-12
1.1426e-11
1.54617e-11
2.088e-11
2.81393e-11
3.78452e-11
5.07949e-11
6.80369e-11
9.0946e-11
1.21322e-10
1.61514e-10
2.14584e-10
2.84514e-10
3.76468e-10
4.97133e-10
6.55144e-10
8.61634e-10
1.13092e-09
1.48136e-09
1.93649e-09
2.52634e-09
3.28924e-09
4.2739e-09
5.54218e-09
7.17238e-09
9.2635e-09
1.19403e-08
1.53599e-08
1.97192e-08
2.52652e-08
3.23065e-08
4.12277e-08
5.25078e-08
6.67412e-08
8.46644e-08
1.07188e-07
1.35434e-07
1.70785e-07
2.14937e-07
2.69969e-07
3.38423e-07
4.23399e-07
5.28669e-07
6.58816e-07
8.19391e-07
1.01711e-06
1.26006e-06
1.558e-06
1.92263e-06
2.36798e-06
2.91082e-06
3.57115e-06
4.3728e-06
5.34406e-06
6.51845e-06
7.93561e-06
9.64232e-06
1.16936e-05
1.41542e-05
1.70999e-05
2.06193e-05
2.48158e-05
2.981e-05
3.57416e-05
4.27729e-05
5.10915e-05
6.09137e-05
7.24891e-05
8.61039e-05
0.000102087
0.000120813
0.000142713
0.000168274
0.000198052
0.000232678
0.000272865
0.000319419
0.000373248
0.000435375
0.000506947
0.000589248
0.000683718
0.000791957
0.000915753
0.00105709
0.00121817
0.00140143
0.00160956
0.00184554
0.00211263
0.00241443
0.00275489
0.00313833
0.00356946
0.00405345
0.00459591
0.00520296
0.00588125
0.00663799
0.00748098
0.00841869
0.00946023
0.0106155
0.011895
0.0133103
0.0148737
0.0165983
0.0184984
0.0205891
0.0228867
0.0254087
0.0281735
0.0312012
0.0345128
0.0381311
0.04208
0.0463851
0.0510735
0.0561741
0.0617174
0.0677356
0.0742627
0.0813346
0.088989
0.0972654
0.106205
0.115852
0.12625
0.137446
0.149488
0.162427
0.176313
0.191197
0.207135
0.224179
0.242383
0.261802
0.282491
0.304503
0.327889
0.3527
0.378983
0.406779
0.436126
0.467054
0.499584
0.533728
0.569484
0.606839
0.645765
0.68622
0.72815
0.771493
0.81618
0.862143
0.909317
0.957648
1.00709
1.05758
1.10907
1.16142
1.2144
1.26762
1.32045
1.37194
1.42082
1.46545
1.50395
1.53426
1.55445
1.56294
1.5588
1.72768
