0.0969855
0.0957148
0.0944905
0.0932986
0.092124
0.0909514
0.0897658
0.0885542
0.0873059
0.0860132
0.0846719
0.0832814
0.0818447
0.0803681
0.0788604
0.0773329
0.0757981
0.0742695
0.0727605
0.0712836
0.0698506
0.0684713
0.0671538
0.0659041
0.0647261
0.0636217
0.0625915
0.0616342
0.0607478
0.0599298
0.0591774
0.0584881
0.0578603
0.0572932
0.0567873
0.0563446
0.0559684
0.0556634
0.0554353
0.0552907
0.055236
0.0552774
0.05542
0.0556669
0.0560187
0.0564729
0.0570233
0.0576597
0.0583681
0.0591303
0.059925
0.0607283
0.0615145
0.0622575
0.0629319
0.0635148
0.0639862
0.0643314
0.0645408
0.0646114
0.064547
0.0643578
0.0640607
0.063678
0.063237
0.062768
0.0623033
0.0618758
0.0615171
0.0612562
0.0611183
0.0611237
0.0612869
0.0616168
0.0621157
0.0627803
0.0636019
0.064567
0.0656586
0.0668567
0.0681397
0.0694852
0.0708707
0.0722746
0.0736764
0.0750573
0.0764005
0.0776905
0.0789142
0.0800595
0.0811161
0.082075
0.0829285
0.0836699
0.0842942
0.0847978
0.0851789
0.0854382
0.0855783
0.0856051
0.0855274
0.085357
0.0851091
0.0848022
0.0844574
0.0840987
0.0837519
0.0834446
0.083205
0.0830616
0.0830423
0.0831736
0.0834801
0.0839838
0.0847034
0.085654
0.0868465
0.0882873
0.0899784
0.0919164
0.0940934
0.0964962
0.099107
0.101903
0.104857
0.107937
0.111109
0.114334
0.117571
0.120778
0.123912
0.126929
0.129786
0.132442
0.134861
0.137009
0.138857
0.140382
0.141567
0.142404
0.14289
0.143031
0.142839
0.142335
0.141544
0.1405
0.139239
0.137802
0.136234
0.134579
0.132883
0.13119
0.129542
0.127978
0.126532
0.125236
0.124112
0.12318
0.122453
0.121939
0.12164
0.121551
0.121667
0.121975
0.12246
0.123106
0.123893
0.124802
0.125813
0.126904
0.128057
0.129253
0.130475
0.131707
0.132937
0.134151
0.13534
0.136496
0.13761
0.13868
0.139699
0.140664
0.141575
0.142429
0.143224
0.143962
0.144641
0.145261
0.145822
0.146324
0.146768
0.147153
0.14748
0.147748
0.147959
0.148112
0.148208
0.148248
0.148233
0.148164
0.148042
0.14787
0.14765
0.147383
0.147074
0.146724
0.146338
0.145919
0.14547
0.144997
0.144503
0.143993
0.143472
0.142945
0.142417
0.141894
0.141382
0.140887
0.140414
0.13997
0.139561
0.139193
0.138873
0.138607
0.138399
0.138257
0.138185
0.138188
0.138269
0.138433
0.138682
0.139017
0.13944
0.139951
0.14055
0.141235
0.142005
0.142857
0.143789
0.144796
0.145875
0.147022
0.148232
0.1495
0.150819
0.152184
0.153586
0.155017
0.156468
0.157927
0.159384
0.160826
0.162241
0.163618
0.164945
0.166216
0.167423
0.168566
0.169645
0.170668
0.171643
0.172585
0.173508
0.17443
0.175364
0.176324
0.177317
0.178343
0.179399
0.180471
0.18154
0.182585
0.18358
0.184501
0.185328
0.186047
0.186654
0.187157
0.187572
0.187928
0.188258
0.188602
0.189
0.189487
0.190092
0.190833
0.191713
0.192724
0.193844
0.19504
0.196269
0.197485
0.198637
0.199675
0.200555
0.201236
0.201685
0.20188
0.201806
0.225055
