0
1.48676e-46
1.88805e-44
1.1936e-42
5.00857e-41
1.56935e-39
3.91654e-38
8.10928e-37
1.43281e-35
2.2053e-34
3.00369e-33
3.66555e-32
4.04835e-31
4.0801e-30
3.77865e-29
3.23481e-28
2.57289e-27
1.90979e-26
1.3281e-25
8.68289e-25
5.35326e-24
3.121e-23
1.72494e-22
9.05816e-22
4.52882e-21
2.15987e-20
9.8428e-20
4.2929e-19
1.79458e-18
7.20027e-18
2.77626e-17
1.02995e-16
3.68037e-16
1.26807e-15
4.21689e-15
1.35469e-14
4.2079e-14
1.26481e-13
3.68174e-13
1.03867e-12
2.84183e-12
7.5459e-12
1.94579e-11
4.87549e-11
1.18778e-10
2.81513e-10
6.49445e-10
1.45915e-09
3.19445e-09
6.81787e-09
1.41929e-08
2.88317e-08
5.71811e-08
1.10769e-07
2.09687e-07
3.88067e-07
7.02461e-07
1.24427e-06
2.15769e-06
3.6647e-06
6.09917e-06
9.95157e-06
1.59262e-05
2.50121e-05
3.85679e-05
5.84212e-05
8.69798e-05
0.000127355
0.000183491
0.000260301
0.000363806
0.000501272
0.000681356
0.000914242
0.0012118
0.00158776
0.00205789
0.00264019
0.0033552
0.00422624
0.00527972
0.00654551
0.0080573
0.00985292
0.0119747
0.0144697
0.01739
0.0207928
0.0247403
0.0292998
0.0345431
0.0405464
0.0473893
0.0551542
0.0639252
0.073787
0.0848233
0.0971153
0.11074
0.125768
0.142262
0.160273
0.179842
0.200992
0.22373
0.248045
0.273902
0.301247
0.329998
0.360048
0.391267
0.423495
0.456547
0.490216
0.524267
0.558448
0.592485
0.626091
0.658966
0.690804
0.721295
0.750133
0.777017
0.801661
0.823795
0.843172
0.859571
0.872804
0.882717
0.889193
0.892158
0.891575
0.887453
0.879841
0.868831
0.854552
0.837172
0.816891
0.793939
0.76857
0.741062
0.711705
0.680801
0.648659
0.615584
0.581882
0.547846
0.513759
0.479884
0.446469
0.413737
0.381887
0.351094
0.321508
0.29325
0.266418
0.241085
0.217298
0.195084
0.174449
0.155381
0.13785
0.121814
0.107218
0.0939992
0.0820845
0.0713972
0.0618564
0.0533791
0.0458819
0.0392822
0.0334991
0.0284549
0.0240749
0.0202888
0.0170308
0.0142396
0.011859
0.00983749
0.00812842
0.00668983
0.00548417
0.0044781
0.00364221
0.00295068
0.00238105
0.00191383
0.00153224
0.0012219
0.000970593
0.000767938
0.000605209
0.000475087
0.000371477
0.000289321
0.000224449
0.000173439
0.000133496
0.000102347
7.8159e-05
5.94527e-05
4.5046e-05
3.39964e-05
2.55565e-05
1.91364e-05
1.42729e-05
1.06037e-05
7.84687e-06
5.78399e-06
4.24669e-06
3.10576e-06
2.26245e-06
1.64166e-06
1.18653e-06
8.54224e-07
6.12573e-07
4.3756e-07
3.11324e-07
2.20638e-07
1.55756e-07
1.09523e-07
7.6711e-08
5.35188e-08
3.71921e-08
2.57448e-08
1.77511e-08
1.21915e-08
8.34033e-09
5.68337e-09
3.85767e-09
2.6082e-09
1.75652e-09
1.17831e-09
7.87345e-10
5.24042e-10
3.47428e-10
2.29435e-10
1.50922e-10
9.88875e-11
6.45398e-11
4.19577e-11
2.71702e-11
1.75256e-11
1.12603e-11
7.20647e-12
4.59404e-12
2.91719e-12
1.84515e-12
1.16251e-12
7.29561e-13
4.56062e-13
2.83977e-13
1.76134e-13
1.08817e-13
6.69659e-14
4.10494e-14
2.50645e-14
1.52444e-14
9.23547e-15
5.57323e-15
3.35006e-15
2.00585e-15
1.1963e-15
7.10697e-16
4.20558e-16
2.47894e-16
1.45548e-16
8.51222e-17
4.95883e-17
2.8775e-17
1.66322e-17
9.57598e-18
5.49181e-18
3.13723e-18
1.78516e-18
1.01183e-18
5.7126e-19
3.21263e-19
1.79964e-19
1.00418e-19
5.58129e-20
3.08999e-20
1.70403e-20
9.36047e-21
5.12173e-21
2.79147e-21
1.51548e-21
8.19529e-22
4.41446e-22
2.36859e-22
1.26591e-22
6.73937e-23
3.57398e-23
1.88823e-23
9.94299e-24
5.22733e-24
2.7623e-24
1.50762e-24
9.42489e-25
9.96514e-25
