0.206523
0.207836
0.208604
0.208737
0.208174
0.20689
0.20489
0.202217
0.198941
0.195159
0.190985
0.186548
0.181978
0.177407
0.172957
0.168735
0.164833
0.161318
0.158232
0.155591
0.153383
0.151574
0.150105
0.148907
0.147897
0.146996
0.146126
0.145228
0.144256
0.143187
0.142021
0.140775
0.139482
0.138187
0.136933
0.135763
0.13471
0.133791
0.13301
0.132351
0.131787
0.13128
0.130784
0.130255
0.129654
0.12895
0.128129
0.127187
0.126139
0.125015
0.123856
0.122712
0.121641
0.120701
0.119951
0.119445
0.119232
0.119351
0.119836
0.120711
0.12199
0.123682
0.125789
0.128308
0.131229
0.134541
0.138228
0.142272
0.14665
0.151338
0.156308
0.161528
0.166964
0.172576
0.17832
0.18415
0.190013
0.195854
0.201616
0.207237
0.212657
0.217813
0.222643
0.227089
0.231095
0.234608
0.237584
0.239984
0.241775
0.242935
0.243451
0.243317
0.242537
0.241128
0.239111
0.236518
0.23339
0.229773
0.225719
0.221285
0.216534
0.211528
0.206332
0.201009
0.195625
0.190238
0.184907
0.179685
0.17462
0.169756
0.165129
0.16077
0.156703
0.152947
0.149514
0.146409
0.143633
0.141181
0.139044
0.137208
0.135656
0.134368
0.133321
0.132491
0.131853
0.13138
0.131045
0.130824
0.13069
0.13062
0.130591
0.13058
0.13057
0.130542
0.130482
0.130375
0.130213
0.129985
0.129685
0.129309
0.128853
0.128319
0.127706
0.127016
0.126255
0.125426
0.124537
0.123594
0.122606
0.12158
0.120525
0.119452
0.118371
0.11729
0.116221
0.115174
0.114161
0.113193
0.112282
0.11144
0.110681
0.11002
0.109471
0.10905
0.108776
0.108666
0.10874
0.109018
0.109521
0.11027
0.111285
0.112586
0.114189
0.116109
0.118354
0.12093
0.123834
0.127056
0.130577
0.134368
0.138391
0.142594
0.146919
0.151295
0.155641
0.159873
0.163898
0.167621
0.170947
0.173786
0.176053
0.177674
0.178585
0.178742
0.178115
0.176695
0.174492
0.171537
0.167877
0.16358
0.158726
0.153408
0.147725
0.141782
0.135685
0.129537
0.123433
0.117461
0.111696
0.106202
0.101028
0.0962087
0.0917666
0.0877104
0.0840379
0.0807374
0.077789
0.0751673
0.0728425
0.0707826
0.0689544
0.0673255
0.0658645
0.0645425
0.0633329
0.0622122
0.0611599
0.0601584
0.0591929
0.0582512
0.0573235
0.0564018
0.0554798
0.0545528
0.0536172
0.0526704
0.0517105
0.0507363
0.0497472
0.0487428
0.0477233
0.0466891
0.0456407
0.044579
0.0435049
0.0424196
0.0413243
0.0402205
0.0391096
0.0379932
0.0368729
0.0357504
0.0346275
0.0335059
0.0323875
0.0312739
0.030167
0.0290685
0.0279802
0.0269037
0.0258407
0.0247928
0.0237615
0.0227482
0.0217543
0.020781
0.0198297
0.0189013
0.0179969
0.0171174
0.0162637
0.0154364
0.0146364
0.0138641
0.0131201
0.0124047
0.0117184
0.0110615
0.0104343
0.009837
0.00926984
0.00873304
0.00822687
0.0077516
0.0073076
0.00689531
0.00651534
0.0061685
0.00585584
0.00557884
0.00533944
0.00514032
0.00498507
0.00487856
0.00482732
0.00484011
0.00492847
0.00510746
0.00539635
0.00658473
