2.9028e-77
3.27552e-77
7.44195e-77
1.89875e-76
4.89914e-76
1.26253e-75
3.2448e-75
8.31526e-75
2.1247e-74
5.41322e-74
1.37514e-73
3.48319e-73
8.79719e-73
2.21543e-72
5.56378e-72
1.39466e-71
3.51079e-71
9.21892e-71
3.03218e-70
1.83791e-69
1.95613e-68
2.44929e-67
3.05021e-66
3.64947e-65
4.17463e-64
4.56817e-63
4.78896e-62
4.81709e-61
4.65597e-60
4.33022e-59
3.88005e-58
3.35356e-57
2.79896e-56
2.2582e-55
1.76289e-54
1.33285e-53
9.76793e-53
6.94459e-52
4.79341e-51
3.21449e-50
2.0958e-49
1.32935e-48
8.20831e-48
4.93682e-47
2.89378e-46
1.65402e-45
9.22352e-45
5.0205e-44
2.66866e-43
1.3859e-42
7.03479e-42
3.49163e-41
1.69526e-40
8.05452e-40
3.74627e-39
1.70634e-38
7.61358e-38
3.32897e-37
1.42681e-36
5.99638e-36
2.47176e-35
9.99639e-35
3.96749e-34
1.54576e-33
5.91334e-33
2.22175e-32
8.2004e-32
2.97408e-31
1.0601e-30
3.71463e-30
1.27982e-29
4.33647e-29
1.44533e-28
4.73943e-28
1.52931e-27
4.85685e-27
1.51839e-26
4.67366e-26
1.41661e-25
4.22899e-25
1.24361e-24
3.60301e-24
1.02859e-23
2.89392e-23
8.02521e-23
2.1939e-22
5.9133e-22
1.57164e-21
4.11953e-21
1.06505e-20
2.71627e-20
6.8346e-20
1.69686e-19
4.1574e-19
1.0053e-18
2.39945e-18
5.6536e-18
1.31517e-17
3.02087e-17
6.85207e-17
1.53496e-16
3.39627e-16
7.42307e-16
1.60282e-15
3.4194e-15
7.20811e-15
1.50155e-14
3.09137e-14
6.2906e-14
1.26534e-13
2.51613e-13
4.94665e-13
9.61573e-13
1.84835e-12
3.51365e-12
6.60602e-12
1.22848e-11
2.25988e-11
4.11268e-11
7.40503e-11
1.31925e-10
2.32578e-10
4.05775e-10
7.00674e-10
1.19757e-09
2.02616e-09
3.39373e-09
5.62795e-09
9.24123e-09
1.50265e-08
2.41976e-08
3.85935e-08
6.09712e-08
9.54215e-08
1.47952e-07
2.27295e-07
3.46019e-07
5.22027e-07
7.80579e-07
1.15696e-06
1.69997e-06
2.4765e-06
3.57733e-06
5.12451e-06
7.28069e-06
1.02606e-05
1.43452e-05
1.98991e-05
2.73911e-05
3.74191e-05
5.07394e-05
6.8301e-05
9.12858e-05
0.000121154
0.000159696
0.000209093
0.000271983
0.000351536
0.000451533
0.000576464
0.000731621
0.000923208
0.00115846
0.00144576
0.0017948
0.00221668
0.00272409
0.00333145
0.00405505
0.00491327
0.00592666
0.00711813
0.00851309
0.0101396
0.0120284
0.014213
0.0167301
0.0196187
0.0229211
0.0266821
0.0309491
0.0357718
0.041202
0.0472928
0.0540987
0.0616745
0.0700749
0.0793534
0.0895621
0.10075
0.112962
0.126238
0.140612
0.156112
0.172755
0.19055
0.209496
0.229577
0.250766
0.273024
0.296295
0.320509
0.345581
0.371409
0.397878
0.424856
0.4522
0.47975
0.507337
0.53478
0.561891
0.588475
0.61433
0.639257
0.663055
0.685525
0.706477
0.725728
0.743107
0.758458
0.771639
0.782528
0.791023
0.797044
0.800534
0.801461
0.799816
0.795617
0.788903
0.779741
0.768217
0.75444
0.738539
0.72066
0.700965
0.679629
0.656835
0.632777
0.607654
0.581664
0.555008
0.527883
0.500482
0.472989
0.445581
0.418424
0.391669
0.365456
0.339912
0.315146
0.291255
0.268318
0.2464
0.225554
0.205814
0.187205
0.169737
0.15341
0.138213
0.124126
0.111121
0.0991621
0.0882098
0.0782182
0.0691383
0.0609186
0.053506
0.0468464
0.0408857
0.0355704
0.0308481
0.026668
0.0229814
0.0197417
0.0169051
0.0144303
0.0122789
0.0104152
0.00880651
0.00742285
0.00623691
0.00522403
0.00436199
0.00363093
0.00301315
0.00249298
0.00205662
0.00169197
0.00138848
0.00113702
0.000929735
0.00075994
0.000622001
0.000511274
0.000424067
0.000357673
0.000310501
0.00028241
0.000275371
0.000330213
