0.0884646
0.0881658
0.0879058
0.0876861
0.0875082
0.0873732
0.0872817
0.0872338
0.0872289
0.0872654
0.0873415
0.0874545
0.0876015
0.0877791
0.0879839
0.0882126
0.0884621
0.0887293
0.0890118
0.0893072
0.0896137
0.0899296
0.0902535
0.090584
0.09092
0.0912601
0.091603
0.0919475
0.0922922
0.0926358
0.0929769
0.0933145
0.0936476
0.0939755
0.094298
0.094615
0.0949269
0.0952347
0.0955396
0.0958431
0.0961474
0.0964546
0.0967672
0.0970879
0.0974194
0.0977646
0.0981261
0.0985066
0.0989084
0.0993337
0.0997842
0.100262
0.100767
0.1013
0.101862
0.102451
0.103068
0.103709
0.104375
0.105061
0.105766
0.106487
0.107219
0.10796
0.108706
0.109453
0.110197
0.110936
0.111665
0.112382
0.113083
0.113767
0.11443
0.115071
0.115689
0.116282
0.11685
0.117392
0.117908
0.1184
0.118866
0.119309
0.11973
0.12013
0.120511
0.120875
0.121225
0.121563
0.12189
0.12221
0.122525
0.122837
0.123148
0.12346
0.123775
0.124093
0.124416
0.124743
0.125076
0.125412
0.125752
0.126092
0.126432
0.126768
0.127098
0.127419
0.127727
0.128018
0.128288
0.128535
0.128755
0.128944
0.1291
0.12922
0.129302
0.129344
0.129346
0.129306
0.129224
0.129101
0.128938
0.128737
0.128499
0.128227
0.127924
0.127592
0.127236
0.126859
0.126464
0.126056
0.125639
0.125216
0.124792
0.12437
0.123955
0.123548
0.123153
0.122773
0.12241
0.122065
0.121739
0.121434
0.121149
0.120885
0.12064
0.120413
0.120202
0.120006
0.119821
0.119647
0.11948
0.119317
0.119156
0.118994
0.118829
0.11866
0.118483
0.118298
0.118105
0.117901
0.117688
0.117465
0.117234
0.116995
0.11675
0.116501
0.11625
0.116
0.115754
0.115513
0.115281
0.115061
0.114855
0.114665
0.114495
0.114347
0.114221
0.114121
0.114045
0.113997
0.113975
0.113979
0.114009
0.114064
0.114142
0.114242
0.11436
0.114495
0.114644
0.114803
0.114969
0.115138
0.115307
0.115473
0.115631
0.11578
0.115915
0.116035
0.116136
0.116218
0.116278
0.116317
0.116334
0.116331
0.116307
0.116266
0.116209
0.11614
0.116062
0.11598
0.115897
0.115818
0.115749
0.115693
0.115656
0.115642
0.115655
0.1157
0.11578
0.115898
0.116057
0.116259
0.116505
0.116797
0.117135
0.117518
0.117947
0.11842
0.118935
0.11949
0.120084
0.120713
0.121373
0.122061
0.122774
0.123507
0.124256
0.125017
0.125785
0.126557
0.127327
0.128092
0.12885
0.129596
0.130328
0.131045
0.131745
0.132428
0.133092
0.133739
0.13437
0.134986
0.135589
0.13618
0.136761
0.137335
0.137902
0.138464
0.139022
0.139576
0.140127
0.140674
0.141216
0.141753
0.142281
0.1428
0.143307
0.1438
0.144277
0.144733
0.145167
0.145576
0.145955
0.146303
0.146615
0.146888
0.147118
0.147301
0.147435
0.147514
0.147535
0.147496
0.147394
0.147226
0.14699
0.146686
0.146314
0.145875
0.14537
0.144802
0.144175
0.143494
0.142763
0.141989
0.141178
0.140337
0.139472
0.138591
0.1377
0.150827
