0.150782
0.15247
0.154176
0.155896
0.157624
0.159354
0.161077
0.162785
0.164466
0.166108
0.167696
0.169218
0.170657
0.171997
0.173223
0.17432
0.175272
0.176067
0.176692
0.177139
0.177398
0.177466
0.177339
0.177017
0.176501
0.175795
0.174904
0.173836
0.172599
0.171203
0.169656
0.167971
0.166157
0.164228
0.162194
0.160068
0.157864
0.155595
0.153275
0.150918
0.148541
0.146158
0.143784
0.141437
0.13913
0.136878
0.134695
0.132592
0.13058
0.128669
0.126864
0.125171
0.123593
0.122131
0.120785
0.119552
0.118428
0.11741
0.116491
0.115666
0.114928
0.114271
0.113688
0.113172
0.112718
0.112318
0.111967
0.111659
0.111387
0.111145
0.110929
0.110731
0.110546
0.110368
0.110191
0.110009
0.109818
0.109613
0.109388
0.109141
0.108868
0.108568
0.108238
0.107878
0.107489
0.107072
0.106628
0.10616
0.105672
0.105166
0.104647
0.104119
0.103586
0.103053
0.102525
0.102006
0.101501
0.101014
0.10055
0.100112
0.099704
0.0993296
0.0989917
0.0986928
0.098435
0.0982198
0.0980483
0.0979208
0.0978373
0.097797
0.0977986
0.0978404
0.09792
0.0980349
0.0981821
0.0983582
0.0985601
0.0987842
0.0990273
0.0992862
0.0995582
0.0998405
0.100131
0.100429
0.100732
0.101039
0.101352
0.101671
0.101995
0.102327
0.102669
0.103022
0.103388
0.10377
0.104171
0.104592
0.105036
0.105505
0.106001
0.106525
0.107078
0.107662
0.108275
0.108919
0.109592
0.110295
0.111024
0.111778
0.112557
0.113355
0.114172
0.115005
0.115849
0.116702
0.117561
0.118421
0.11928
0.120135
0.120981
0.121817
0.122638
0.123443
0.124229
0.124993
0.125733
0.126449
0.127137
0.127796
0.128427
0.129026
0.129595
0.130133
0.130639
0.131113
0.131556
0.131969
0.132352
0.132705
0.133031
0.13333
0.133604
0.133855
0.134082
0.134289
0.134476
0.134645
0.134796
0.134929
0.135046
0.135144
0.135225
0.135287
0.135328
0.135346
0.135339
0.135305
0.135241
0.135145
0.135013
0.134843
0.134635
0.134385
0.134093
0.133759
0.133382
0.132963
0.132503
0.132005
0.131471
0.130903
0.130304
0.129678
0.129028
0.128357
0.127669
0.126965
0.126249
0.125524
0.124791
0.124051
0.123306
0.122557
0.121806
0.121051
0.120294
0.119535
0.118775
0.118013
0.11725
0.116487
0.115724
0.114961
0.114199
0.113439
0.112682
0.111927
0.111176
0.110428
0.109684
0.108945
0.108209
0.107478
0.106749
0.106024
0.105302
0.104582
0.103864
0.103148
0.102434
0.101722
0.101014
0.100308
0.0996081
0.0989141
0.098228
0.0975516
0.0968868
0.0962359
0.0956007
0.0949832
0.0943852
0.0938081
0.0932533
0.0927212
0.0922122
0.0917257
0.0912607
0.0908153
0.0903872
0.089973
0.0895691
0.0891711
0.0887745
0.0883749
0.087968
0.0875501
0.0871186
0.0866721
0.0862107
0.0857362
0.0852521
0.0847637
0.0842773
0.0838007
0.0833417
0.0829082
0.0825074
0.0821452
0.081826
0.081552
0.0813237
0.0811397
0.0809972
0.0808927
0.0808223
0.0807827
0.0807714
0.0807876
0.0808321
0.0907812
