0.081782
0.0833797
0.0853977
0.0877551
0.0903533
0.0930825
0.0958289
0.098483
0.100947
0.103143
0.105013
0.106529
0.107688
0.108513
0.109049
0.109361
0.109525
0.109628
0.109755
0.109991
0.11041
0.111074
0.112027
0.113295
0.114883
0.116774
0.118933
0.121308
0.123836
0.126445
0.129066
0.131629
0.13408
0.136375
0.13849
0.140419
0.142172
0.143775
0.145263
0.146681
0.148071
0.149471
0.150915
0.152421
0.154001
0.155651
0.157359
0.159108
0.160876
0.162642
0.164388
0.166102
0.167783
0.169435
0.171072
0.172715
0.174388
0.176119
0.177934
0.179854
0.181895
0.184067
0.186367
0.188786
0.191304
0.193892
0.196516
0.199135
0.201705
0.204179
0.206513
0.208663
0.210589
0.212255
0.213632
0.214696
0.21543
0.215824
0.215873
0.215578
0.214948
0.213992
0.212727
0.21117
0.209343
0.207267
0.204965
0.202461
0.199778
0.196936
0.193957
0.19086
0.187663
0.184382
0.181031
0.177623
0.174169
0.170682
0.167169
0.16364
0.160105
0.156571
0.153048
0.149545
0.146072
0.142638
0.139255
0.135934
0.132688
0.129528
0.126468
0.12352
0.120698
0.118013
0.115478
0.113104
0.110901
0.108879
0.107045
0.105407
0.103968
0.102733
0.101702
0.100876
0.100252
0.0998262
0.0995936
0.099547
0.0996777
0.0999757
0.10043
0.101027
0.101755
0.102599
0.103543
0.104574
0.105675
0.10683
0.108024
0.109241
0.110466
0.111685
0.112884
0.11405
0.115172
0.116239
0.117243
0.118175
0.119031
0.119808
0.120503
0.121118
0.121656
0.122123
0.122529
0.122883
0.123202
0.123501
0.123801
0.124124
0.124495
0.12494
0.125489
0.126171
0.127015
0.12805
0.129306
0.130805
0.132571
0.13462
0.136962
0.1396
0.142528
0.145732
0.149186
0.152854
0.156691
0.160639
0.164632
0.168596
0.172449
0.176108
0.179483
0.18249
0.185045
0.187073
0.188508
0.189297
0.1894
0.188795
0.187475
0.185454
0.18276
0.179439
0.175552
0.171172
0.166381
0.161267
0.155924
0.150442
0.144912
0.139415
0.134028
0.128815
0.123831
0.119117
0.114704
0.110611
0.106844
0.103404
0.10028
0.0974567
0.0949124
0.0926233
0.0905633
0.0887055
0.0870239
0.0854936
0.0840915
0.0827972
0.0815926
0.0804622
0.0793934
0.0783756
0.0774005
0.0764617
0.0755544
0.074675
0.0738209
0.0729905
0.0721824
0.0713958
0.0706301
0.0698847
0.0691592
0.0684528
0.067765
0.0670949
0.0664415
0.0658035
0.0651796
0.0645684
0.0639681
0.0633771
0.0627935
0.0622152
0.0616405
0.0610671
0.0604931
0.0599165
0.0593352
0.0587475
0.0581515
0.0575455
0.056928
0.0562975
0.0556528
0.0549929
0.0543169
0.0536242
0.0529142
0.052187
0.0514424
0.0506807
0.0499026
0.0491088
0.0483003
0.0474784
0.0466447
0.045801
0.0449494
0.0440921
0.0432317
0.0423711
0.0415134
0.0406619
0.0398203
0.0389925
0.0381826
0.0373952
0.0366351
0.0359077
0.0352185
0.0345738
0.0339802
0.0334455
0.0329779
0.0325873
0.0322847
0.0320832
0.0319978
0.0320464
0.0322498
0.0326318
0.0332196
0.0340425
0.0351314
0.0365164
0.0382237
0.0455689
