0.167647
0.166044
0.164314
0.162474
0.160541
0.158534
0.156471
0.154367
0.152241
0.150108
0.147982
0.145878
0.143809
0.141784
0.139815
0.13791
0.136075
0.134315
0.132633
0.131031
0.12951
0.128068
0.126702
0.12541
0.124187
0.123027
0.121926
0.120878
0.119877
0.118919
0.117998
0.117111
0.116252
0.115419
0.114609
0.113821
0.113053
0.112304
0.111575
0.110865
0.110175
0.109507
0.10886
0.108238
0.10764
0.107069
0.106527
0.106015
0.105534
0.105087
0.104675
0.104299
0.103962
0.103666
0.103411
0.103199
0.103031
0.102909
0.102832
0.102802
0.102817
0.102878
0.102982
0.103127
0.103312
0.103533
0.103786
0.104068
0.104375
0.104701
0.105044
0.105398
0.10576
0.106126
0.106493
0.106859
0.107221
0.107579
0.107931
0.108276
0.108617
0.108952
0.109283
0.109613
0.109941
0.11027
0.110601
0.110936
0.111276
0.111624
0.111979
0.112342
0.112715
0.113098
0.113491
0.113893
0.114304
0.114723
0.11515
0.115583
0.116019
0.116458
0.116896
0.117332
0.117761
0.118182
0.11859
0.118982
0.119354
0.119704
0.120027
0.12032
0.12058
0.120805
0.120992
0.121139
0.121246
0.121312
0.121336
0.12132
0.121266
0.121175
0.121051
0.120896
0.120715
0.120512
0.120291
0.120059
0.119819
0.119576
0.119337
0.119105
0.118885
0.118681
0.118496
0.118333
0.118195
0.118082
0.117995
0.117933
0.117897
0.117882
0.117888
0.11791
0.117945
0.117987
0.118032
0.118074
0.118108
0.118128
0.118128
0.118103
0.118048
0.117959
0.11783
0.11766
0.117445
0.117184
0.116875
0.116519
0.116118
0.115672
0.115186
0.114663
0.114108
0.113527
0.112926
0.112313
0.111694
0.111077
0.110472
0.109885
0.109325
0.1088
0.108318
0.107885
0.107507
0.107191
0.106942
0.106762
0.106654
0.106622
0.106664
0.106781
0.106972
0.107233
0.107563
0.107957
0.108409
0.108916
0.109471
0.110067
0.110699
0.11136
0.112044
0.112744
0.113454
0.114169
0.114884
0.115593
0.116293
0.116981
0.117653
0.118308
0.118943
0.11956
0.120157
0.120735
0.121296
0.121842
0.122375
0.122899
0.123415
0.123928
0.124441
0.124959
0.125483
0.126019
0.126568
0.127133
0.127717
0.128319
0.128942
0.129585
0.130246
0.130923
0.131614
0.132313
0.133016
0.133717
0.13441
0.135085
0.135736
0.136353
0.136928
0.137452
0.137915
0.13831
0.138628
0.138861
0.139005
0.139052
0.139001
0.138848
0.138592
0.138234
0.137777
0.137222
0.136575
0.135841
0.135028
0.134142
0.13319
0.132182
0.131124
0.130026
0.128894
0.127738
0.126564
0.125381
0.124194
0.123012
0.12184
0.120686
0.119556
0.118455
0.117391
0.116367
0.115388
0.11446
0.113584
0.112762
0.111997
0.111288
0.110634
0.110032
0.109481
0.108976
0.108513
0.108086
0.107691
0.107324
0.106979
0.106653
0.106343
0.106047
0.105763
0.105491
0.105233
0.104988
0.10476
0.10455
0.104359
0.104188
0.104038
0.103909
0.103798
0.103705
0.103625
0.115377
