0.140828
0.141047
0.141139
0.141118
0.141
0.140801
0.140536
0.140219
0.139862
0.139473
0.139059
0.138625
0.138173
0.137704
0.137218
0.136717
0.1362
0.135668
0.135126
0.134578
0.13403
0.133492
0.132975
0.132491
0.132055
0.13168
0.131379
0.131167
0.131054
0.131049
0.131159
0.131389
0.131741
0.132216
0.132811
0.133525
0.134355
0.135298
0.136353
0.137517
0.138788
0.140167
0.141653
0.143244
0.144939
0.146735
0.148628
0.15061
0.152673
0.154805
0.156992
0.159219
0.161466
0.163715
0.165943
0.168128
0.170249
0.172281
0.174203
0.175994
0.177632
0.1791
0.180379
0.181454
0.182313
0.182943
0.183336
0.183485
0.183387
0.183039
0.182442
0.1816
0.180519
0.179206
0.177672
0.175929
0.173991
0.171874
0.169596
0.167174
0.164629
0.16198
0.159247
0.156452
0.153614
0.150754
0.147889
0.145039
0.142219
0.139446
0.136733
0.134093
0.131536
0.129072
0.126707
0.124448
0.122299
0.120262
0.11834
0.116533
0.114842
0.113264
0.111799
0.110446
0.109201
0.108064
0.107031
0.106101
0.105272
0.104542
0.10391
0.103373
0.102929
0.102576
0.102312
0.102134
0.102038
0.102021
0.102078
0.102204
0.102394
0.102642
0.10294
0.103282
0.103662
0.104072
0.104505
0.104956
0.105419
0.105889
0.106362
0.106837
0.107312
0.107785
0.10826
0.108737
0.10922
0.109713
0.110219
0.110745
0.111296
0.111875
0.112487
0.113137
0.113827
0.114558
0.115332
0.116147
0.117002
0.117892
0.118813
0.119757
0.120719
0.121689
0.122659
0.123617
0.124555
0.125461
0.126326
0.127138
0.127889
0.128568
0.129168
0.12968
0.130099
0.130419
0.130634
0.130743
0.130742
0.13063
0.130409
0.130078
0.12964
0.129099
0.128458
0.127724
0.1269
0.125995
0.125016
0.123969
0.122862
0.121705
0.120504
0.119269
0.118007
0.116727
0.115435
0.114138
0.112844
0.111557
0.110282
0.109025
0.107788
0.106575
0.105389
0.104231
0.103105
0.102011
0.100953
0.0999309
0.0989489
0.0980093
0.0971154
0.0962709
0.0954799
0.0947466
0.0940753
0.0934703
0.0929355
0.0924741
0.0920887
0.0917806
0.0915503
0.0913966
0.0913172
0.0913084
0.0913649
0.0914807
0.0916487
0.0918608
0.092109
0.0923847
0.0926797
0.0929859
0.0932962
0.0936037
0.0939029
0.0941888
0.0944574
0.0947055
0.0949307
0.0951309
0.0953048
0.0954512
0.0955693
0.0956582
0.0957174
0.0957467
0.0957459
0.0957154
0.0956562
0.0955698
0.0954587
0.0953262
0.0951766
0.0950152
0.094848
0.0946819
0.0945239
0.0943814
0.0942615
0.0941706
0.0941143
0.0940967
0.0941205
0.0941865
0.0942933
0.0944377
0.0946145
0.0948167
0.0950356
0.0952614
0.0954832
0.0956897
0.0958697
0.096012
0.0961066
0.0961441
0.0961169
0.0960189
0.0958457
0.0955951
0.0952665
0.0948613
0.0943826
0.0938351
0.0932248
0.0925589
0.0918454
0.0910928
0.09031
0.0895059
0.0886895
0.0878693
0.0870536
0.0862502
0.0854667
0.0847103
0.0839877
0.0833059
0.0826715
0.0820914
0.0815724
0.0811214
0.0807453
0.0804508
0.0802441
0.0801309
0.0801155
0.088354
