0.00329081
0.00347846
0.0037919
0.00424999
0.00487626
0.00569823
0.00674603
0.00805062
0.0096415
0.0115441
0.0137772
0.0163503
0.019262
0.0224983
0.0260332
0.0298289
0.0338382
0.0380076
0.0422809
0.0466033
0.0509259
0.0552091
0.059426
0.0635645
0.0676284
0.071637
0.0756238
0.0796341
0.0837219
0.0879455
0.0923636
0.097031
0.101994
0.107287
0.112931
0.118926
0.125257
0.13189
0.138771
0.145834
0.152998
0.160172
0.167262
0.174173
0.180814
0.187098
0.192953
0.198315
0.203134
0.207375
0.211012
0.214032
0.216428
0.218203
0.21936
0.219907
0.219852
0.219205
0.217977
0.21618
0.213829
0.210945
0.207554
0.203688
0.199389
0.194706
0.189697
0.184426
0.178963
0.173382
0.167758
0.162165
0.156676
0.151354
0.146261
0.141445
0.136948
0.1328
0.129021
0.125622
0.122605
0.119961
0.117677
0.115732
0.114101
0.112755
0.111664
0.110797
0.11012
0.109604
0.109218
0.108937
0.108736
0.108594
0.108493
0.108418
0.10836
0.108309
0.108263
0.108218
0.108176
0.108141
0.108115
0.108107
0.108121
0.108165
0.108246
0.108369
0.10854
0.108761
0.109034
0.10936
0.109736
0.110157
0.110618
0.111109
0.111621
0.112141
0.112657
0.113154
0.113618
0.114034
0.114388
0.114665
0.114853
0.114941
0.114918
0.114777
0.114513
0.114122
0.113603
0.112959
0.112193
0.111314
0.11033
0.109253
0.108098
0.106881
0.10562
0.104336
0.103051
0.101789
0.100574
0.0994325
0.0983924
0.0974815
0.0967285
0.0961624
0.095812
0.0957058
0.0958713
0.0963343
0.0971187
0.0982451
0.0997308
0.101588
0.103825
0.106442
0.109433
0.112784
0.116474
0.120472
0.124738
0.129224
0.133875
0.138625
0.143406
0.148142
0.152754
0.157162
0.161289
0.165057
0.168397
0.171246
0.17355
0.175269
0.176373
0.176848
0.176691
0.175917
0.174551
0.172634
0.170216
0.167355
0.164118
0.160575
0.156799
0.152862
0.148835
0.144782
0.140763
0.136829
0.133025
0.129386
0.125937
0.122697
0.119676
0.116877
0.114298
0.111929
0.109762
0.107781
0.105971
0.104317
0.102803
0.101415
0.10014
0.0989653
0.0978822
0.0968829
0.0959616
0.0951142
0.0943382
0.0936324
0.0929966
0.0924314
0.0919381
0.0915179
0.0911726
0.0909036
0.0907121
0.0905991
0.090565
0.0906099
0.0907332
0.0909337
0.0912098
0.0915593
0.0919793
0.0924667
0.0930178
0.0936283
0.0942938
0.0950095
0.0957705
0.0965714
0.0974071
0.098272
0.0991608
0.100068
0.100988
0.101917
0.102849
0.103779
0.104704
0.105618
0.106519
0.107403
0.108266
0.109108
0.109925
0.110717
0.111482
0.112219
0.112929
0.113612
0.114269
0.114901
0.11551
0.116099
0.11667
0.117226
0.11777
0.118306
0.118838
0.119368
0.119902
0.120442
0.120992
0.121557
0.122139
0.122741
0.123368
0.124022
0.124708
0.125428
0.126188
0.126994
0.127851
0.128766
0.129748
0.130805
0.131946
0.133177
0.134502
0.135923
0.137432
0.139016
0.140652
0.142304
0.143931
0.14548
0.146897
0.148126
0.149123
0.149858
0.150324
0.150546
0.150581
0.170067
