0.0916315
0.0916984
0.0918015
0.0919408
0.0921154
0.0923243
0.0925661
0.0928394
0.0931425
0.093474
0.0938325
0.0942166
0.0946252
0.0950575
0.0955123
0.0959889
0.0964863
0.0970034
0.0975389
0.0980915
0.0986595
0.0992409
0.0998337
0.100436
0.101044
0.101658
0.102273
0.102889
0.103503
0.104113
0.104719
0.105318
0.105911
0.106496
0.107074
0.107643
0.108205
0.108759
0.109305
0.109843
0.110373
0.110894
0.111406
0.111909
0.112401
0.112881
0.11335
0.113804
0.114244
0.114668
0.115074
0.115463
0.115833
0.116184
0.116514
0.116824
0.117112
0.11738
0.117626
0.117851
0.118054
0.118235
0.118395
0.118534
0.11865
0.118745
0.118818
0.118868
0.118897
0.118904
0.118888
0.118851
0.118792
0.118712
0.118611
0.118489
0.118348
0.118188
0.11801
0.117815
0.117605
0.117381
0.117144
0.116896
0.116638
0.116372
0.1161
0.115823
0.115544
0.115263
0.114982
0.114703
0.114428
0.114159
0.113896
0.113642
0.113397
0.113164
0.112943
0.112736
0.112543
0.112367
0.112207
0.112065
0.111941
0.111837
0.111751
0.111686
0.11164
0.111614
0.111608
0.111621
0.111653
0.111702
0.111769
0.111851
0.111949
0.11206
0.112184
0.11232
0.112465
0.112619
0.11278
0.112947
0.113119
0.113294
0.113472
0.113651
0.113831
0.114011
0.11419
0.114366
0.114541
0.114712
0.11488
0.115044
0.115204
0.115359
0.115509
0.115654
0.115794
0.115929
0.116058
0.116181
0.116299
0.116412
0.116519
0.116621
0.116719
0.116811
0.116899
0.116982
0.117062
0.117137
0.117208
0.117276
0.117339
0.117399
0.117454
0.117506
0.117553
0.117596
0.117634
0.117666
0.117694
0.117716
0.117732
0.117743
0.117748
0.117748
0.117742
0.117732
0.117716
0.117697
0.117674
0.117649
0.117622
0.117594
0.117567
0.11754
0.117516
0.117495
0.117478
0.117466
0.11746
0.117461
0.11747
0.117488
0.117515
0.117552
0.117599
0.117658
0.117728
0.11781
0.117904
0.11801
0.118129
0.11826
0.118402
0.118557
0.118722
0.118898
0.119084
0.119279
0.119482
0.119692
0.119908
0.120128
0.120352
0.120578
0.120804
0.121029
0.121252
0.121472
0.121687
0.121896
0.122098
0.122292
0.122477
0.122651
0.122815
0.122966
0.123106
0.123232
0.123346
0.123445
0.123531
0.123604
0.123663
0.123709
0.123743
0.123766
0.123779
0.123783
0.12378
0.123773
0.123763
0.123751
0.123742
0.123736
0.123736
0.123745
0.123765
0.123798
0.123847
0.123913
0.123999
0.124106
0.124236
0.12439
0.12457
0.124777
0.125013
0.125278
0.125574
0.125901
0.12626
0.126651
0.127076
0.127535
0.128027
0.128553
0.129111
0.129702
0.130324
0.130977
0.131658
0.132366
0.133098
0.133853
0.134628
0.13542
0.136227
0.137045
0.137872
0.138706
0.139542
0.140379
0.141215
0.142046
0.14287
0.143686
0.144491
0.145284
0.146062
0.146824
0.147567
0.14829
0.148991
0.149669
0.15032
0.150945
0.15154
0.152104
0.152635
0.153132
0.153592
0.154013
0.154394
0.169743
