0
5.34072e-23
3.12001e-21
9.03054e-20
1.72661e-18
2.45321e-17
2.76279e-16
2.56892e-15
2.02847e-14
1.3885e-13
8.36998e-13
4.49879e-12
2.17786e-11
9.57506e-11
3.85012e-10
1.42439e-09
4.87368e-09
1.54931e-08
4.59435e-08
1.27552e-07
3.32622e-07
8.17191e-07
1.89676e-06
4.17013e-06
8.70579e-06
1.72989e-05
3.27931e-05
5.94405e-05
0.000103252
0.000172276
0.000276732
0.000428981
0.000643311
0.000935632
0.00132317
0.00182433
0.00245884
0.00324819
0.00421652
0.00539159
0.00680598
0.00849813
0.0105132
0.0129036
0.0157293
0.0190578
0.0229639
0.0275293
0.032842
0.0389959
0.0460896
0.0542258
0.0635099
0.0740486
0.085948
0.0993116
0.114238
0.130818
0.149133
0.16925
0.191219
0.215071
0.240814
0.268429
0.297871
0.329062
0.361889
0.396209
0.431842
0.468571
0.506147
0.54429
0.582687
0.621001
0.658874
0.695928
0.731778
0.766033
0.798306
0.828218
0.855409
0.879543
0.900316
0.917461
0.930755
0.940022
0.945141
0.946042
0.942716
0.935205
0.923612
0.908091
0.888844
0.866123
0.840215
0.811445
0.780164
0.746742
0.711564
0.675019
0.637495
0.599372
0.561016
0.522774
0.484967
0.44789
0.411803
0.376937
0.343485
0.311608
0.28143
0.253042
0.226504
0.201847
0.179073
0.158161
0.139069
0.121738
0.106092
0.0920456
0.0795034
0.0683647
0.058525
0.0498787
0.0423206
0.0357481
0.030062
0.025168
0.0209769
0.0174061
0.0143789
0.0118253
0.00968204
0.00789198
0.00640429
0.00517394
0.00416138
0.00333212
0.00265625
0.00210806
0.00166558
0.00131013
0.00102595
0.000799853
0.00062081
0.000479706
0.000369027
0.000282624
0.000215491
0.000163574
0.000123614
9.30019e-05
6.96598e-05
5.19447e-05
3.85628e-05
2.85013e-05
2.09715e-05
1.53625e-05
1.12038e-05
8.13461e-06
5.88e-06
4.23143e-06
3.03156e-06
2.1623e-06
1.53544e-06
1.08548e-06
7.63976e-07
5.35312e-07
3.73426e-07
2.59342e-07
1.79313e-07
1.2343e-07
8.45858e-08
5.77094e-08
3.91982e-08
2.65067e-08
1.7845e-08
1.19605e-08
7.98089e-09
5.30182e-09
3.50646e-09
2.30879e-09
1.51346e-09
9.87709e-10
6.41739e-10
4.15106e-10
2.67319e-10
1.71385e-10
1.09393e-10
6.95143e-11
4.39777e-11
2.76989e-11
1.73685e-11
1.08427e-11
6.73877e-12
4.16963e-12
2.56854e-12
1.57524e-12
9.61785e-13
5.84632e-13
3.538e-13
2.1316e-13
1.27858e-13
7.63518e-14
4.53924e-14
2.68671e-14
1.58317e-14
9.28773e-15
5.42453e-15
3.15419e-15
1.82593e-15
1.05234e-15
6.03804e-16
3.44913e-16
1.96153e-16
1.11059e-16
6.26014e-17
3.51307e-17
1.96273e-17
1.09171e-17
6.04543e-18
3.33287e-18
1.82929e-18
9.99578e-19
5.43781e-19
2.94512e-19
1.58802e-19
8.52469e-20
4.5559e-20
2.42405e-20
1.28405e-20
6.7716e-21
3.55528e-21
1.85836e-21
9.67064e-22
5.01018e-22
2.58418e-22
1.32698e-22
6.78386e-23
3.45272e-23
1.74951e-23
8.8256e-24
4.43244e-24
2.21622e-24
1.1032e-24
5.4672e-25
2.69742e-25
1.32496e-25
6.47929e-26
3.15444e-26
1.52894e-26
7.3778e-27
3.54433e-27
1.69517e-27
8.07164e-28
3.82631e-28
1.8058e-28
8.48456e-29
3.9688e-29
1.84824e-29
8.56896e-30
3.95519e-30
1.81751e-30
8.31486e-31
3.78706e-31
1.7172e-31
7.75187e-32
3.48387e-32
1.55879e-32
6.94353e-33
3.07924e-33
1.35948e-33
5.97549e-34
2.61482e-34
1.13914e-34
4.94063e-35
2.13332e-35
9.17056e-36
3.92468e-36
1.67217e-36
7.09289e-37
2.99526e-37
1.25925e-37
5.27056e-38
2.19618e-38
9.11061e-39
3.76264e-39
1.54705e-39
6.33261e-40
2.58064e-40
1.04698e-40
4.22876e-41
1.70042e-41
6.80718e-42
2.7131e-42
1.07689e-42
4.26476e-43
1.7075e-43
7.59123e-44
6.73345e-44
