4.2038e-07
3.69912e-07
3.60572e-07
3.8049e-07
4.24343e-07
4.90487e-07
5.79527e-07
6.93639e-07
8.36272e-07
1.01205e-06
1.22681e-06
1.48768e-06
1.80326e-06
2.18381e-06
2.64152e-06
3.19078e-06
3.84852e-06
4.63463e-06
5.57242e-06
6.6891e-06
8.01642e-06
9.5913e-06
1.14566e-05
1.36621e-05
1.62651e-05
1.9332e-05
2.29391e-05
2.71742e-05
3.21378e-05
3.79453e-05
4.4728e-05
5.2636e-05
6.18399e-05
7.25332e-05
8.49352e-05
9.92939e-05
0.000115889
0.000135034
0.000157084
0.000182434
0.000211526
0.000244856
0.000282972
0.000326485
0.000376073
0.000432483
0.00049654
0.000569154
0.000651321
0.000744135
0.000848787
0.000966579
0.00109893
0.00124736
0.00141355
0.00159927
0.00180645
0.00203717
0.00229363
0.0025782
0.00289338
0.00324185
0.00362642
0.00405007
0.00451592
0.00502724
0.00558747
0.00620015
0.00686896
0.00759773
0.00839037
0.00925089
0.0101834
0.011192
0.0122809
0.0134544
0.0147166
0.0160717
0.0175238
0.019077
0.0207351
0.022502
0.0243811
0.0263759
0.0284894
0.0307243
0.0330833
0.0355683
0.0381811
0.040923
0.0437947
0.0467967
0.0499288
0.0531902
0.0565798
0.0600956
0.0637355
0.0674963
0.0713746
0.0753664
0.0794669
0.083671
0.0879731
0.0923671
0.0968462
0.101404
0.106032
0.110724
0.11547
0.120265
0.125098
0.129962
0.134848
0.139748
0.144655
0.149559
0.154453
0.159329
0.16418
0.169
0.173781
0.178517
0.183202
0.187832
0.1924
0.196902
0.201334
0.205692
0.209972
0.21417
0.218283
0.222307
0.226241
0.230079
0.23382
0.237459
0.240994
0.24442
0.247733
0.25093
0.254005
0.256954
0.259772
0.262453
0.264992
0.267383
0.269621
0.271699
0.273613
0.275357
0.276927
0.278319
0.279528
0.280554
0.281394
0.282048
0.282518
0.282806
0.282917
0.282856
0.282632
0.282252
0.281728
0.281073
0.280299
0.279423
0.278461
0.277428
0.276343
0.275223
0.274086
0.272947
0.271823
0.270729
0.269676
0.268675
0.267734
0.266857
0.266046
0.265299
0.264612
0.263974
0.263375
0.262797
0.262222
0.261627
0.260989
0.260281
0.259476
0.258544
0.257458
0.256191
0.254718
0.253016
0.251066
0.248854
0.246371
0.243615
0.240587
0.2373
0.233772
0.230029
0.226103
0.222036
0.217875
0.213673
0.209488
0.205382
0.201419
0.197662
0.194174
0.191014
0.188236
0.185883
0.183993
0.182588
0.18168
0.181263
0.181318
0.181808
0.182681
0.183869
0.185289
0.186846
0.188433
0.18994
0.191247
0.192238
0.192799
0.192821
0.192208
0.190879
0.188769
0.185834
0.182053
0.177426
0.171981
0.165768
0.158861
0.151357
0.143371
0.135041
0.126516
0.117963
0.109557
0.101482
0.093926
0.0870796
0.0811296
0.0762547
0.0726194
0.0703661
0.0696061
0.0704097
0.0727953
0.0767188
0.0820639
0.0886362
0.0961602
0.104283
0.112584
0.120594
0.127817
0.133766
0.137994
0.140131
0.139917
0.137226
0.132083
0.124664
0.115285
0.104374
0.0924385
0.0800186
0.0676433
0.055789
0.0448465
0.0350989
0.0267136
0.0197462
0.0141554
0.00982575
0.00659228
0.0042664
0.00265736
0.00158877
0.000909012
0.000495931
0.000256903
0.000125715
5.7748e-05
2.47061e-05
9.7456e-06
3.49753e-06
1.12131e-06
3.12796e-07
7.29236e-08
1.33214e-08
1.77262e-09
3.23956e-10
