0.0291608
0.0282305
0.0275649
0.0271626
0.0270176
0.0271199
0.0274561
0.0280097
0.028761
0.0296883
0.0307675
0.0319728
0.0332774
0.0346538
0.0360745
0.0375131
0.0389443
0.0403454
0.0416966
0.0429811
0.0441863
0.0453033
0.0463272
0.0472572
0.0480958
0.0488487
0.049524
0.050132
0.050684
0.0511922
0.0516688
0.0521253
0.0525726
0.0530202
0.0534763
0.0539475
0.0544389
0.0549543
0.0554962
0.0560662
0.0566655
0.0572947
0.0579545
0.0586459
0.0593706
0.0601308
0.0609295
0.0617706
0.0626583
0.0635976
0.0645934
0.0656503
0.0667721
0.0679613
0.0692188
0.070543
0.0719299
0.0733726
0.074861
0.0763825
0.0779215
0.0794604
0.08098
0.0824603
0.0838815
0.0852247
0.0864734
0.0876138
0.088636
0.0895348
0.0903096
0.0909652
0.0915114
0.0919625
0.0923374
0.0926581
0.0929492
0.0932365
0.0935462
0.0939036
0.0943322
0.0948525
0.0954817
0.0962328
0.0971147
0.0981318
0.0992846
0.10057
0.10198
0.103508
0.105141
0.106869
0.108679
0.11056
0.1125
0.114491
0.116524
0.118595
0.120697
0.122829
0.124988
0.127176
0.129391
0.131634
0.133908
0.136211
0.138543
0.140905
0.143292
0.145703
0.148132
0.150572
0.153015
0.155449
0.157862
0.160239
0.162562
0.164812
0.166966
0.169003
0.170896
0.172619
0.174147
0.175451
0.176507
0.17729
0.177777
0.177951
0.177794
0.177297
0.176453
0.175261
0.173726
0.171857
0.16967
0.167185
0.164428
0.161428
0.158218
0.154831
0.151306
0.14768
0.14399
0.140273
0.136565
0.132899
0.129305
0.12581
0.12244
0.119215
0.116152
0.113266
0.110569
0.108068
0.10577
0.103678
0.101795
0.10012
0.0986522
0.0973909
0.0963331
0.0954758
0.0948158
0.0943493
0.0940727
0.0939817
0.0940721
0.0943393
0.0947784
0.0953838
0.0961496
0.0970693
0.0981356
0.0993407
0.100676
0.102131
0.103698
0.105363
0.107117
0.108947
0.110841
0.112786
0.114769
0.116777
0.118799
0.12082
0.122831
0.124819
0.126774
0.128686
0.130548
0.132352
0.134092
0.135763
0.137361
0.138883
0.140329
0.141697
0.142989
0.144205
0.145348
0.14642
0.147424
0.148363
0.149239
0.150056
0.150815
0.151518
0.152166
0.15276
0.153298
0.15378
0.154202
0.154563
0.154859
0.155085
0.155238
0.155313
0.155305
0.155212
0.155029
0.154756
0.154391
0.153934
0.153388
0.152758
0.15205
0.151271
0.150432
0.149544
0.148621
0.147677
0.146728
0.145789
0.144877
0.144006
0.143191
0.142445
0.141779
0.141201
0.14072
0.14034
0.140065
0.139896
0.139836
0.139883
0.140038
0.1403
0.140668
0.141143
0.141724
0.142408
0.143194
0.144076
0.145048
0.146097
0.147212
0.148372
0.149558
0.150746
0.151911
0.15303
0.154079
0.155042
0.155906
0.156664
0.157318
0.157879
0.15836
0.158785
0.159178
0.159566
0.159973
0.160423
0.160931
0.161506
0.162149
0.162853
0.163604
0.164381
0.165157
0.165905
0.166595
0.167199
0.167693
0.168057
0.168278
0.168349
0.16827
0.168049
0.167702
0.167247
0.16671
0.166116
0.165492
0.16486
0.164238
0.163635
0.163051
0.180976
