0.000407241
0.00036587
0.000347261
0.000345468
0.000356882
0.000379398
0.000411884
0.000453852
0.000505251
0.000566343
0.000637631
0.000719808
0.000813735
0.000920425
0.00104103
0.00117684
0.00132929
0.00149993
0.00169048
0.00190276
0.00213875
0.00240059
0.00269053
0.00301098
0.00336451
0.0037538
0.00418171
0.00465121
0.00516542
0.00572758
0.00634108
0.0070094
0.00773613
0.00852496
0.00937964
0.010304
0.0113019
0.0123773
0.0135341
0.014776
0.0161071
0.0175309
0.0190512
0.0206716
0.0223952
0.0242253
0.0261649
0.0282164
0.0303824
0.0326647
0.035065
0.0375845
0.040224
0.0429837
0.0458634
0.0488624
0.0519794
0.0552125
0.0585592
0.0620164
0.0655805
0.0692472
0.0730116
0.0768681
0.0808107
0.0848327
0.088927
0.0930858
0.0973011
0.101564
0.105866
0.110198
0.114551
0.118914
0.123278
0.127633
0.13197
0.136279
0.140551
0.144777
0.148948
0.153055
0.157092
0.161052
0.164927
0.168712
0.172402
0.175994
0.179482
0.182866
0.186142
0.189311
0.192372
0.195325
0.198172
0.200916
0.203558
0.206101
0.20855
0.210907
0.213178
0.215366
0.217475
0.219509
0.221473
0.223369
0.2252
0.22697
0.228679
0.23033
0.231921
0.233453
0.234924
0.236331
0.237671
0.238941
0.240135
0.241247
0.242271
0.2432
0.244027
0.244743
0.245341
0.245814
0.246154
0.246353
0.246407
0.246308
0.246053
0.245639
0.245063
0.244327
0.243432
0.242381
0.241181
0.239839
0.238364
0.236769
0.235067
0.233275
0.231409
0.229488
0.227533
0.225565
0.223606
0.221677
0.219802
0.218002
0.216297
0.214708
0.213251
0.211942
0.210794
0.209817
0.209017
0.208397
0.207957
0.207691
0.20759
0.207642
0.207828
0.208128
0.208516
0.208965
0.209444
0.20992
0.210356
0.210717
0.210966
0.211065
0.21098
0.210676
0.210122
0.20929
0.208156
0.2067
0.204909
0.202775
0.200296
0.197477
0.19433
0.190876
0.18714
0.183156
0.178964
0.174611
0.170149
0.165636
0.161132
0.156703
0.152415
0.148335
0.144529
0.141061
0.137991
0.135374
0.133258
0.131681
0.130673
0.130251
0.13042
0.131172
0.132484
0.134319
0.136625
0.139337
0.142378
0.145656
0.149074
0.152522
0.155889
0.15906
0.161921
0.164361
0.166277
0.167575
0.168173
0.168006
0.167025
0.165199
0.162518
0.158991
0.154648
0.149535
0.143719
0.137279
0.130309
0.122914
0.115205
0.107302
0.0993233
0.0913912
0.0836258
0.0761447
0.0690622
0.0624887
0.0565302
0.0512888
0.0468624
0.0433441
0.0408217
0.0393753
0.0390752
0.0399769
0.0421165
0.0455037
0.0501148
0.0558851
0.0627025
0.0704022
0.0787644
0.0875155
0.0963338
0.104861
0.112716
0.119518
0.124908
0.128574
0.130274
0.129858
0.12728
0.122608
0.116019
0.107788
0.0982702
0.0878712
0.0770195
0.066134
0.0555961
0.0457266
0.0367692
0.0288839
0.0221475
0.0165615
0.0120658
0.00855538
0.00589716
0.00394653
0.00256063
0.00160829
0.000976148
0.00057142
0.000321909
0.000174088
9.01211e-05
4.45124e-05
2.08965e-05
9.2822e-06
3.88054e-06
1.51703e-06
5.50186e-07
1.83286e-07
5.53737e-08
1.49165e-08
3.49939e-09
6.90571e-10
1.08399e-10
1.21955e-11
7.60265e-13
5.49099e-15
