0.14702
0.152532
0.158785
0.165518
0.172463
0.179378
0.186069
0.192407
0.198338
0.203881
0.209117
0.214168
0.219173
0.224265
0.229542
0.235058
0.240808
0.246733
0.252727
0.258653
0.264358
0.269699
0.274556
0.278845
0.28253
0.285622
0.288173
0.290274
0.292038
0.29359
0.295055
0.296545
0.298152
0.299943
0.301953
0.304192
0.306641
0.309259
0.311986
0.314752
0.317475
0.320073
0.322465
0.324574
0.326331
0.327676
0.328561
0.328947
0.328809
0.328131
0.326908
0.325148
0.322862
0.320073
0.316809
0.313104
0.308994
0.304519
0.299722
0.294644
0.289328
0.283815
0.278145
0.272356
0.266483
0.260559
0.254613
0.248674
0.242764
0.236905
0.231117
0.225416
0.219816
0.214331
0.208971
0.203746
0.198664
0.193733
0.188958
0.184346
0.179901
0.175628
0.171532
0.167616
0.163884
0.160339
0.156986
0.153826
0.150865
0.148105
0.14555
0.143204
0.141071
0.139156
0.137464
0.135998
0.134765
0.13377
0.133018
0.132514
0.132264
0.132272
0.132542
0.133078
0.13388
0.134951
0.136288
0.137888
0.139745
0.141849
0.144189
0.146749
0.14951
0.152449
0.155538
0.158748
0.162042
0.165384
0.16873
0.172037
0.175257
0.178342
0.181242
0.183906
0.186284
0.188328
0.189993
0.191234
0.192015
0.1923
0.192062
0.191279
0.189937
0.188027
0.185551
0.182517
0.178938
0.174839
0.170249
0.165203
0.159744
0.153918
0.147776
0.14137
0.134756
0.12799
0.121128
0.114226
0.107336
0.100509
0.0937912
0.0872254
0.0808496
0.0746968
0.0687951
0.0631672
0.0578305
0.0527975
0.0480758
0.0436688
0.0395754
0.0357911
0.0323083
0.0291164
0.0262031
0.023554
0.0211537
0.0189859
0.017034
0.0152812
0.0137113
0.0123083
0.0110573
0.00994431
0.00895654
0.00808256
0.00731243
0.00663783
0.00605219
0.00555085
0.00513115
0.00479265
0.00453727
0.00436946
0.00429643
0.00432828
0.0044782
0.00476253
0.00520083
0.00581582
0.00663311
0.00768092
0.00898938
0.0105898
0.0125135
0.0147905
0.017448
0.0205081
0.0239863
0.027889
0.0322116
0.0369362
0.04203
0.0474439
0.0531119
0.0589511
0.0648625
0.0707329
0.0764374
0.0818437
0.086816
0.0912207
0.0949317
0.0978363
0.0998401
0.100873
0.10089
0.0998808
0.0978617
0.0948824
0.0910214
0.0863829
0.0810919
0.0752888
0.0691233
0.0627471
0.0563082
0.0499446
0.0437799
0.037919
0.0324459
0.0274225
0.0228885
0.0188629
0.0153461
0.0123224
0.00976365
0.00763226
0.00588468
0.00447426
0.00335387
0.00247793
0.00180403
0.00129389
0.00091397
0.000635672
0.000435193
0.000293197
0.000194335
0.000126691
8.12183e-05
5.11914e-05
3.17209e-05
1.93254e-05
1.15793e-05
6.82848e-06
3.9686e-06
2.27853e-06
1.29745e-06
7.37324e-07
4.22095e-07
2.4653e-07
1.49136e-07
9.47718e-08
6.37982e-08
4.54644e-08
3.39963e-08
2.63388e-08
2.08876e-08
1.67964e-08
1.36084e-08
1.10646e-08
9.00759e-09
7.33278e-09
5.96516e-09
4.84753e-09
3.93448e-09
3.18926e-09
2.58173e-09
2.0871e-09
1.68495e-09
1.35844e-09
1.09373e-09
8.79422e-10
7.06179e-10
5.66343e-10
4.5365e-10
3.62986e-10
2.90184e-10
2.31858e-10
1.85266e-10
1.48199e-10
1.18895e-10
9.59683e-11
7.8368e-11
6.53599e-11
5.65515e-11
5.19939e-11
5.2435e-11
6.77685e-11
