1.47351e-07
1.29413e-07
1.26768e-07
1.34992e-07
1.52197e-07
1.77905e-07
2.12505e-07
2.57006e-07
3.1294e-07
3.82334e-07
4.67747e-07
5.72318e-07
6.99858e-07
8.54948e-07
1.04307e-06
1.27076e-06
1.54578e-06
1.87734e-06
2.27632e-06
2.75554e-06
3.33014e-06
4.01786e-06
4.83952e-06
5.81948e-06
6.98618e-06
8.37278e-06
1.00178e-05
1.19661e-05
1.42694e-05
1.69877e-05
2.01901e-05
2.39562e-05
2.83776e-05
3.3559e-05
3.96205e-05
4.66992e-05
5.49513e-05
6.45543e-05
7.57097e-05
8.86458e-05
0.00010362
0.000120924
0.000140884
0.000163868
0.000190287
0.000220601
0.000255322
0.000295021
0.000340332
0.000391956
0.000450669
0.000517327
0.000592869
0.000678327
0.000774833
0.000883619
0.00100603
0.00114353
0.00129769
0.00147024
0.00166302
0.001878
0.00211733
0.00238327
0.00267825
0.00300486
0.00336583
0.00376406
0.00420259
0.00468462
0.00521351
0.00579274
0.00642596
0.00711693
0.00786952
0.00868772
0.00957562
0.0105374
0.0115772
0.0126993
0.013908
0.0152075
0.0166021
0.0180958
0.0196927
0.0213968
0.0232117
0.0251411
0.0271883
0.0293563
0.0316479
0.0340655
0.0366112
0.0392865
0.0420928
0.0450308
0.0481006
0.0513022
0.0546347
0.0580968
0.0616866
0.0654016
0.069239
0.073195
0.0772655
0.081446
0.0857312
0.0901155
0.0945927
0.0991563
0.103799
0.108515
0.113295
0.118132
0.123017
0.127944
0.132903
0.137887
0.142887
0.147895
0.152903
0.157905
0.162891
0.167856
0.172791
0.177691
0.182549
0.187359
0.192115
0.196813
0.201446
0.206011
0.210502
0.214916
0.219247
0.223492
0.227647
0.231707
0.235668
0.239526
0.243276
0.246914
0.250434
0.253832
0.257103
0.26024
0.263238
0.266091
0.268793
0.271339
0.273722
0.275937
0.277978
0.279841
0.281521
0.283015
0.284321
0.285436
0.286361
0.287097
0.287645
0.28801
0.288198
0.288216
0.288072
0.287776
0.287342
0.286781
0.286109
0.285341
0.284493
0.283582
0.282625
0.281638
0.280637
0.279638
0.278653
0.277694
0.276771
0.275891
0.275058
0.274272
0.273531
0.27283
0.272159
0.271506
0.270853
0.270183
0.269473
0.2687
0.267837
0.266859
0.265738
0.264449
0.262965
0.261266
0.259331
0.257145
0.254698
0.251985
0.249008
0.245774
0.242302
0.238612
0.234738
0.230716
0.226592
0.222418
0.218248
0.214145
0.210169
0.206384
0.202853
0.199632
0.196775
0.194328
0.192326
0.190792
0.189737
0.189156
0.18903
0.189321
0.189977
0.190929
0.192094
0.193376
0.194669
0.195861
0.196833
0.19747
0.197656
0.197288
0.196269
0.194522
0.191986
0.188622
0.184413
0.179367
0.173519
0.166927
0.159673
0.151865
0.143631
0.135116
0.126487
0.11792
0.109605
0.10174
0.0945247
0.088159
0.0828362
0.0787355
0.0760145
0.0747988
0.0751714
0.0771612
0.0807312
0.085769
0.0920794
0.0993821
0.107315
0.115445
0.123288
0.130334
0.136078
0.140063
0.141911
0.14136
0.13829
0.132737
0.124895
0.1151
0.103805
0.0915372
0.0788552
0.0662992
0.0543501
0.0433952
0.0337076
0.0254396
0.0186287
0.0132152
0.00906627
0.00600349
0.00382858
0.00234545
0.00137623
0.000770782
0.000410367
0.000206665
9.78575e-05
4.32387e-05
1.76567e-05
6.57936e-06
2.19868e-06
6.42843e-07
1.5848e-07
3.11864e-08
4.73956e-09
1.10473e-09
