0.16991
0.170439
0.170519
0.170166
0.169396
0.168231
0.166689
0.164794
0.162565
0.160023
0.157188
0.15408
0.150719
0.147123
0.143313
0.139308
0.13513
0.130801
0.126345
0.121789
0.117158
0.112483
0.107794
0.103125
0.0985094
0.0939811
0.0895748
0.0853239
0.0812598
0.0774105
0.0738
0.0704464
0.0673615
0.0645496
0.0620074
0.0597233
0.0576783
0.0558467
0.054197
0.0526938
0.0513001
0.0499786
0.0486946
0.0474178
0.0461245
0.0447983
0.0434322
0.0420281
0.0405975
0.0391601
0.0377434
0.0363805
0.0351082
0.0339651
0.0329893
0.0322161
0.031676
0.0313935
0.0313853
0.03166
0.0322176
0.0330498
0.0341409
0.0354686
0.0370051
0.0387192
0.0405775
0.0425455
0.0445894
0.0466768
0.0487776
0.0508639
0.0529108
0.0548955
0.0567974
0.0585974
0.0602776
0.0618205
0.0632094
0.0644276
0.0654589
0.0662882
0.0669014
0.0672866
0.0674345
0.0673395
0.0669999
0.0664185
0.0656031
0.0645664
0.0633259
0.0619035
0.0603248
0.0586184
0.0568152
0.054947
0.0530462
0.0511445
0.0492723
0.0474578
0.0457271
0.0441033
0.0426065
0.041254
0.04006
0.0390362
0.0381918
0.0375341
0.0370685
0.0367991
0.036729
0.0368605
0.0371956
0.0377361
0.0384835
0.0394397
0.0406065
0.0419862
0.0435813
0.0453943
0.0474281
0.0496857
0.05217
0.0548837
0.0578293
0.0610086
0.0644226
0.0680714
0.0719536
0.0760659
0.0804032
0.0849576
0.0897185
0.0946721
0.0998007
0.105083
0.110494
0.116003
0.121577
0.127177
0.132762
0.138286
0.143701
0.148956
0.154001
0.158783
0.163253
0.167363
0.171067
0.174326
0.177106
0.179381
0.181131
0.182346
0.183025
0.183175
0.182814
0.181965
0.180663
0.178948
0.176864
0.174463
0.171798
0.168925
0.165897
0.162771
0.159596
0.15642
0.153289
0.150238
0.147301
0.144505
0.141871
0.139413
0.137141
0.13506
0.133172
0.131473
0.129958
0.128619
0.127449
0.126436
0.125571
0.124844
0.124246
0.123767
0.1234
0.123137
0.122972
0.122899
0.122914
0.123012
0.12319
0.123443
0.123767
0.12416
0.124618
0.125137
0.125712
0.126339
0.127015
0.127733
0.12849
0.12928
0.130098
0.13094
0.131801
0.132677
0.133564
0.134459
0.135358
0.136261
0.137164
0.138069
0.138974
0.13988
0.14079
0.141704
0.142626
0.14356
0.144507
0.145474
0.146462
0.147478
0.148524
0.149604
0.150723
0.151881
0.153082
0.154326
0.155614
0.156945
0.158317
0.159728
0.161173
0.162648
0.164147
0.165663
0.167189
0.168716
0.170237
0.171743
0.173226
0.174677
0.17609
0.177457
0.178773
0.180034
0.181237
0.182379
0.183463
0.184489
0.185461
0.186385
0.187266
0.188112
0.18893
0.189727
0.190511
0.191285
0.192052
0.19281
0.193554
0.194274
0.194957
0.195583
0.196129
0.196569
0.196878
0.197028
0.196996
0.196765
0.196323
0.195668
0.194806
0.193754
0.192533
0.191174
0.189707
0.18816
0.186557
0.184913
0.183231
0.181501
0.179703
0.177811
0.175795
0.173626
0.171288
0.168779
0.166119
0.163348
0.16053
0.157748
0.155098
0.152676
0.150579
0.148883
0.147648
0.164735
