4.59814e-23
4.04448e-23
4.83576e-23
6.76384e-23
1.00663e-22
1.53095e-22
2.34388e-22
3.59262e-22
5.50205e-22
8.41304e-22
1.28403e-21
1.95589e-21
2.97335e-21
4.511e-21
6.83002e-21
1.03203e-20
1.55628e-20
2.3421e-20
3.5176e-20
5.27245e-20
7.88684e-20
1.17739e-19
1.75413e-19
2.60814e-19
3.87015e-19
5.7313e-19
8.47046e-19
1.24937e-18
1.83909e-18
2.70177e-18
3.96117e-18
5.79604e-18
8.46393e-18
1.23352e-17
1.79413e-17
2.60433e-17
3.77288e-17
5.4549e-17
7.87112e-17
1.13351e-16
1.6291e-16
2.33675e-16
3.34514e-16
4.77922e-16
6.81458e-16
9.69757e-16
1.3773e-15
1.95225e-15
2.76176e-15
3.89925e-15
5.49438e-15
7.72685e-15
1.0845e-14
1.51917e-14
2.12387e-14
2.96345e-14
4.12681e-14
5.73562e-14
7.95603e-14
1.10144e-13
1.52187e-13
2.09868e-13
2.88845e-13
3.96768e-13
5.43954e-13
7.44288e-13
1.01642e-12
1.38536e-12
1.88455e-12
2.55864e-12
3.46711e-12
4.68904e-12
6.32934e-12
8.52691e-12
1.14653e-11
1.53864e-11
2.06088e-11
2.75504e-11
3.67593e-11
4.89517e-11
6.50628e-11
8.63102e-11
1.14276e-10
1.51013e-10
1.99178e-10
2.622e-10
3.44503e-10
4.51773e-10
5.91312e-10
7.72472e-10
1.00721e-09
1.31077e-09
1.70256e-09
2.20726e-09
2.85611e-09
3.68868e-09
4.7549e-09
6.11766e-09
7.85607e-09
1.00693e-08
1.28817e-08
1.64483e-08
2.09628e-08
2.66658e-08
3.38563e-08
4.29046e-08
5.42686e-08
6.85133e-08
8.63343e-08
1.08586e-07
1.36316e-07
1.70807e-07
2.13622e-07
2.6667e-07
3.32267e-07
4.13225e-07
5.12948e-07
6.35548e-07
7.8598e-07
9.70207e-07
1.19538e-06
1.47008e-06
1.80453e-06
2.21097e-06
2.70391e-06
3.30062e-06
4.02155e-06
4.89087e-06
5.93711e-06
7.19384e-06
8.70049e-06
1.05033e-05
1.26563e-05
1.52225e-05
1.82754e-05
2.19003e-05
2.6196e-05
3.12769e-05
3.7275e-05
4.43421e-05
5.26527e-05
6.2407e-05
7.38336e-05
8.71935e-05
0.000102784
0.000120942
0.000142051
0.000166542
0.000194903
0.000227683
0.000265498
0.000309038
0.000359073
0.000416464
0.000482165
0.000557238
0.000642856
0.000740314
0.000851041
0.000976605
0.00111872
0.00127928
0.00146032
0.00166408
0.00189298
0.00214964
0.00243688
0.00275777
0.00311558
0.00351382
0.00395624
0.00444684
0.00498989
0.00558989
0.00625162
0.00698012
0.00778068
0.00865887
0.00962051
0.0106717
0.0118187
0.013068
0.0144266
0.0159012
0.0174992
0.0192279
0.0210948
0.0231075
0.0252738
0.0276015
0.0300984
0.0327725
0.0356316
0.0386834
0.0419357
0.0453959
0.0490713
0.0529691
0.057096
0.0614584
0.0660623
0.0709132
0.0760162
0.0813757
0.0869955
0.0928788
0.099028
0.105445
0.11213
0.119083
0.126303
0.133789
0.141537
0.149544
0.157805
0.166314
0.175064
0.184047
0.193255
0.202678
0.212305
0.222125
0.232125
0.242292
0.252612
0.263069
0.273647
0.28433
0.2951
0.305938
0.316824
0.327738
0.338658
0.349562
0.360425
0.371222
0.381929
0.392519
0.402964
0.413238
0.423311
0.433156
0.442747
0.452057
0.461061
0.469737
0.478063
0.486022
0.493599
0.500781
0.50756
0.513928
0.519881
0.525414
0.530524
0.535205
0.539447
0.543236
0.54655
0.54936
0.551627
0.5533
0.554321
0.554622
0.554131
0.552774
0.550483
0.547202
0.542896
0.537562
0.531235
0.523998
0.515984
0.507376
0.498399
0.489303
0.480341
0.47173
0.463617
0.456031
0.448852
0.44178
0.434332
0.425866
0.415632
0.402862
0.386872
0.367186
0.343642
0.316468
0.286311
0.254197
0.221435
0.189462
0.15967
0.133231
0.11097
0.0932926
0.0801927
0.0799087
