0.35612
0.345115
0.333872
0.322801
0.312201
0.302265
0.293092
0.284709
0.277092
0.270184
0.263911
0.258195
0.25296
0.248137
0.243666
0.239496
0.235583
0.231894
0.228398
0.225073
0.221899
0.21886
0.215944
0.213139
0.210439
0.207836
0.205327
0.20291
0.200584
0.198348
0.196206
0.194159
0.192211
0.190366
0.18863
0.187008
0.185505
0.184125
0.182875
0.181758
0.18078
0.179943
0.17925
0.178703
0.178302
0.178046
0.177935
0.177964
0.178129
0.178424
0.178842
0.179374
0.18001
0.180738
0.181546
0.182419
0.183344
0.184303
0.185281
0.186259
0.187221
0.188148
0.189023
0.189826
0.19054
0.191149
0.191635
0.191983
0.192179
0.192209
0.192062
0.191727
0.191197
0.190465
0.189527
0.188382
0.187028
0.18547
0.183711
0.18176
0.179626
0.177321
0.174859
0.172256
0.169531
0.166705
0.163799
0.160836
0.157842
0.154842
0.151863
0.148932
0.146077
0.143324
0.140702
0.138235
0.135949
0.133867
0.132013
0.130404
0.12906
0.127996
0.127222
0.126749
0.126581
0.12672
0.127166
0.127911
0.128948
0.130261
0.131835
0.133649
0.135677
0.137893
0.140265
0.14276
0.145342
0.147973
0.150612
0.153221
0.155758
0.158181
0.16045
0.162526
0.164372
0.165952
0.167232
0.168185
0.168783
0.169005
0.168833
0.168254
0.167261
0.165849
0.164021
0.161783
0.159146
0.156128
0.152749
0.149034
0.145013
0.140719
0.136188
0.131459
0.126574
0.121577
0.116514
0.111432
0.106377
0.101399
0.0965445
0.0918624
0.087399
0.0832002
0.0793102
0.075771
0.0726225
0.0699017
0.0676421
0.0658739
0.0646226
0.0639093
0.0637497
0.0641536
0.0651246
0.0666594
0.0687474
0.0713703
0.0745018
0.0781074
0.0821442
0.0865614
0.0912999
0.0962934
0.101469
0.106748
0.112045
0.117276
0.122349
0.127177
0.131671
0.135746
0.139324
0.142332
0.144706
0.146393
0.14735
0.147548
0.146971
0.145616
0.143495
0.140632
0.137065
0.132843
0.128026
0.122683
0.116889
0.110725
0.104276
0.0976267
0.0908611
0.0840612
0.0773045
0.0706629
0.0642014
0.0579772
0.0520398
0.0464298
0.0411799
0.036315
0.0318528
0.027805
0.0241782
0.0209756
0.0181982
0.0158466
0.013922
0.0124284
0.0113733
0.0107688
0.0106327
0.0109881
0.0118636
0.0132918
0.0153078
0.0179466
0.0212395
0.0252106
0.0298714
0.0352165
0.0412184
0.047823
0.0549457
0.0624695
0.0702443
0.0780886
0.085794
0.0931317
0.0998622
0.105746
0.110558
0.114099
0.116208
0.116777
0.115754
0.113154
0.109056
0.103599
0.0969786
0.0894297
0.0812168
0.0726162
0.0639006
0.055324
0.0471091
0.0394382
0.0324476
0.0262255
0.0208138
0.0162133
0.01239
0.00928402
0.00681756
0.00490347
0.00345222
0.00237756
0.00160069
0.0010527
0.000675741
0.000423029
0.000258035
0.000153207
8.8453e-05
4.95996e-05
2.69794e-05
1.42162e-05
7.24577e-06
3.56634e-06
1.69206e-06
7.72317e-07
3.38376e-07
1.41956e-07
5.68654e-08
2.16832e-08
7.84209e-09
2.67916e-09
8.60548e-10
2.58446e-10
7.21033e-11
1.85416e-11
4.35334e-12
9.22256e-13
1.73657e-13
2.84923e-14
3.96371e-15
4.4929e-16
3.89482e-17
2.29846e-18
6.93697e-20
9.77464e-28
