1.84683e-29
1.65346e-29
2.1513e-29
3.2989e-29
5.33883e-29
8.77391e-29
1.44671e-28
2.38446e-28
3.92383e-28
6.44432e-28
1.05618e-27
1.72734e-27
2.81896e-27
4.59061e-27
7.45973e-27
1.20962e-26
1.95724e-26
3.16019e-26
5.09161e-26
8.186e-26
1.3133e-25
2.10247e-25
3.35871e-25
5.35417e-25
8.51705e-25
1.35196e-24
2.14151e-24
3.38496e-24
5.3391e-24
8.40357e-24
1.3199e-23
2.06872e-23
3.23552e-23
5.04977e-23
7.86471e-23
1.22231e-22
1.89567e-22
2.93381e-22
4.53094e-22
6.98286e-22
1.07391e-21
1.64812e-21
2.52408e-21
3.85751e-21
5.88305e-21
8.95344e-21
1.35979e-20
2.06084e-20
3.11683e-20
4.70411e-20
7.08495e-20
1.06486e-19
1.59715e-19
2.39054e-19
3.57063e-19
5.32223e-19
7.91666e-19
1.17514e-18
1.74077e-18
2.57332e-18
3.79619e-18
5.58865e-18
8.21049e-18
1.20375e-17
1.7612e-17
2.57151e-17
3.74691e-17
5.44838e-17
7.90622e-17
1.14493e-16
1.65462e-16
2.38633e-16
3.43456e-16
4.93316e-16
7.07117e-16
1.01151e-15
1.44399e-15
2.05717e-15
2.92478e-15
4.14984e-15
5.87607e-15
8.30347e-15
1.17098e-14
1.64801e-14
2.31467e-14
3.24442e-14
4.53845e-14
6.33576e-14
8.82698e-14
1.22729e-13
1.70298e-13
2.35827e-13
3.25914e-13
4.49509e-13
6.18728e-13
8.49941e-13
1.16521e-12
1.59423e-12
2.17683e-12
2.9664e-12
4.03426e-12
5.47558e-12
7.41701e-12
1.00267e-11
1.35277e-11
1.82147e-11
2.44769e-11
3.28266e-11
4.3937e-11
5.86912e-11
7.82444e-11
1.04105e-10
1.38238e-10
1.832e-10
2.42306e-10
3.19847e-10
4.2137e-10
5.54021e-10
7.26998e-10
9.52103e-10
1.24446e-09
1.62338e-09
2.11353e-09
2.74626e-09
3.56142e-09
4.60949e-09
5.95432e-09
7.67646e-09
9.87735e-09
1.26844e-08
1.62575e-08
2.07964e-08
2.65508e-08
3.38315e-08
4.30248e-08
5.461e-08
6.91803e-08
8.74682e-08
1.10376e-07
1.39014e-07
1.74745e-07
2.19234e-07
2.74519e-07
3.43084e-07
4.27948e-07
5.32776e-07
6.62008e-07
8.21007e-07
1.01624e-06
1.25549e-06
1.5481e-06
1.90526e-06
2.34033e-06
2.86928e-06
3.51107e-06
4.28825e-06
5.2275e-06
6.36038e-06
7.72411e-06
9.36248e-06
1.13269e-05
1.36777e-05
1.64852e-05
1.98317e-05
2.38126e-05
2.85391e-05
3.41396e-05
4.0763e-05
4.85806e-05
5.77898e-05
6.86171e-05
8.1322e-05
9.62011e-05
0.000113593
0.000133882
0.000157505
0.000184958
0.000216799
0.000253659
0.000296248
0.000345362
0.000401893
0.000466837
0.000541306
0.000626535
0.000723896
0.000834906
0.000961244
0.00110476
0.00126749
0.00145165
0.00165971
0.00189431
0.00215838
0.00245508
0.00278783
0.00316034
0.00357664
0.00404104
0.00455818
0.00513305
0.00577097
0.00647764
0.0072591
0.0081218
0.00907256
0.0101186
0.0112674
0.0125272
0.0139061
0.0154131
0.0170572
0.018848
0.0207953
0.0229093
0.0252007
0.0276801
0.0303587
0.0332477
0.0363588
0.0397035
0.0432937
0.0471411
0.0512577
0.0556552
0.0603454
0.0653398
0.0706499
0.0762867
0.0822609
0.0885828
0.0952624
0.102309
0.109731
0.117536
0.125732
0.134326
0.143321
0.152723
0.162535
0.172759
0.183395
0.194443
0.205901
0.217763
0.230026
0.242681
0.25572
0.269131
0.282902
0.297019
0.311465
0.326223
0.341274
0.356599
0.372176
0.387985
0.404003
0.420208
0.436578
0.45309
0.469721
0.486446
0.50324
0.520073
0.536913
0.553724
0.570462
0.587077
0.603513
0.619705
0.635583
0.651076
0.666111
0.680624
0.694567
0.707912
0.720663
0.73286
0.744582
0.755938
0.767057
0.778057
0.789014
0.799907
0.810574
0.820659
0.829584
0.836549
0.840567
0.840557
0.835479
0.824506
0.807203
0.783692
0.754733
0.721734
0.686627
0.651649
0.693566
