0.0830692
0.0826422
0.0823188
0.0820958
0.0819692
0.0819337
0.0819834
0.0821117
0.082312
0.0825772
0.0829007
0.0832759
0.083697
0.0841584
0.0846551
0.0851824
0.0857362
0.0863125
0.0869075
0.0875174
0.0881386
0.0887673
0.0893998
0.0900323
0.0906613
0.0912832
0.091895
0.0924937
0.0930768
0.0936424
0.0941891
0.094716
0.0952226
0.0957093
0.0961766
0.0966256
0.097058
0.0974755
0.0978803
0.0982747
0.0986612
0.0990424
0.0994209
0.0997992
0.10018
0.100565
0.100957
0.101357
0.101767
0.102189
0.102623
0.10307
0.10353
0.104003
0.10449
0.104989
0.105499
0.106021
0.106552
0.107093
0.10764
0.108195
0.108754
0.109318
0.109886
0.110455
0.111027
0.111599
0.112172
0.112744
0.113316
0.113886
0.114455
0.115021
0.115585
0.116145
0.116703
0.117257
0.117807
0.118352
0.118894
0.119431
0.119964
0.120492
0.121017
0.121538
0.122055
0.122569
0.123081
0.12359
0.124098
0.124604
0.125108
0.12561
0.126111
0.126609
0.127104
0.127595
0.12808
0.128559
0.129028
0.129487
0.129933
0.130364
0.130777
0.13117
0.131541
0.131886
0.132204
0.132491
0.132746
0.132967
0.133151
0.133296
0.133402
0.133466
0.133487
0.133465
0.133398
0.133287
0.133132
0.132932
0.132688
0.132402
0.132075
0.131708
0.131303
0.130863
0.130391
0.129889
0.12936
0.128809
0.128239
0.127653
0.127056
0.126451
0.125843
0.125235
0.124631
0.124034
0.123448
0.122877
0.122322
0.121787
0.121273
0.120782
0.120316
0.119876
0.119462
0.119075
0.118714
0.11838
0.118072
0.117789
0.11753
0.117293
0.117079
0.116885
0.116709
0.116552
0.11641
0.116284
0.116171
0.116072
0.115984
0.115908
0.115842
0.115787
0.11574
0.115704
0.115676
0.115656
0.115645
0.115642
0.115647
0.11566
0.115679
0.115705
0.115737
0.115774
0.115816
0.115862
0.115911
0.115961
0.116013
0.116065
0.116116
0.116165
0.116212
0.116256
0.116296
0.11633
0.11636
0.116383
0.116401
0.116411
0.116415
0.116411
0.116401
0.116384
0.11636
0.116329
0.116293
0.116252
0.116206
0.116158
0.116109
0.116059
0.116012
0.115968
0.115932
0.115905
0.11589
0.115891
0.115909
0.115949
0.116013
0.116104
0.116225
0.116378
0.116565
0.116788
0.117047
0.117344
0.117679
0.118051
0.118459
0.118903
0.119381
0.119891
0.120431
0.120999
0.121592
0.122209
0.122845
0.1235
0.124171
0.124855
0.125549
0.126252
0.126961
0.127674
0.128389
0.129103
0.129815
0.130523
0.131224
0.131916
0.132599
0.133271
0.133931
0.134577
0.135209
0.135825
0.136427
0.137012
0.137581
0.138133
0.138668
0.139184
0.13968
0.140156
0.140608
0.141035
0.141433
0.141801
0.142135
0.142432
0.142687
0.142899
0.143065
0.143181
0.143246
0.143258
0.143216
0.14312
0.14297
0.142766
0.142508
0.142199
0.14184
0.141431
0.140976
0.140475
0.139931
0.139345
0.13872
0.138056
0.137357
0.136625
0.135862
0.135072
0.134259
0.133425
0.132576
0.131716
0.130851
0.129985
0.129124
0.141807
