0.184367
0.185893
0.187081
0.187826
0.188041
0.187668
0.186678
0.185076
0.182899
0.180211
0.177101
0.173675
0.17005
0.166347
0.162685
0.159174
0.155913
0.152979
0.150429
0.148297
0.146588
0.145284
0.144344
0.143706
0.143297
0.143036
0.14284
0.142638
0.142368
0.14199
0.141483
0.140845
0.140097
0.139272
0.138412
0.137562
0.136765
0.136051
0.135441
0.134939
0.134534
0.134203
0.133912
0.133624
0.1333
0.13291
0.132429
0.131847
0.131169
0.130411
0.129607
0.128799
0.128038
0.12738
0.126881
0.126596
0.126575
0.126861
0.127488
0.128483
0.129862
0.131633
0.133796
0.136345
0.139267
0.142546
0.14616
0.150086
0.154297
0.158764
0.163456
0.168339
0.173377
0.17853
0.183759
0.189018
0.194261
0.199437
0.204497
0.209386
0.21405
0.218436
0.22249
0.226162
0.229402
0.232166
0.234415
0.236116
0.237242
0.237773
0.2377
0.23702
0.235738
0.233871
0.23144
0.228478
0.225023
0.221121
0.216821
0.212179
0.207255
0.202108
0.196803
0.1914
0.18596
0.180544
0.175206
0.169998
0.164967
0.160155
0.155598
0.151325
0.147362
0.143725
0.140427
0.137473
0.134864
0.132596
0.130658
0.129038
0.127718
0.126679
0.125898
0.125351
0.125012
0.124855
0.124853
0.124979
0.125207
0.125511
0.125867
0.126252
0.126645
0.127026
0.127379
0.127686
0.127936
0.128117
0.128219
0.128235
0.128161
0.127994
0.127731
0.127374
0.126924
0.126386
0.125763
0.125063
0.124292
0.123459
0.122574
0.121645
0.120685
0.119704
0.118715
0.117731
0.116765
0.115832
0.114948
0.114127
0.113387
0.112747
0.112225
0.111841
0.111617
0.111574
0.111735
0.112123
0.11276
0.113669
0.11487
0.11638
0.118216
0.120386
0.122897
0.125746
0.128923
0.132409
0.136177
0.140186
0.144389
0.148723
0.15312
0.157499
0.161776
0.165858
0.169649
0.173057
0.175989
0.178359
0.180093
0.181127
0.181413
0.18092
0.179637
0.177571
0.174751
0.171221
0.167046
0.162304
0.157085
0.151487
0.145614
0.13957
0.133457
0.127373
0.121404
0.115629
0.110111
0.104903
0.100042
0.0955516
0.0914444
0.0877204
0.0843702
0.0813763
0.0787151
0.0763584
0.0742755
0.0724345
0.0708034
0.0693515
0.0680498
0.0668719
0.0657938
0.0647948
0.0638567
0.062964
0.0621038
0.0612654
0.0604401
0.0596206
0.0588014
0.0579779
0.0571464
0.0563042
0.0554492
0.0545796
0.0536943
0.0527924
0.0518733
0.0509368
0.0499827
0.0490113
0.0480228
0.0470178
0.045997
0.0449613
0.0439117
0.0428492
0.0417752
0.0406911
0.0395984
0.0384985
0.0373932
0.0362842
0.0351732
0.0340621
0.0329527
0.0318468
0.0307462
0.0296529
0.0285686
0.0274951
0.0264342
0.0253875
0.0243567
0.0233434
0.022349
0.0213752
0.0204232
0.0194943
0.0185897
0.0177107
0.0168584
0.0160337
0.0152376
0.0144711
0.013735
0.0130302
0.0123577
0.0117181
0.0111125
0.0105418
0.0100071
0.00950949
0.00905045
0.00863163
0.00825507
0.00792336
0.00763975
0.00740847
0.00723499
0.00712647
0.00709222
0.00714432
0.00729825
0.00757354
0.00799435
0.00971957
