0.132108
0.124635
0.118588
0.113863
0.110322
0.107822
0.10622
0.105388
0.105213
0.105597
0.106458
0.107727
0.109345
0.111263
0.113436
0.115829
0.118406
0.121137
0.123995
0.126952
0.129985
0.133071
0.136188
0.139317
0.142439
0.145536
0.148592
0.15159
0.154518
0.157362
0.160111
0.162754
0.165281
0.167684
0.169958
0.172096
0.174094
0.17595
0.177662
0.179229
0.180654
0.181938
0.183086
0.184101
0.18499
0.18576
0.186419
0.186975
0.187439
0.187821
0.18813
0.18838
0.18858
0.188743
0.18888
0.189002
0.189121
0.189248
0.189392
0.189562
0.189767
0.190014
0.190309
0.190658
0.191064
0.191529
0.192054
0.192637
0.193278
0.193972
0.194714
0.195496
0.196312
0.197151
0.198002
0.198854
0.199693
0.200507
0.201281
0.202
0.20265
0.203215
0.203681
0.204032
0.204257
0.20434
0.204271
0.20404
0.203636
0.203053
0.202284
0.201327
0.200179
0.198841
0.197317
0.195611
0.193732
0.19169
0.189496
0.187166
0.184717
0.182167
0.179539
0.176853
0.174135
0.171409
0.168701
0.166039
0.163448
0.160957
0.158591
0.156376
0.154336
0.152494
0.150871
0.149485
0.148352
0.147484
0.146892
0.14658
0.146551
0.146803
0.14733
0.148123
0.149166
0.150443
0.151931
0.153603
0.155432
0.157384
0.159425
0.161517
0.163621
0.165697
0.167703
0.169597
0.171341
0.172892
0.174214
0.175271
0.17603
0.176462
0.17654
0.176245
0.175559
0.17447
0.172974
0.171069
0.168759
0.166055
0.162973
0.159534
0.155763
0.151692
0.147356
0.142795
0.138052
0.133174
0.12821
0.123213
0.118235
0.113331
0.108557
0.103968
0.099619
0.0955623
0.09185
0.0885305
0.0856494
0.0832478
0.0813621
0.0800232
0.0792554
0.079076
0.0794947
0.0805124
0.0821213
0.084304
0.0870332
0.0902719
0.0939728
0.0980791
0.102525
0.107235
0.112127
0.117114
0.1221
0.12699
0.131686
0.13609
0.140107
0.143648
0.14663
0.14898
0.150635
0.151545
0.151673
0.150999
0.149515
0.147231
0.144171
0.140373
0.135889
0.130783
0.125129
0.119008
0.112508
0.105719
0.0987334
0.0916435
0.0845372
0.0774986
0.0706054
0.063928
0.0575291
0.0514628
0.0457752
0.0405044
0.0356817
0.0313325
0.0274778
0.0241358
0.0213234
0.019058
0.0173589
0.0162486
0.0157531
0.0159024
0.0167296
0.0182695
0.0205557
0.0236177
0.0274759
0.0321369
0.0375879
0.0437906
0.0506765
0.0581428
0.0660494
0.074219
0.0824393
0.0904689
0.0980454
0.104897
0.110758
0.115379
0.118551
0.120112
0.119963
0.118078
0.114505
0.109365
0.102849
0.095202
0.08671
0.0776812
0.0684265
0.0592414
0.0503896
0.0420904
0.0345108
0.0277618
0.0218998
0.0169317
0.0128226
0.00950619
0.00689459
0.00488857
0.00338613
0.00228944
0.00150968
0.000969994
0.000606665
0.000368938
0.000217906
0.000124835
6.92693e-05
3.71715e-05
1.92575e-05
9.61362e-06
4.6148e-06
2.12506e-06
9.36246e-07
3.93461e-07
1.57188e-07
5.94618e-08
2.12022e-08
7.08819e-09
2.20784e-09
6.35905e-10
1.67804e-10
4.01052e-11
8.5547e-12
1.59728e-12
2.54161e-13
3.3142e-14
3.3269e-15
2.29102e-16
8.14338e-18
1.17046e-23
