0.176166
0.175153
0.173961
0.172603
0.171094
0.169449
0.167685
0.16582
0.163871
0.161856
0.159792
0.157695
0.155582
0.153465
0.151358
0.149274
0.147221
0.145208
0.143241
0.141328
0.139471
0.137674
0.135938
0.134265
0.132654
0.131107
0.129621
0.128196
0.126831
0.125524
0.124273
0.123077
0.121933
0.120841
0.119798
0.118803
0.117853
0.116946
0.116082
0.115257
0.11447
0.11372
0.113005
0.112324
0.111677
0.111062
0.110479
0.109928
0.10941
0.108925
0.108474
0.108058
0.107677
0.107333
0.107025
0.106754
0.106519
0.106321
0.106157
0.106026
0.105926
0.105854
0.105807
0.105781
0.105773
0.105779
0.105797
0.105822
0.105851
0.105884
0.105916
0.105948
0.105978
0.106005
0.106031
0.106054
0.106078
0.106101
0.106127
0.106156
0.10619
0.10623
0.106279
0.106337
0.106406
0.106488
0.106583
0.106693
0.10682
0.106964
0.107126
0.107307
0.107509
0.107732
0.107976
0.108241
0.108529
0.108839
0.109169
0.10952
0.10989
0.110277
0.110679
0.111095
0.111521
0.111954
0.112392
0.112832
0.11327
0.113703
0.114128
0.114543
0.114944
0.115329
0.115697
0.116045
0.116372
0.116676
0.116958
0.117217
0.117452
0.117665
0.117855
0.118025
0.118174
0.118306
0.118421
0.118521
0.118609
0.118686
0.118755
0.118817
0.118875
0.11893
0.118983
0.119036
0.119089
0.119142
0.119195
0.119246
0.119295
0.119339
0.119376
0.119403
0.119415
0.11941
0.119384
0.119331
0.119248
0.119131
0.118976
0.118779
0.118537
0.118247
0.117909
0.117519
0.117079
0.116588
0.116048
0.115461
0.11483
0.11416
0.113454
0.112719
0.11196
0.111185
0.110401
0.109615
0.108836
0.108073
0.107333
0.106625
0.105959
0.105341
0.104781
0.104286
0.103862
0.103516
0.103254
0.10308
0.102997
0.103008
0.103115
0.103316
0.103611
0.103998
0.104472
0.105028
0.105661
0.106364
0.107129
0.107947
0.108809
0.109707
0.11063
0.11157
0.112517
0.113463
0.114401
0.115322
0.116221
0.117093
0.117933
0.118739
0.119509
0.120241
0.120936
0.121595
0.122219
0.122812
0.123376
0.123914
0.124431
0.124929
0.125413
0.125886
0.126351
0.126811
0.127268
0.127724
0.12818
0.128636
0.129092
0.129548
0.130001
0.130449
0.13089
0.131319
0.131733
0.132127
0.132496
0.132836
0.133141
0.133405
0.133622
0.133788
0.133896
0.133941
0.133919
0.133826
0.133657
0.133409
0.133081
0.13267
0.132178
0.131605
0.130953
0.130226
0.129429
0.128568
0.12765
0.126684
0.125679
0.124645
0.123592
0.122531
0.121471
0.120423
0.119395
0.118397
0.117434
0.116514
0.115641
0.114819
0.114052
0.113341
0.112688
0.112094
0.111558
0.111082
0.110664
0.110305
0.110002
0.109756
0.109563
0.109423
0.109333
0.109288
0.109285
0.109318
0.109383
0.109472
0.109579
0.109697
0.109819
0.109937
0.110046
0.110139
0.110211
0.110259
0.110281
0.110276
0.110244
0.110188
0.110111
0.110016
0.109908
0.109791
0.109668
0.122021
