0.16965
0.168112
0.166435
0.164638
0.162737
0.160752
0.158699
0.156596
0.154461
0.15231
0.15016
0.148024
0.145916
0.143848
0.141831
0.139874
0.137984
0.136167
0.134427
0.132765
0.131182
0.129677
0.128249
0.126893
0.125607
0.124384
0.123222
0.122113
0.121053
0.120038
0.119062
0.118122
0.117213
0.116333
0.11548
0.114651
0.113845
0.113062
0.112301
0.111562
0.110846
0.110152
0.109484
0.10884
0.108222
0.107633
0.107072
0.106541
0.106043
0.105578
0.105148
0.104755
0.1044
0.104086
0.103813
0.103583
0.103398
0.103258
0.103164
0.103115
0.103112
0.103152
0.103235
0.103358
0.103519
0.103713
0.103938
0.104188
0.104461
0.104751
0.105055
0.105368
0.105686
0.106007
0.106328
0.106646
0.106961
0.10727
0.107574
0.107873
0.108167
0.108458
0.108747
0.109034
0.109323
0.109614
0.109909
0.110209
0.110517
0.110834
0.11116
0.111496
0.111843
0.112203
0.112573
0.112956
0.11335
0.113755
0.114169
0.114592
0.115021
0.115456
0.115893
0.11633
0.116765
0.117193
0.117612
0.118017
0.118406
0.118775
0.119121
0.119439
0.119727
0.119982
0.120201
0.120384
0.120528
0.120633
0.1207
0.120728
0.120719
0.120675
0.120599
0.120493
0.120362
0.120209
0.120039
0.119856
0.119665
0.11947
0.119277
0.119089
0.118912
0.118748
0.1186
0.118472
0.118365
0.11828
0.118218
0.118178
0.118159
0.118159
0.118174
0.118202
0.118239
0.118278
0.118316
0.118347
0.118366
0.118365
0.118342
0.118288
0.118201
0.118076
0.117908
0.117695
0.117434
0.117125
0.116766
0.116359
0.115904
0.115405
0.114864
0.114287
0.113679
0.113045
0.112394
0.111731
0.111065
0.110405
0.109758
0.109133
0.10854
0.107985
0.107477
0.107023
0.10663
0.106303
0.106047
0.105867
0.105766
0.105744
0.105804
0.105944
0.106162
0.106457
0.106825
0.107261
0.10776
0.108316
0.108923
0.109574
0.110262
0.110979
0.111719
0.112474
0.113238
0.114004
0.114768
0.115523
0.116265
0.116991
0.117697
0.118382
0.119044
0.119683
0.120299
0.120892
0.121465
0.12202
0.122559
0.123085
0.123602
0.124114
0.124624
0.125136
0.125654
0.12618
0.126718
0.127271
0.12784
0.128426
0.129029
0.12965
0.130287
0.130937
0.131598
0.132265
0.132934
0.133598
0.134251
0.134885
0.135493
0.136066
0.136595
0.137072
0.137488
0.137835
0.138104
0.13829
0.138385
0.138386
0.138287
0.138087
0.137785
0.137382
0.13688
0.136282
0.135594
0.134821
0.133971
0.133052
0.132072
0.131039
0.129963
0.128852
0.127716
0.126561
0.125396
0.124229
0.123066
0.121915
0.120781
0.119671
0.11859
0.117544
0.116538
0.115576
0.114663
0.113802
0.112996
0.112247
0.111556
0.110922
0.110345
0.109823
0.109352
0.108929
0.108549
0.108206
0.107896
0.107612
0.107349
0.107103
0.106869
0.106645
0.106428
0.106217
0.106012
0.105814
0.105625
0.105447
0.105281
0.105129
0.104993
0.104873
0.10477
0.10468
0.104603
0.116462
