0.151164
0.149428
0.147651
0.145842
0.144015
0.142178
0.140345
0.138524
0.136725
0.134958
0.133231
0.13155
0.129922
0.128352
0.126844
0.125402
0.124027
0.122722
0.121487
0.120322
0.119227
0.1182
0.11724
0.116342
0.115505
0.114724
0.113995
0.113314
0.112675
0.112074
0.111507
0.110968
0.110453
0.109959
0.109482
0.109019
0.108567
0.108127
0.107695
0.107273
0.106859
0.106456
0.106063
0.105683
0.105317
0.104967
0.104636
0.104324
0.104035
0.10377
0.103531
0.10332
0.103138
0.102987
0.102869
0.102784
0.102734
0.102719
0.102742
0.102801
0.102899
0.103035
0.10321
0.103424
0.103677
0.103967
0.104295
0.104659
0.105057
0.105487
0.105946
0.106432
0.106941
0.10747
0.108016
0.108576
0.109145
0.109721
0.110302
0.110883
0.111464
0.112042
0.112616
0.113185
0.113748
0.114306
0.114857
0.115401
0.11594
0.116472
0.116999
0.11752
0.118034
0.118541
0.119041
0.119532
0.120013
0.120484
0.120941
0.121383
0.121808
0.122214
0.122599
0.122961
0.123296
0.123604
0.12388
0.124125
0.124335
0.124508
0.124644
0.12474
0.124796
0.12481
0.124782
0.124712
0.124601
0.124449
0.124258
0.124029
0.123766
0.123469
0.123144
0.122794
0.122422
0.122034
0.121633
0.121225
0.120814
0.120405
0.120004
0.119613
0.119237
0.118881
0.118547
0.118238
0.117957
0.117705
0.117484
0.117295
0.117136
0.117009
0.116911
0.116841
0.116798
0.116778
0.116779
0.116798
0.11683
0.116873
0.116922
0.116974
0.117024
0.117068
0.117103
0.117126
0.117132
0.11712
0.117086
0.11703
0.116949
0.116843
0.116713
0.116558
0.11638
0.11618
0.115962
0.115727
0.115479
0.115221
0.114958
0.114693
0.11443
0.114174
0.113928
0.113697
0.113483
0.113289
0.113119
0.112976
0.11286
0.112774
0.112719
0.112696
0.112705
0.112747
0.112821
0.112928
0.113065
0.113233
0.11343
0.113654
0.113906
0.114182
0.114482
0.114804
0.115145
0.115505
0.11588
0.11627
0.116673
0.117086
0.117509
0.11794
0.118377
0.11882
0.119268
0.11972
0.120177
0.120639
0.121106
0.121579
0.12206
0.122551
0.123053
0.123569
0.1241
0.12465
0.125218
0.125809
0.126422
0.12706
0.127721
0.128407
0.129116
0.129846
0.130594
0.131358
0.132133
0.132913
0.133693
0.134467
0.135228
0.135968
0.13668
0.137357
0.137992
0.138577
0.139107
0.139574
0.139974
0.140302
0.140554
0.140726
0.140815
0.14082
0.140739
0.140571
0.140315
0.139971
0.139541
0.139025
0.138425
0.137743
0.136983
0.136148
0.135242
0.134271
0.133241
0.132157
0.131027
0.129858
0.128657
0.127433
0.126193
0.124944
0.123692
0.122444
0.121206
0.119981
0.118774
0.117586
0.116422
0.115281
0.114165
0.113075
0.112012
0.110975
0.109967
0.108988
0.108039
0.107124
0.106243
0.105401
0.1046
0.103842
0.103129
0.102465
0.10185
0.101285
0.10077
0.100303
0.0998832
0.0995082
0.0991759
0.0988838
0.0986302
0.0984135
0.0982331
0.109317
