0.0945046
0.0935912
0.0927826
0.0920754
0.0914662
0.0909518
0.0905289
0.0901942
0.0899441
0.0897745
0.089681
0.0896586
0.0897021
0.0898056
0.0899635
0.0901698
0.0904188
0.090705
0.0910234
0.0913694
0.0917389
0.0921284
0.0925351
0.0929565
0.0933906
0.093836
0.0942914
0.094756
0.0952291
0.0957102
0.096199
0.0966951
0.0971982
0.0977079
0.0982239
0.0987457
0.0992724
0.0998034
0.100337
0.100873
0.101409
0.101944
0.102475
0.103001
0.103519
0.104028
0.104525
0.105008
0.105475
0.105926
0.106357
0.10677
0.107163
0.107536
0.107889
0.108225
0.108543
0.108846
0.109137
0.109417
0.109689
0.109957
0.110223
0.110492
0.110765
0.111048
0.111342
0.11165
0.111977
0.112324
0.112695
0.113091
0.113513
0.113965
0.114447
0.11496
0.115504
0.11608
0.116686
0.117323
0.117988
0.118679
0.119395
0.120131
0.120884
0.121651
0.122426
0.123205
0.123983
0.124755
0.125515
0.126259
0.126981
0.127676
0.12834
0.12897
0.129561
0.130111
0.130618
0.131081
0.131497
0.131868
0.132193
0.132474
0.132712
0.132908
0.133064
0.133184
0.133269
0.133321
0.133345
0.133341
0.133312
0.133261
0.133189
0.133098
0.132988
0.132862
0.132719
0.13256
0.132384
0.132192
0.131982
0.131754
0.131506
0.131237
0.130946
0.130631
0.13029
0.129923
0.129527
0.129102
0.128648
0.128162
0.127646
0.1271
0.126524
0.12592
0.125291
0.124639
0.123966
0.123278
0.122578
0.121871
0.121162
0.120457
0.119763
0.119085
0.118429
0.117802
0.11721
0.116659
0.116154
0.1157
0.115302
0.114964
0.114688
0.114477
0.114331
0.114252
0.114238
0.114288
0.114399
0.114567
0.114789
0.115058
0.115369
0.115716
0.116091
0.116487
0.116896
0.117311
0.117724
0.118128
0.118516
0.118881
0.119217
0.119518
0.11978
0.119999
0.120172
0.120296
0.120371
0.120396
0.120372
0.1203
0.120183
0.120023
0.119825
0.119594
0.119333
0.119049
0.118748
0.118437
0.118121
0.117807
0.117502
0.117211
0.116942
0.1167
0.11649
0.116317
0.116185
0.116097
0.116056
0.116064
0.116122
0.116229
0.116385
0.116589
0.116838
0.117129
0.117458
0.117822
0.118215
0.118633
0.11907
0.119523
0.119986
0.120454
0.120924
0.121392
0.121855
0.12231
0.122756
0.123191
0.123616
0.124031
0.124436
0.124833
0.125223
0.12561
0.125994
0.126379
0.126768
0.127162
0.127565
0.127978
0.128405
0.128846
0.129304
0.129779
0.130273
0.130785
0.131315
0.131862
0.132425
0.133
0.133585
0.134175
0.134766
0.135351
0.135926
0.136482
0.137012
0.137508
0.137963
0.138369
0.138718
0.139003
0.139217
0.139354
0.139411
0.139383
0.139269
0.139066
0.138774
0.138396
0.137932
0.137386
0.136761
0.136062
0.135294
0.134462
0.133571
0.132628
0.131639
0.130609
0.129546
0.128455
0.127345
0.126222
0.125094
0.123969
0.122853
0.121756
0.120683
0.119642
0.118639
0.11768
0.116769
0.11591
0.115105
0.114354
0.113659
0.113018
0.112429
0.11189
0.111397
0.123225
