0.089633
0.0893571
0.0891087
0.0888897
0.0887021
0.0885476
0.0884277
0.0883436
0.0882955
0.0882833
0.0883061
0.0883624
0.0884502
0.0885669
0.0887099
0.0888764
0.0890635
0.0892687
0.0894895
0.089724
0.0899703
0.090227
0.0904929
0.0907668
0.0910479
0.0913353
0.0916279
0.091925
0.0922254
0.0925281
0.092832
0.0931362
0.0934398
0.093742
0.0940425
0.094341
0.0946379
0.0949336
0.0952292
0.0955259
0.0958255
0.0961298
0.0964411
0.0967619
0.0970946
0.0974419
0.0978064
0.0981905
0.0985966
0.0990268
0.099483
0.0999665
0.100478
0.101019
0.101589
0.102188
0.102814
0.103467
0.104145
0.104844
0.105563
0.106297
0.107045
0.107801
0.108562
0.109325
0.110085
0.110838
0.111582
0.112311
0.113024
0.113717
0.114388
0.115035
0.115656
0.11625
0.116816
0.117353
0.117863
0.118344
0.118798
0.119226
0.11963
0.120011
0.120371
0.120712
0.121038
0.121349
0.12165
0.121942
0.122227
0.122509
0.122789
0.12307
0.123353
0.12364
0.123931
0.124227
0.124527
0.124833
0.125141
0.125452
0.125762
0.12607
0.126373
0.126667
0.12695
0.127217
0.127466
0.127693
0.127894
0.128066
0.128206
0.128313
0.128383
0.128415
0.128409
0.128363
0.128277
0.128153
0.127992
0.127794
0.127562
0.127299
0.127008
0.126691
0.126352
0.125996
0.125625
0.125244
0.124857
0.124468
0.124079
0.123696
0.123321
0.122957
0.122607
0.122273
0.121957
0.12166
0.121383
0.121126
0.120889
0.120671
0.120472
0.120289
0.12012
0.119963
0.119816
0.119676
0.11954
0.119405
0.119268
0.119127
0.118979
0.118823
0.118656
0.118478
0.118287
0.118083
0.117865
0.117635
0.117394
0.117143
0.116883
0.116617
0.116348
0.116078
0.115809
0.115546
0.115292
0.115048
0.114819
0.114607
0.114415
0.114246
0.114101
0.113982
0.113891
0.113828
0.113794
0.113789
0.113812
0.113862
0.113938
0.114038
0.114159
0.114299
0.114455
0.114623
0.114799
0.11498
0.115163
0.115342
0.115515
0.115678
0.115828
0.115962
0.116077
0.116172
0.116245
0.116295
0.116323
0.116329
0.116314
0.116281
0.116231
0.116168
0.116095
0.116018
0.115939
0.115864
0.115798
0.115745
0.11571
0.115697
0.115712
0.115757
0.115838
0.115956
0.116114
0.116315
0.116561
0.116851
0.117188
0.11757
0.117998
0.11847
0.118985
0.119541
0.120136
0.120765
0.121427
0.122117
0.122832
0.123567
0.124318
0.12508
0.125849
0.126621
0.127391
0.128156
0.128912
0.129656
0.130385
0.131099
0.131795
0.132473
0.133134
0.133777
0.134404
0.135016
0.135616
0.136205
0.136784
0.137356
0.137923
0.138486
0.139045
0.139603
0.140158
0.140712
0.141262
0.141809
0.142352
0.142888
0.143415
0.143933
0.144438
0.144927
0.145398
0.145848
0.146273
0.14667
0.147035
0.147363
0.147651
0.147893
0.148086
0.148226
0.148307
0.148327
0.148282
0.14817
0.147988
0.147735
0.147412
0.147019
0.146557
0.14603
0.145441
0.144795
0.144096
0.143352
0.142567
0.141749
0.140904
0.14004
0.139162
0.152384
