0.0969321
0.0975349
0.0982628
0.0991081
0.10006
0.101104
0.102226
0.103412
0.104647
0.10592
0.107221
0.108545
0.10989
0.111258
0.112652
0.11408
0.115551
0.117073
0.118658
0.120315
0.122052
0.123875
0.125791
0.127801
0.129907
0.132107
0.1344
0.136779
0.139241
0.141776
0.144379
0.14704
0.149752
0.152503
0.155285
0.158086
0.160895
0.163699
0.166482
0.16923
0.171924
0.174545
0.177071
0.17948
0.181747
0.183849
0.18576
0.187458
0.18892
0.190127
0.191062
0.19171
0.192063
0.192115
0.191865
0.191314
0.190471
0.189345
0.187952
0.186309
0.184435
0.182354
0.180088
0.177664
0.175107
0.172446
0.169705
0.166913
0.164096
0.161278
0.158485
0.155738
0.153059
0.150467
0.147978
0.145608
0.143367
0.141265
0.139308
0.1375
0.135841
0.13433
0.132963
0.131733
0.130631
0.129647
0.128771
0.127989
0.127289
0.126656
0.126077
0.125539
0.125029
0.124535
0.124047
0.123555
0.123052
0.122529
0.121984
0.121411
0.12081
0.120179
0.119519
0.118833
0.118123
0.117395
0.116651
0.115899
0.115144
0.114392
0.11365
0.112924
0.112221
0.111547
0.110909
0.110311
0.10976
0.10926
0.108816
0.108431
0.108108
0.107851
0.107661
0.107539
0.107485
0.107499
0.10758
0.107725
0.107932
0.108196
0.108514
0.10888
0.109289
0.109734
0.110208
0.110707
0.111222
0.111748
0.112278
0.112809
0.113335
0.113854
0.114363
0.114861
0.115348
0.115827
0.116299
0.11677
0.117245
0.117729
0.118229
0.118752
0.119306
0.119898
0.120535
0.121222
0.121965
0.122768
0.123634
0.124563
0.125555
0.126607
0.127715
0.128874
0.130075
0.13131
0.132568
0.133837
0.135105
0.136358
0.137582
0.138763
0.139887
0.140938
0.141904
0.142772
0.143529
0.144163
0.144666
0.145028
0.145242
0.145303
0.145208
0.144954
0.144543
0.143976
0.143258
0.142395
0.141395
0.140268
0.139025
0.13768
0.136244
0.134733
0.133162
0.131544
0.129895
0.128227
0.126553
0.124885
0.123232
0.121602
0.120001
0.118435
0.116906
0.115416
0.113963
0.112546
0.111164
0.109812
0.108487
0.107185
0.105901
0.104631
0.103372
0.102119
0.100869
0.0996212
0.0983719
0.0971198
0.095864
0.0946037
0.093339
0.0920703
0.0907985
0.0895253
0.0882531
0.0869847
0.085724
0.0844756
0.083245
0.0820385
0.0808632
0.0797267
0.0786373
0.0776035
0.0766339
0.075737
0.0749206
0.0741917
0.0735566
0.0730198
0.0725845
0.0722524
0.0720232
0.071895
0.0718639
0.0719249
0.0720712
0.0722949
0.0725874
0.0729393
0.0733409
0.0737827
0.0742553
0.0747498
0.0752583
0.0757735
0.0762893
0.0768005
0.0773033
0.0777945
0.0782721
0.078735
0.0791826
0.079615
0.0800326
0.080436
0.080826
0.0812033
0.0815687
0.0819225
0.0822654
0.0825975
0.0829191
0.0832306
0.0835324
0.083825
0.0841094
0.0843868
0.0846587
0.0849271
0.085194
0.0854617
0.0857326
0.0860089
0.0862928
0.0865857
0.0868892
0.0872041
0.0875309
0.0878695
0.0882197
0.0885808
0.0889519
0.0893315
0.0897177
0.0901076
0.0904973
0.100416
