0.154923
0.155841
0.15645
0.15676
0.156779
0.156516
0.155977
0.155168
0.154092
0.152753
0.151153
0.149294
0.14718
0.144815
0.142205
0.139357
0.136283
0.132998
0.129517
0.125864
0.122062
0.118139
0.114129
0.110064
0.105982
0.101919
0.0979116
0.0939965
0.0902059
0.0865679
0.0831052
0.0798338
0.0767619
0.0738899
0.0712102
0.0687078
0.0663614
0.0641446
0.0620283
0.0599823
0.057978
0.0559901
0.0539988
0.0519917
0.0499646
0.0479221
0.045878
0.0438546
0.0418812
0.0399933
0.0382298
0.0366313
0.0352379
0.0340864
0.0332088
0.0326304
0.0323685
0.0324314
0.0328183
0.0335195
0.0345172
0.0357861
0.0372956
0.0390106
0.0408937
0.0429067
0.0450116
0.0471722
0.0493548
0.0515283
0.0536648
0.0557392
0.0577286
0.0596124
0.061371
0.0629859
0.0644391
0.065713
0.0667904
0.0676554
0.068293
0.0686905
0.0688382
0.0687299
0.0683638
0.0677429
0.0668754
0.0657751
0.0644607
0.0629557
0.0612877
0.0594876
0.0575888
0.0556257
0.0536332
0.0516456
0.0496955
0.0478134
0.0460269
0.0443606
0.0428355
0.0414692
0.0402759
0.0392666
0.0384495
0.0378299
0.0374112
0.0371947
0.0371802
0.0373664
0.0377509
0.0383309
0.0391029
0.0400633
0.0412082
0.042534
0.0440369
0.0457134
0.0475603
0.0495747
0.0517542
0.0540966
0.0566006
0.059265
0.0620896
0.0650744
0.0682199
0.0715271
0.0749969
0.0786305
0.0824284
0.0863907
0.0905162
0.0948024
0.0992444
0.103835
0.108564
0.113418
0.118379
0.123425
0.12853
0.133663
0.138789
0.143868
0.148857
0.15371
0.158379
0.162814
0.166965
0.170786
0.174228
0.177252
0.179821
0.181903
0.183477
0.184528
0.185051
0.185048
0.184533
0.183528
0.182062
0.180173
0.177906
0.175309
0.172435
0.169341
0.166081
0.162712
0.159288
0.15586
0.152473
0.14917
0.145986
0.142953
0.140094
0.137429
0.13497
0.132726
0.1307
0.128892
0.127296
0.125908
0.124718
0.123715
0.122888
0.122227
0.121717
0.121349
0.121109
0.120988
0.120974
0.121057
0.121228
0.121479
0.121801
0.122187
0.122628
0.123119
0.123653
0.124224
0.124826
0.125455
0.126105
0.126773
0.127454
0.128144
0.128843
0.129546
0.130253
0.130962
0.131674
0.132388
0.133106
0.133829
0.13456
0.135301
0.136056
0.136828
0.137622
0.138441
0.139291
0.140176
0.141101
0.14207
0.143088
0.144159
0.145285
0.146469
0.147714
0.149021
0.150388
0.151817
0.153303
0.154844
0.156436
0.158072
0.159746
0.16145
0.163175
0.164911
0.166647
0.168373
0.170077
0.171748
0.173375
0.174947
0.176455
0.177891
0.179246
0.180516
0.181696
0.182786
0.183785
0.184697
0.185527
0.186281
0.186969
0.187602
0.188191
0.188747
0.189282
0.189805
0.190323
0.19084
0.191356
0.191863
0.192353
0.192808
0.193208
0.193529
0.193744
0.193827
0.193756
0.193511
0.193081
0.192464
0.191665
0.190701
0.189595
0.188376
0.187072
0.185711
0.184314
0.182889
0.181434
0.179933
0.178356
0.17667
0.174836
0.172822
0.170608
0.168193
0.165601
0.162881
0.160106
0.157372
0.154785
0.152456
0.150486
0.167209
