0.35932
0.359164
0.359954
0.361797
0.36464
0.368292
0.372458
0.376792
0.380938
0.384582
0.387479
0.389474
0.390506
0.390598
0.389839
0.388361
0.386317
0.383856
0.381109
0.378178
0.375131
0.372004
0.368801
0.365508
0.362094
0.358521
0.35475
0.350749
0.346492
0.341963
0.337158
0.332082
0.326749
0.321183
0.31541
0.309464
0.303378
0.29719
0.290935
0.284649
0.278366
0.272119
0.265938
0.259854
0.253892
0.248077
0.242433
0.236982
0.231742
0.226734
0.221972
0.217474
0.213251
0.209317
0.205681
0.202351
0.199334
0.196635
0.194253
0.19219
0.190441
0.189
0.187859
0.187007
0.186429
0.186108
0.186025
0.186158
0.186483
0.186972
0.187597
0.188328
0.189134
0.189982
0.190837
0.191667
0.192438
0.193115
0.193667
0.194061
0.194268
0.19426
0.19401
0.193495
0.192696
0.191594
0.190175
0.188429
0.186348
0.183931
0.181176
0.178088
0.174674
0.170946
0.166917
0.162607
0.158033
0.15322
0.148192
0.142977
0.137601
0.132097
0.126493
0.12082
0.115111
0.109396
0.103705
0.0980691
0.0925169
0.0870766
0.081775
0.0766376
0.0716886
0.0669506
0.0624449
0.0581914
0.0542086
0.0505138
0.047123
0.0440511
0.0413121
0.0389189
0.0368836
0.0352175
0.033931
0.0330335
0.0325334
0.0324382
0.0327539
0.0334848
0.0346338
0.0362011
0.0381848
0.04058
0.0433782
0.0465675
0.0501318
0.0540506
0.0582986
0.0628455
0.067656
0.0726896
0.0779011
0.08324
0.088652
0.0940784
0.0994578
0.104726
0.109818
0.114667
0.11921
0.123382
0.127123
0.130379
0.1331
0.135243
0.136771
0.137659
0.137888
0.137451
0.13635
0.134596
0.13221
0.129224
0.125676
0.121612
0.117088
0.11216
0.106892
0.101349
0.0955975
0.089705
0.0837365
0.0777549
0.0718194
0.0659847
0.0603001
0.0548091
0.0495486
0.0445494
0.0398354
0.0354242
0.0313272
0.0275501
0.0240934
0.0209531
0.0181209
0.0155857
0.0133336
0.0113491
0.00961543
0.00811572
0.00683331
0.00575258
0.0048595
0.00414227
0.00359185
0.0032025
0.00297225
0.00290336
0.00300267
0.00328185
0.00375762
0.00445167
0.00539048
0.00660482
0.008129
0.00999965
0.0122543
0.0149291
0.0180572
0.0216651
0.0257704
0.0303783
0.0354788
0.0410433
0.047023
0.0533465
0.0599194
0.0666251
0.0733262
0.0798685
0.0860852
0.0918037
0.0968526
0.101069
0.104309
0.106453
0.107413
0.10714
0.105626
0.102907
0.09906
0.0942003
0.0884767
0.0820626
0.0751478
0.0679289
0.0605995
0.0533415
0.0463177
0.0396653
0.033493
0.0278783
0.0228684
0.0184817
0.0147118
0.0115313
0.00889705
0.00675507
0.00504528
0.00370562
0.00267545
0.00189814
0.00132275
0.00090504
0.000607716
0.000400292
0.000258512
0.000163602
0.000101406
6.15253e-05
3.65167e-05
2.11883e-05
1.20106e-05
6.64634e-06
3.58763e-06
1.88746e-06
9.66955e-07
4.81922e-07
2.33424e-07
1.09757e-07
5.00405e-08
2.20931e-08
9.43267e-09
3.88866e-09
1.54539e-09
5.90978e-10
2.17041e-10
7.63854e-11
2.57e-11
8.24431e-12
2.51408e-12
7.26366e-13
1.9808e-13
5.07652e-14
1.21676e-14
2.71252e-15
5.59244e-16
1.06268e-16
1.88192e-17
3.3687e-18
8.15421e-19
3.62099e-19
2.34191e-19
1.6842e-19
1.26772e-19
1.02337e-19
9.45445e-20
1.22978e-19
