0.210454
0.208908
0.207433
0.206175
0.205258
0.204788
0.20484
0.20546
0.206657
0.208404
0.210638
0.213259
0.216143
0.219148
0.222124
0.224932
0.227453
0.229598
0.231314
0.232591
0.233453
0.233954
0.234168
0.234173
0.23404
0.233825
0.233555
0.233227
0.232809
0.232243
0.231454
0.230357
0.228873
0.226932
0.224488
0.221521
0.218041
0.214087
0.209724
0.205042
0.200142
0.195137
0.19014
0.185257
0.180589
0.176218
0.172214
0.16863
0.165498
0.16284
0.160658
0.158944
0.15768
0.156839
0.156386
0.156283
0.156487
0.156954
0.157639
0.158497
0.159485
0.160561
0.161686
0.162825
0.163948
0.165028
0.166045
0.166984
0.167837
0.1686
0.169278
0.16988
0.170419
0.170917
0.171397
0.171887
0.172416
0.173017
0.173723
0.174565
0.175575
0.176782
0.178211
0.179885
0.181822
0.184032
0.186524
0.189298
0.192347
0.195661
0.199222
0.203005
0.20698
0.211112
0.215361
0.219682
0.224028
0.228347
0.232586
0.236691
0.240608
0.244282
0.247662
0.250697
0.253341
0.255551
0.257289
0.258524
0.259228
0.259382
0.258974
0.257997
0.256455
0.254354
0.251712
0.24855
0.244896
0.240786
0.236258
0.231355
0.226124
0.220615
0.214877
0.208964
0.202926
0.196814
0.190677
0.18456
0.178508
0.172559
0.16675
0.161111
0.15567
0.150447
0.145461
0.140723
0.136242
0.132023
0.128064
0.124364
0.120915
0.117708
0.114733
0.111977
0.109425
0.107061
0.104871
0.102838
0.100945
0.0991784
0.0975218
0.0959612
0.0944831
0.093075
0.0917255
0.0904243
0.0891621
0.0879309
0.0867236
0.0855345
0.0843587
0.0831923
0.0820327
0.0808782
0.0797281
0.0785827
0.0774436
0.0763135
0.0751966
0.0740982
0.0730255
0.0719873
0.0709943
0.0700594
0.0691974
0.0684257
0.0677639
0.0672339
0.0668597
0.0666672
0.0666835
0.0669366
0.0674544
0.0682638
0.0693891
0.070851
0.0726651
0.07484
0.0773756
0.0802621
0.0834779
0.0869891
0.0907483
0.0946947
0.0987543
0.102841
0.106858
0.110702
0.114262
0.117428
0.120092
0.122154
0.123523
0.124124
0.123902
0.122822
0.120875
0.118073
0.114455
0.110083
0.105039
0.099422
0.0933446
0.0869284
0.0802986
0.073579
0.0668883
0.0603351
0.0540155
0.04801
0.0423823
0.0371789
0.0324289
0.0281456
0.0243279
0.0209626
0.0180263
0.0154887
0.0133142
0.0114645
0.0099006
0.00858432
0.00747944
0.00655269
0.00577431
0.00511822
0.00456212
0.00408728
0.00367827
0.00332257
0.00301021
0.00273331
0.00248575
0.00226276
0.0020607
0.00187674
0.00170867
0.00155477
0.00141365
0.00128416
0.00116534
0.00105635
0.000956441
0.000864949
0.000781255
0.000704786
0.000635008
0.000571419
0.00051355
0.000460957
0.000413226
0.000369968
0.000330817
0.000295434
0.000263499
0.000234718
0.000208814
0.000185533
0.000164637
0.000145909
0.000129147
0.000114165
0.000100792
8.88735e-05
7.82648e-05
6.88356e-05
6.04664e-05
5.30486e-05
4.64835e-05
4.06816e-05
3.55618e-05
3.1051e-05
2.70831e-05
2.35989e-05
2.05451e-05
1.78744e-05
1.55444e-05
1.35178e-05
1.17616e-05
1.02473e-05
8.95063e-06
7.85119e-06
6.93315e-06
6.18543e-06
5.60279e-06
5.18767e-06
4.95343e-06
4.92995e-06
5.1733e-06
6.54249e-06
