0.38977
0.388754
0.387166
0.385391
0.383743
0.382432
0.381547
0.381053
0.380814
0.380621
0.380233
0.379411
0.377958
0.375737
0.372687
0.368823
0.364224
0.35902
0.353372
0.34745
0.341416
0.33541
0.329541
0.323885
0.318484
0.31335
0.308474
0.30383
0.299381
0.29509
0.290921
0.286846
0.282844
0.278902
0.275018
0.271198
0.267455
0.263808
0.260278
0.256888
0.253665
0.250631
0.247808
0.245216
0.24287
0.240784
0.238965
0.23742
0.236148
0.235148
0.234415
0.233939
0.233709
0.23371
0.233926
0.234339
0.234926
0.235667
0.236536
0.237508
0.238556
0.239654
0.24077
0.241877
0.242944
0.243941
0.244838
0.245604
0.246209
0.246625
0.246823
0.246778
0.246464
0.245859
0.244942
0.243695
0.242104
0.240155
0.23784
0.235154
0.232094
0.228662
0.224863
0.220704
0.216199
0.211361
0.206209
0.200764
0.195048
0.189089
0.182913
0.17655
0.170031
0.163387
0.15665
0.149853
0.143029
0.136209
0.129424
0.122706
0.116084
0.109585
0.103237
0.0970639
0.0910896
0.0853359
0.0798227
0.0745686
0.0695904
0.0649035
0.0605221
0.0564591
0.0527262
0.0493342
0.0462932
0.0436124
0.0413005
0.0393655
0.0378148
0.0366554
0.0358933
0.035534
0.0355819
0.0360402
0.0369107
0.0381934
0.0398861
0.0419842
0.0444802
0.0473631
0.0506185
0.0542279
0.0581682
0.0624121
0.0669272
0.0716765
0.0766182
0.0817057
0.0868884
0.0921116
0.0973174
0.102445
0.107433
0.112217
0.116736
0.120927
0.124732
0.128095
0.130966
0.1333
0.135059
0.136214
0.136743
0.136632
0.135879
0.134489
0.132478
0.12987
0.126697
0.122999
0.118825
0.114227
0.109263
0.103993
0.0984815
0.0927915
0.0869866
0.0811288
0.0752771
0.0694868
0.0638088
0.0582887
0.0529662
0.0478753
0.0430436
0.0384924
0.0342371
0.0302874
0.0266476
0.0233171
0.020291
0.0175608
0.0151149
0.0129393
0.0110185
0.00933555
0.00787336
0.00661478
0.00554336
0.00464382
0.00390252
0.00330797
0.00285119
0.00252617
0.00233024
0.00226442
0.00233377
0.00254761
0.00291978
0.00346868
0.00421724
0.00519268
0.00642603
0.00795137
0.00980476
0.0120228
0.0146409
0.017691
0.0211991
0.0251825
0.0296473
0.0345848
0.0399696
0.0457569
0.0518812
0.0582555
0.0647715
0.0713016
0.0777018
0.0838156
0.0894803
0.0945328
0.0988175
0.102193
0.104541
0.105771
0.105828
0.104694
0.10239
0.0989802
0.094562
0.0892668
0.0832517
0.0766915
0.0697705
0.0626734
0.055577
0.0486427
0.0420107
0.0357952
0.0300824
0.02493
0.0203679
0.0164011
0.0130133
0.0101712
0.00782882
0.00593247
0.00442439
0.00324643
0.00234287
0.00166235
0.00115923
0.000794183
0.000534313
0.000352865
0.000228646
0.000145296
9.0503e-05
5.52282e-05
3.29994e-05
1.92949e-05
1.10331e-05
6.16577e-06
3.36515e-06
1.79236e-06
9.30909e-07
4.71064e-07
2.32033e-07
1.11147e-07
5.17217e-08
2.33555e-08
1.02218e-08
4.33031e-09
1.77321e-09
7.00789e-10
2.66859e-10
9.77374e-11
3.43613e-11
1.15712e-11
3.72378e-12
1.14249e-12
3.33461e-13
9.25021e-14
2.44766e-14
6.29579e-15
1.67805e-15
5.38934e-16
2.44364e-16
1.48996e-16
1.03795e-16
7.52595e-17
5.51328e-17
4.05678e-17
3.00559e-17
2.26094e-17
1.75811e-17
1.46355e-17
1.3829e-17
1.79964e-17
