0.125565
0.125288
0.124948
0.124561
0.124147
0.123725
0.123316
0.122934
0.122591
0.122292
0.122037
0.121818
0.121623
0.121439
0.121249
0.121038
0.120794
0.120508
0.120174
0.119793
0.119369
0.11891
0.118426
0.117928
0.117427
0.116935
0.116459
0.116006
0.115581
0.115186
0.114821
0.114487
0.114184
0.113911
0.113669
0.11346
0.113287
0.113156
0.113072
0.113044
0.113078
0.113183
0.113368
0.113639
0.114005
0.11447
0.115038
0.115713
0.116495
0.117384
0.118377
0.11947
0.12066
0.121939
0.123303
0.124743
0.126253
0.127826
0.129453
0.13113
0.132849
0.134605
0.136392
0.138206
0.140042
0.141895
0.14376
0.145632
0.147505
0.149373
0.151228
0.15306
0.154859
0.156614
0.158311
0.159936
0.161474
0.162909
0.164224
0.165404
0.166432
0.167294
0.167977
0.168469
0.168764
0.168854
0.168737
0.168414
0.167889
0.16717
0.166267
0.165194
0.163966
0.162604
0.161125
0.159552
0.157905
0.156207
0.154478
0.152738
0.151004
0.149294
0.147622
0.145999
0.144437
0.142942
0.14152
0.140177
0.138914
0.137734
0.136639
0.135628
0.134701
0.133861
0.133107
0.13244
0.131861
0.131373
0.130975
0.13067
0.130457
0.130338
0.130312
0.130377
0.13053
0.130766
0.131079
0.131462
0.131904
0.132395
0.132922
0.133471
0.134028
0.134576
0.1351
0.135582
0.136006
0.136356
0.136617
0.136773
0.136812
0.13672
0.136488
0.136106
0.135569
0.134869
0.134006
0.132979
0.131788
0.130438
0.128934
0.127285
0.125501
0.123593
0.121576
0.119463
0.117271
0.115018
0.112721
0.110397
0.108065
0.105743
0.103448
0.101196
0.0990024
0.0968807
0.0948433
0.092901
0.0910628
0.0893359
0.0877258
0.0862363
0.0848696
0.0836267
0.0825068
0.0815085
0.0806292
0.0798656
0.0792141
0.0786703
0.0782302
0.0778893
0.0776436
0.0774891
0.077422
0.077439
0.077537
0.0777131
0.0779649
0.0782899
0.0786858
0.0791502
0.0796806
0.0802743
0.0809284
0.0816395
0.0824041
0.0832178
0.0840762
0.0849743
0.0859068
0.086868
0.087852
0.0888524
0.0898629
0.0908768
0.0918874
0.0928876
0.0938703
0.0948283
0.095754
0.0966398
0.0974781
0.098261
0.098981
0.0996309
0.100204
0.100694
0.101096
0.101407
0.101624
0.101749
0.101782
0.101729
0.101595
0.10139
0.101123
0.100806
0.100453
0.100077
0.0996911
0.0993086
0.0989415
0.0986003
0.0982938
0.0980287
0.0978097
0.0976395
0.0975189
0.0974471
0.0974221
0.0974414
0.0975019
0.0976008
0.0977356
0.0979046
0.098107
0.0983428
0.098613
0.0989191
0.0992628
0.0996459
0.10007
0.100535
0.101042
0.101588
0.102171
0.102787
0.103429
0.104093
0.104772
0.105461
0.106153
0.106846
0.107537
0.108227
0.108918
0.109615
0.110324
0.111054
0.111813
0.112612
0.11346
0.114364
0.115332
0.116367
0.11747
0.11864
0.119871
0.121155
0.122482
0.123839
0.125209
0.126577
0.127926
0.129239
0.130499
0.13169
0.132799
0.133813
0.134721
0.135515
0.13619
0.136742
0.137168
0.13747
0.137649
0.137708
0.137652
0.151536
