0.0915692
0.0916366
0.0917385
0.0918742
0.0920428
0.0922429
0.092473
0.0927316
0.0930173
0.0933289
0.0936652
0.0940252
0.0944083
0.0948138
0.095241
0.0956895
0.0961583
0.0966468
0.0971538
0.0976781
0.0982181
0.0987721
0.0993383
0.0999146
0.100499
0.10109
0.101684
0.102282
0.102881
0.103479
0.104076
0.104671
0.105264
0.105854
0.106441
0.107025
0.107606
0.108183
0.108756
0.109325
0.109889
0.110447
0.110998
0.111541
0.112074
0.112596
0.113104
0.113599
0.114077
0.114537
0.114978
0.115398
0.115797
0.116173
0.116526
0.116855
0.11716
0.117441
0.117698
0.11793
0.118138
0.118322
0.118481
0.118617
0.118729
0.118818
0.118884
0.118926
0.118946
0.118944
0.11892
0.118874
0.118807
0.11872
0.118613
0.118487
0.118343
0.118181
0.118003
0.11781
0.117602
0.117382
0.11715
0.116906
0.116654
0.116393
0.116126
0.115853
0.115576
0.115296
0.115015
0.114733
0.114453
0.114175
0.113902
0.113634
0.113373
0.11312
0.112877
0.112646
0.112427
0.112222
0.112033
0.11186
0.111705
0.111569
0.111453
0.111358
0.111284
0.111232
0.111202
0.111194
0.111207
0.111243
0.111299
0.111375
0.111471
0.111584
0.111715
0.111861
0.11202
0.112193
0.112375
0.112568
0.112767
0.112973
0.113183
0.113396
0.11361
0.113825
0.114038
0.114248
0.114456
0.114658
0.114855
0.115045
0.115228
0.115404
0.115571
0.115729
0.115879
0.116019
0.11615
0.116272
0.116384
0.116488
0.116584
0.116672
0.116752
0.116826
0.116893
0.116955
0.117012
0.117064
0.117112
0.117157
0.117199
0.117237
0.117273
0.117306
0.117337
0.117365
0.117389
0.117411
0.117429
0.117444
0.117455
0.117461
0.117463
0.117461
0.117454
0.117443
0.117427
0.117407
0.117384
0.117358
0.11733
0.117299
0.117269
0.117238
0.117208
0.117181
0.117156
0.117136
0.117121
0.117113
0.117112
0.117119
0.117136
0.117163
0.117201
0.117251
0.117313
0.117389
0.117478
0.117581
0.117699
0.117831
0.117977
0.118137
0.118311
0.118498
0.118697
0.118908
0.11913
0.11936
0.119598
0.119843
0.120092
0.120343
0.120596
0.120848
0.121098
0.121344
0.121583
0.121815
0.122038
0.122251
0.122452
0.12264
0.122815
0.122974
0.123119
0.123247
0.123359
0.123455
0.123534
0.123597
0.123645
0.123679
0.123699
0.123706
0.123703
0.123691
0.123673
0.12365
0.123625
0.123601
0.12358
0.123566
0.123561
0.123568
0.123589
0.123628
0.123686
0.123767
0.123871
0.124001
0.124159
0.124345
0.124561
0.124809
0.125089
0.125401
0.125746
0.126125
0.126538
0.126985
0.127466
0.12798
0.128528
0.129109
0.129722
0.130366
0.13104
0.131742
0.132471
0.133225
0.134001
0.134798
0.135613
0.136442
0.137285
0.138137
0.138996
0.139859
0.140724
0.141587
0.142448
0.143303
0.14415
0.144987
0.145812
0.146624
0.14742
0.148199
0.148959
0.149698
0.150413
0.151105
0.151769
0.152404
0.153009
0.15358
0.154116
0.154615
0.155075
0.155492
0.155865
0.171336
