0.0882549
0.0875335
0.0869297
0.0864368
0.0860483
0.0857581
0.0855604
0.0854498
0.0854211
0.0854696
0.0855904
0.0857786
0.0860294
0.0863374
0.0866972
0.0871033
0.0875499
0.0880313
0.088542
0.0890765
0.0896298
0.0901974
0.0907753
0.0913597
0.091948
0.0925375
0.0931264
0.0937132
0.0942969
0.0948768
0.0954526
0.0960239
0.0965908
0.0971534
0.0977119
0.0982664
0.0988172
0.0993644
0.099908
0.100448
0.100984
0.101515
0.102042
0.102563
0.103077
0.103583
0.104081
0.104568
0.105044
0.105508
0.105958
0.106394
0.106816
0.107222
0.107613
0.10799
0.108352
0.108702
0.109041
0.109371
0.109693
0.110011
0.110326
0.110642
0.110961
0.111286
0.11162
0.111966
0.112325
0.112701
0.113095
0.113509
0.113945
0.114405
0.114888
0.115396
0.115929
0.116488
0.117071
0.117678
0.118309
0.118961
0.119633
0.120323
0.121028
0.121746
0.122473
0.123206
0.12394
0.124673
0.125399
0.126116
0.126818
0.127501
0.128162
0.128798
0.129404
0.129978
0.130518
0.131022
0.131488
0.131915
0.132303
0.132652
0.132963
0.133236
0.133472
0.133673
0.13384
0.133975
0.134078
0.134152
0.134197
0.134215
0.134207
0.134172
0.134113
0.134028
0.133918
0.133782
0.133621
0.133433
0.133217
0.132974
0.132701
0.132399
0.132066
0.131703
0.131307
0.13088
0.13042
0.129929
0.129406
0.128852
0.128268
0.127657
0.127019
0.126358
0.125676
0.124977
0.124264
0.123541
0.122814
0.122087
0.121365
0.120654
0.119959
0.119286
0.11864
0.118027
0.117451
0.116917
0.116431
0.115994
0.115611
0.115285
0.115016
0.114807
0.114657
0.114565
0.114531
0.114552
0.114626
0.114749
0.114917
0.115125
0.115368
0.11564
0.115936
0.11625
0.116576
0.116907
0.117237
0.117561
0.117873
0.118167
0.118439
0.118685
0.118901
0.119083
0.11923
0.119339
0.119409
0.11944
0.119432
0.119386
0.119304
0.119188
0.119041
0.118866
0.118667
0.118449
0.118215
0.117972
0.117724
0.117475
0.117232
0.117
0.116782
0.116584
0.116409
0.116262
0.116146
0.116062
0.116014
0.116002
0.116027
0.11609
0.11619
0.116325
0.116496
0.116698
0.116931
0.117191
0.117476
0.117783
0.118109
0.11845
0.118805
0.119171
0.119546
0.119927
0.120314
0.120705
0.1211
0.121497
0.121897
0.122299
0.122704
0.123112
0.123524
0.123941
0.124364
0.124793
0.125231
0.125678
0.126135
0.126603
0.127085
0.127581
0.128092
0.12862
0.129164
0.129724
0.130301
0.130894
0.1315
0.132119
0.132747
0.13338
0.134015
0.134645
0.135267
0.135873
0.136458
0.137015
0.137538
0.13802
0.138455
0.138838
0.139163
0.139427
0.139625
0.139755
0.139815
0.139803
0.139718
0.13956
0.13933
0.139028
0.138656
0.138215
0.137708
0.137137
0.136505
0.135816
0.135073
0.134281
0.133446
0.132573
0.131667
0.130737
0.129789
0.12883
0.127867
0.126907
0.125958
0.125024
0.124111
0.123224
0.122366
0.121539
0.120746
0.119986
0.119261
0.118569
0.11791
0.117281
0.116682
0.128815
