0.136551
0.136576
0.136633
0.136717
0.136825
0.136948
0.137077
0.137202
0.137315
0.137407
0.137471
0.137501
0.137497
0.137459
0.13739
0.137295
0.137182
0.137058
0.136931
0.136806
0.136688
0.136577
0.136474
0.136372
0.136267
0.136149
0.136011
0.135843
0.135639
0.135395
0.135108
0.13478
0.134418
0.134028
0.133624
0.133218
0.132828
0.132469
0.13216
0.131917
0.131756
0.131693
0.131742
0.131915
0.132224
0.132679
0.133287
0.134057
0.134994
0.136102
0.137384
0.138841
0.140471
0.14227
0.144232
0.146346
0.148601
0.15098
0.153462
0.156027
0.158647
0.161294
0.163938
0.166544
0.169079
0.171508
0.173796
0.175908
0.177811
0.179475
0.180872
0.181976
0.182769
0.183233
0.183357
0.183136
0.182568
0.181658
0.180415
0.178852
0.176989
0.174849
0.172456
0.16984
0.167032
0.164065
0.160972
0.157788
0.154547
0.151281
0.148021
0.144799
0.141642
0.138574
0.135619
0.132798
0.130126
0.127618
0.125286
0.123139
0.121182
0.119418
0.117848
0.116471
0.115284
0.114279
0.11345
0.112786
0.112278
0.111911
0.111674
0.111552
0.111528
0.111589
0.111717
0.111899
0.112118
0.112361
0.112615
0.112868
0.11311
0.113334
0.113534
0.113705
0.113847
0.113959
0.114046
0.11411
0.114159
0.1142
0.114241
0.114291
0.114359
0.114455
0.114587
0.114761
0.114985
0.115261
0.115593
0.115981
0.116424
0.116917
0.117455
0.11803
0.118633
0.119253
0.119878
0.120493
0.121085
0.121641
0.122144
0.12258
0.122937
0.1232
0.123358
0.123399
0.123316
0.123099
0.122744
0.122246
0.121604
0.120819
0.119892
0.118829
0.117638
0.116326
0.114904
0.113386
0.111786
0.110119
0.108401
0.106651
0.104886
0.103123
0.101381
0.0996773
0.0980273
0.0964465
0.0949487
0.0935458
0.0922482
0.0910639
0.0899992
0.089058
0.0882424
0.0875524
0.0869859
0.0865392
0.0862072
0.0859832
0.0858594
0.0858272
0.085877
0.0859991
0.0861832
0.0864189
0.0866961
0.0870047
0.0873349
0.0876776
0.0880243
0.0883672
0.0886995
0.0890155
0.0893107
0.0895818
0.0898272
0.0900468
0.0902419
0.0904155
0.0905723
0.0907182
0.0908604
0.091007
0.0911668
0.0913488
0.0915618
0.0918144
0.0921137
0.0924659
0.0928754
0.0933447
0.0938743
0.0944625
0.0951057
0.0957983
0.096533
0.0973014
0.0980937
0.0988996
0.0997088
0.100511
0.101295
0.102054
0.102777
0.103457
0.104087
0.104663
0.105177
0.105628
0.106009
0.106319
0.106554
0.106711
0.106789
0.106784
0.106696
0.106525
0.106271
0.105936
0.105525
0.105042
0.104495
0.103893
0.103248
0.102573
0.101881
0.101188
0.10051
0.099861
0.0992561
0.0987084
0.0982296
0.0978288
0.097513
0.0972863
0.0971502
0.0971035
0.0971427
0.0972622
0.0974542
0.09771
0.0980198
0.0983731
0.0987596
0.0991693
0.0995925
0.100021
0.100447
0.100864
0.101268
0.101654
0.10202
0.102365
0.102687
0.102987
0.103265
0.103521
0.103757
0.103972
0.104166
0.10434
0.104493
0.104624
0.104731
0.104815
0.104874
0.104908
0.104917
0.115433
