0.105431
0.105173
0.104715
0.104075
0.10328
0.102361
0.101349
0.100274
0.0991622
0.0980327
0.0968993
0.0957703
0.0946497
0.0935386
0.0924372
0.0913458
0.0902661
0.0892021
0.0881602
0.0871491
0.0861795
0.0852633
0.0844129
0.0836405
0.082957
0.0823716
0.0818913
0.0815206
0.081261
0.0811111
0.0810668
0.0811214
0.0812657
0.0814884
0.0817767
0.0821163
0.0824921
0.0828886
0.0832905
0.083683
0.084052
0.0843851
0.0846715
0.0849026
0.0850718
0.085175
0.0852108
0.0851798
0.0850854
0.0849329
0.0847296
0.0844843
0.0842072
0.0839095
0.0836031
0.0833002
0.083013
0.0827538
0.0825343
0.0823661
0.0822602
0.0822272
0.0822774
0.0824206
0.0826665
0.0830247
0.083505
0.084117
0.0848708
0.0857763
0.0868438
0.0880834
0.0895049
0.0911176
0.0929302
0.0949497
0.0971817
0.0996296
0.102294
0.105173
0.108261
0.111548
0.115021
0.118662
0.122452
0.126363
0.130368
0.134435
0.13853
0.142616
0.146657
0.150615
0.154453
0.158135
0.161627
0.164899
0.167923
0.170675
0.173136
0.17529
0.177128
0.178644
0.179837
0.180711
0.181271
0.181531
0.181503
0.181205
0.180657
0.179881
0.178898
0.177733
0.17641
0.174953
0.173386
0.171732
0.170013
0.16825
0.166461
0.164662
0.162869
0.161093
0.159343
0.157627
0.15595
0.154312
0.152715
0.151156
0.149631
0.148136
0.146665
0.145211
0.143768
0.14233
0.140893
0.139451
0.138003
0.136546
0.135082
0.133613
0.132144
0.130679
0.129226
0.127794
0.126392
0.12503
0.123718
0.122468
0.12129
0.120193
0.119187
0.118279
0.117477
0.116786
0.116211
0.115753
0.115415
0.115196
0.115094
0.115106
0.115228
0.115454
0.115777
0.11619
0.116684
0.117249
0.117876
0.118554
0.119273
0.12002
0.120785
0.121556
0.122322
0.123073
0.123797
0.124485
0.125127
0.125715
0.126241
0.126699
0.127081
0.127384
0.127605
0.12774
0.12779
0.127753
0.127632
0.127429
0.127147
0.126793
0.12637
0.125888
0.125352
0.124772
0.124157
0.123517
0.122862
0.122203
0.121551
0.120917
0.120311
0.119745
0.119229
0.118773
0.118386
0.118077
0.117852
0.117718
0.11768
0.11774
0.1179
0.118161
0.11852
0.118974
0.119518
0.120145
0.120848
0.121618
0.122444
0.123318
0.124229
0.125165
0.126118
0.127076
0.128031
0.128972
0.129891
0.130779
0.131628
0.132429
0.133175
0.133856
0.134466
0.134996
0.13544
0.135792
0.136048
0.136205
0.136263
0.136225
0.136096
0.135885
0.135602
0.13526
0.134875
0.134463
0.13404
0.133621
0.13322
0.132848
0.132511
0.132212
0.131952
0.131724
0.131519
0.131325
0.131125
0.130903
0.13064
0.130318
0.129922
0.129436
0.12885
0.128155
0.127346
0.126424
0.125389
0.124247
0.123004
0.121669
0.120249
0.118752
0.117185
0.115553
0.113858
0.112102
0.110285
0.108408
0.10647
0.104473
0.10242
0.100319
0.0981809
0.0960212
0.0938595
0.0917191
0.0896263
0.0876088
0.0856949
0.0839115
0.082283
0.0808299
0.0795675
0.0785059
0.0776488
0.0769942
0.0765347
0.0762579
0.0761474
0.0841643
