0.343497
0.348728
0.355033
0.361927
0.368908
0.375514
0.381373
0.38623
0.389959
0.392551
0.39409
0.394727
0.394643
0.394026
0.393042
0.391826
0.390472
0.389033
0.387528
0.385945
0.384256
0.382417
0.380386
0.378118
0.375576
0.372732
0.369565
0.366061
0.362218
0.358035
0.353521
0.348685
0.343539
0.3381
0.332381
0.326401
0.320176
0.313723
0.307061
0.300209
0.293187
0.286014
0.278713
0.271305
0.263815
0.256266
0.248685
0.241097
0.233529
0.226009
0.218566
0.211226
0.204019
0.196973
0.190114
0.18347
0.177067
0.17093
0.165083
0.159549
0.154347
0.149497
0.145017
0.14092
0.137219
0.133925
0.131045
0.128583
0.126542
0.12492
0.123714
0.122915
0.122515
0.1225
0.122852
0.123554
0.124581
0.12591
0.127511
0.129354
0.131408
0.133636
0.136002
0.138469
0.140996
0.143546
0.146077
0.14855
0.150925
0.153164
0.15523
0.157088
0.158706
0.160052
0.161099
0.161823
0.162204
0.162224
0.16187
0.161134
0.160011
0.1585
0.156605
0.154333
0.151695
0.148706
0.145386
0.141755
0.137839
0.133663
0.129258
0.124655
0.119886
0.114984
0.109984
0.10492
0.0998274
0.09474
0.0896917
0.0847156
0.0798439
0.0751075
0.0705364
0.0661591
0.0620027
0.0580931
0.0544546
0.0511104
0.0480821
0.0453901
0.0430533
0.0410895
0.0395146
0.0383436
0.0375894
0.0372632
0.0373745
0.0379302
0.0389348
0.0403898
0.0422935
0.0446405
0.0474214
0.0506221
0.0542241
0.0582032
0.0625303
0.0671704
0.072083
0.0772221
0.0825362
0.087969
0.0934594
0.0989428
0.104352
0.109616
0.114665
0.119429
0.12384
0.12783
0.13134
0.134313
0.1367
0.138461
0.139563
0.139984
0.139712
0.138746
0.137095
0.134779
0.131828
0.128282
0.124187
0.1196
0.114581
0.109197
0.103516
0.0976089
0.091547
0.0853998
0.0792341
0.0731132
0.0670955
0.0612336
0.0555737
0.0501556
0.0450115
0.0401671
0.0356408
0.0314447
0.0275847
0.0240614
0.0208702
0.0180031
0.0154484
0.0131925
0.0112201
0.00951549
0.0080633
0.00684932
0.00586133
0.00508991
0.00452911
0.00417715
0.00403698
0.00411674
0.00443004
0.00499606
0.00583947
0.00698988
0.00848111
0.01035
0.0126345
0.0153718
0.0185957
0.0223334
0.0266022
0.0314062
0.0367324
0.042548
0.0487975
0.0554007
0.0622526
0.0692235
0.0761619
0.0828983
0.0892509
0.0950329
0.100061
0.104163
0.10719
0.109023
0.109579
0.108819
0.106753
0.103435
0.0989659
0.0934862
0.0871696
0.0802133
0.0728276
0.0652252
0.0576105
0.0501706
0.0430673
0.0364319
0.0303622
0.0249216
0.020141
0.0160219
0.0125411
0.00965591
0.0073103
0.00544002
0.00397758
0.00285635
0.00201369
0.00139304
0.000945187
0.00062869
0.000409722
0.000261475
0.000163305
9.97523e-05
5.95537e-05
3.47253e-05
1.97607e-05
1.09654e-05
5.92833e-06
3.11977e-06
1.59645e-06
7.93537e-07
3.82691e-07
1.78835e-07
8.08698e-08
3.53351e-08
1.4894e-08
6.04546e-09
2.35841e-09
8.82372e-10
3.15862e-10
1.07897e-10
3.50682e-11
1.08085e-11
3.14726e-12
8.62097e-13
2.2105e-13
5.27517e-14
1.16374e-14
2.35417e-15
4.3243e-16
7.12532e-17
1.03703e-17
1.30645e-18
1.38671e-19
1.20003e-20
8.66796e-22
1.07845e-22
6.69509e-23
8.59135e-23
