0.0967639
0.0966662
0.096547
0.0964055
0.0962417
0.096057
0.0958533
0.0956334
0.095401
0.0951599
0.0949145
0.0946689
0.0944276
0.0941945
0.0939731
0.0937666
0.0935775
0.0934076
0.0932585
0.0931308
0.093025
0.0929411
0.092879
0.0928384
0.092819
0.0928205
0.092843
0.0928863
0.0929508
0.0930366
0.093144
0.0932736
0.0934256
0.0936002
0.0937977
0.0940181
0.0942612
0.0945268
0.0948146
0.0951241
0.0954548
0.0958063
0.0961782
0.09657
0.0969814
0.0974123
0.0978624
0.0983317
0.0988203
0.0993281
0.0998552
0.100402
0.100967
0.101552
0.102155
0.102775
0.103414
0.104068
0.104737
0.105419
0.106112
0.106814
0.107523
0.108235
0.108948
0.109659
0.110364
0.111059
0.111742
0.112409
0.113057
0.113682
0.114282
0.114853
0.115395
0.115905
0.116381
0.116823
0.11723
0.117602
0.117939
0.118241
0.118511
0.118749
0.118958
0.119138
0.119292
0.119422
0.119531
0.119621
0.119694
0.119752
0.119798
0.119832
0.119858
0.119877
0.11989
0.119898
0.119903
0.119904
0.119904
0.119902
0.119898
0.119893
0.119885
0.119876
0.119864
0.119849
0.119829
0.119805
0.119776
0.11974
0.119697
0.119647
0.119589
0.119522
0.119448
0.119366
0.119276
0.11918
0.119078
0.118972
0.118863
0.118753
0.118644
0.118538
0.118438
0.118344
0.118261
0.118188
0.118129
0.118085
0.118057
0.118046
0.118052
0.118076
0.118118
0.118176
0.11825
0.118339
0.11844
0.118551
0.11867
0.118794
0.118921
0.119046
0.119168
0.119282
0.119387
0.119478
0.119553
0.119609
0.119643
0.119654
0.11964
0.119599
0.11953
0.119432
0.119306
0.119151
0.118968
0.118759
0.118524
0.118266
0.117988
0.117692
0.11738
0.117058
0.116728
0.116394
0.116061
0.115731
0.115409
0.1151
0.114807
0.114533
0.114281
0.114056
0.113858
0.113691
0.113556
0.113454
0.113385
0.11335
0.113347
0.113376
0.113435
0.113522
0.113633
0.113767
0.11392
0.114088
0.114268
0.114455
0.114647
0.11484
0.115031
0.115216
0.115393
0.115559
0.115714
0.115855
0.115982
0.116094
0.116192
0.116276
0.116347
0.116407
0.116458
0.116502
0.116541
0.116579
0.116618
0.116661
0.116711
0.116772
0.116848
0.116941
0.117054
0.117191
0.117354
0.117546
0.117769
0.118026
0.118316
0.118642
0.119004
0.119401
0.119834
0.120301
0.120801
0.121332
0.121891
0.122476
0.123085
0.123713
0.124359
0.125018
0.125688
0.126366
0.127049
0.127735
0.128421
0.129106
0.129788
0.130465
0.131137
0.131803
0.132462
0.133113
0.133758
0.134395
0.135026
0.135651
0.136272
0.136888
0.137501
0.138114
0.138727
0.139343
0.139962
0.140588
0.141221
0.141862
0.142514
0.143175
0.143847
0.144529
0.145219
0.145915
0.146614
0.147314
0.14801
0.148698
0.149372
0.150027
0.150657
0.151257
0.151821
0.152344
0.15282
0.153246
0.153616
0.153928
0.154177
0.154363
0.154483
0.154535
0.15452
0.154436
0.154286
0.154069
0.153786
0.15344
0.153031
0.152564
0.152039
0.151459
0.150829
0.165002
