0.124061
0.125073
0.126191
0.127416
0.128751
0.130194
0.131746
0.133403
0.135162
0.137016
0.138961
0.140989
0.143092
0.145263
0.14749
0.149763
0.15207
0.154398
0.156729
0.159048
0.161335
0.163568
0.165725
0.167781
0.169711
0.17149
0.173094
0.174497
0.175679
0.176621
0.177305
0.177722
0.177861
0.177721
0.177302
0.176609
0.175652
0.174443
0.172999
0.171339
0.169483
0.167454
0.165275
0.16297
0.160564
0.158078
0.155538
0.152964
0.150378
0.1478
0.145248
0.142742
0.140295
0.137923
0.13564
0.133456
0.131381
0.129423
0.127589
0.125881
0.124303
0.122855
0.121534
0.120337
0.119259
0.118294
0.117433
0.116669
0.115991
0.11539
0.114856
0.114381
0.113956
0.113573
0.113225
0.112905
0.112609
0.112333
0.112074
0.111829
0.111598
0.111379
0.111173
0.110981
0.110802
0.110638
0.110491
0.110362
0.110253
0.110165
0.110099
0.110057
0.110041
0.11005
0.110085
0.110147
0.110234
0.110347
0.110482
0.110639
0.110814
0.111003
0.111203
0.111409
0.111615
0.111816
0.112007
0.11218
0.112331
0.112454
0.112543
0.112593
0.112599
0.11256
0.112471
0.112331
0.11214
0.111899
0.111608
0.111272
0.110893
0.110478
0.110032
0.109562
0.109075
0.10858
0.108086
0.107602
0.107135
0.106697
0.106295
0.105939
0.105636
0.105394
0.10522
0.105119
0.105099
0.105162
0.105311
0.10555
0.10588
0.1063
0.106809
0.107406
0.108088
0.108849
0.109685
0.11059
0.111556
0.112576
0.113641
0.114742
0.115869
0.117012
0.118162
0.119307
0.120439
0.121547
0.122623
0.123659
0.124647
0.125582
0.126459
0.127274
0.128027
0.128715
0.129342
0.129909
0.130421
0.130884
0.131303
0.131686
0.132042
0.132378
0.132702
0.133024
0.133349
0.133685
0.134036
0.134407
0.134801
0.135218
0.135658
0.136118
0.136594
0.137081
0.137572
0.138058
0.138532
0.138983
0.139401
0.139775
0.140097
0.140354
0.140538
0.14064
0.140651
0.140564
0.140373
0.140072
0.13966
0.139132
0.138489
0.137731
0.136861
0.135882
0.134799
0.13362
0.132353
0.131007
0.129594
0.128125
0.126613
0.125071
0.123513
0.121953
0.120405
0.118881
0.117393
0.115954
0.114572
0.113256
0.112013
0.110848
0.109763
0.10876
0.107837
0.106993
0.106223
0.105523
0.104885
0.104303
0.103768
0.103272
0.102807
0.102364
0.101937
0.101516
0.101096
0.10067
0.100233
0.0997812
0.0993109
0.0988194
0.0983049
0.0977664
0.0972033
0.0966159
0.0960049
0.0953714
0.094717
0.0940436
0.0933534
0.0926487
0.0919325
0.0912075
0.0904769
0.089744
0.0890124
0.0882854
0.0875669
0.0868604
0.0861695
0.0854976
0.0848482
0.0842241
0.0836281
0.0830625
0.0825293
0.08203
0.0815654
0.081136
0.0807416
0.0803814
0.080054
0.0797571
0.0794879
0.0792427
0.0790175
0.0788074
0.0786074
0.0784122
0.0782171
0.0780179
0.0778115
0.0775965
0.0773734
0.077145
0.0769165
0.0766953
0.0764909
0.0763141
0.0761765
0.0760896
0.0760636
0.0761067
0.0762244
0.0764188
0.0766888
0.0862513
