0.37251
0.379232
0.385897
0.391977
0.39705
0.400832
0.403189
0.404128
0.403768
0.402308
0.399985
0.397044
0.39371
0.390169
0.386561
0.38298
0.379475
0.376063
0.372734
0.369465
0.366221
0.36297
0.359679
0.35632
0.352872
0.349319
0.34565
0.341857
0.337936
0.333883
0.329696
0.325374
0.320914
0.316315
0.311574
0.306691
0.301663
0.296489
0.291169
0.285705
0.280097
0.274351
0.268472
0.262466
0.256342
0.250111
0.243786
0.237379
0.230908
0.224388
0.217839
0.211279
0.204731
0.198215
0.191754
0.185371
0.17909
0.172935
0.16693
0.161099
0.155465
0.150052
0.144884
0.13998
0.135363
0.131052
0.127065
0.123419
0.120129
0.117207
0.114665
0.11251
0.110749
0.109384
0.108417
0.107844
0.107661
0.107859
0.108425
0.109347
0.110605
0.112179
0.114045
0.116177
0.118546
0.121119
0.123864
0.126743
0.129721
0.132757
0.135813
0.138849
0.141823
0.144697
0.147432
0.149988
0.152331
0.154426
0.156241
0.157747
0.158919
0.159735
0.160175
0.160227
0.159878
0.159123
0.157961
0.156393
0.154426
0.15207
0.149341
0.146257
0.142838
0.13911
0.135101
0.130839
0.126357
0.12169
0.116871
0.111936
0.106922
0.101866
0.0968035
0.0917716
0.0868054
0.0819398
0.0772086
0.0726443
0.0682784
0.0641408
0.0602603
0.0566639
0.0533774
0.050425
0.0478294
0.0456115
0.0437908
0.0423848
0.0414091
0.0408771
0.0408
0.0411861
0.0420411
0.043367
0.0451622
0.0474213
0.0501339
0.0532851
0.0568545
0.0608164
0.065139
0.069785
0.0747108
0.0798671
0.0851993
0.0906474
0.0961469
0.10163
0.107025
0.112259
0.11726
0.121954
0.126271
0.130144
0.133511
0.136315
0.13851
0.140054
0.140918
0.141082
0.140537
0.139287
0.137344
0.134732
0.131486
0.12765
0.123277
0.118425
0.11316
0.107551
0.101671
0.0955915
0.0893865
0.0831261
0.0768779
0.0707048
0.0646642
0.0588073
0.0531785
0.0478151
0.0427469
0.0379966
0.03358
0.0295062
0.0257785
0.022395
0.0193495
0.0166321
0.0142305
0.0121307
0.0103182
0.00877878
0.00749951
0.00646979
0.0056821
0.00513284
0.00482302
0.00475887
0.00495222
0.0054207
0.0061877
0.00728191
0.00873657
0.0105882
0.0128748
0.0156337
0.0188989
0.0226975
0.0270466
0.0319493
0.0373911
0.0433366
0.0497264
0.0564755
0.0634729
0.0705818
0.0776427
0.084478
0.0908976
0.096707
0.101716
0.10575
0.108655
0.110314
0.110648
0.109624
0.107259
0.103622
0.098824
0.0930208
0.0863991
0.0791686
0.07155
0.0637638
0.0560194
0.0485052
0.0413816
0.0347753
0.0287775
0.0234433
0.0187945
0.0148232
0.0114975
0.00876698
0.0065693
0.00483542
0.00349471
0.00247888
0.0017249
0.00117684
0.000786852
0.000515285
0.000330312
0.000207135
0.000126984
7.60504e-05
4.44616e-05
2.53543e-05
1.40905e-05
7.62443e-06
4.01298e-06
2.0523e-06
1.01866e-06
4.90103e-07
2.28262e-07
1.02761e-07
4.46455e-08
1.8686e-08
7.51986e-09
2.90359e-09
1.07318e-09
3.78691e-10
1.27204e-10
4.05405e-11
1.22132e-11
3.4631e-12
9.19741e-13
2.27481e-13
5.20445e-14
1.09259e-14
2.08423e-15
3.56913e-16
5.40266e-17
7.08392e-18
7.8251e-19
6.9939e-20
4.74538e-21
2.18643e-22
6.36376e-24
1.72256e-24
