0.0835992
0.0831942
0.0828838
0.0826659
0.0825376
0.0824948
0.0825324
0.0826449
0.0828262
0.0830699
0.0833697
0.0837193
0.0841128
0.0845447
0.0850101
0.0855044
0.0860235
0.0865636
0.0871212
0.0876928
0.0882752
0.0888651
0.089459
0.0900538
0.0906461
0.0912326
0.0918105
0.0923768
0.0929292
0.0934657
0.0939846
0.094485
0.0949662
0.0954285
0.0958721
0.0962983
0.0967084
0.0971042
0.097488
0.0978621
0.0982291
0.0985917
0.0989527
0.0993148
0.0996808
0.100053
0.100434
0.100826
0.101231
0.10165
0.102084
0.102535
0.103002
0.103486
0.103987
0.104503
0.105035
0.105581
0.10614
0.10671
0.10729
0.107879
0.108473
0.109073
0.109677
0.110283
0.110889
0.111495
0.112099
0.1127
0.113298
0.113891
0.114479
0.115061
0.115637
0.116205
0.116766
0.11732
0.117865
0.118402
0.118931
0.119452
0.119966
0.120472
0.120971
0.121464
0.121952
0.122435
0.122914
0.123391
0.123865
0.124337
0.124809
0.12528
0.125751
0.126221
0.12669
0.127158
0.127622
0.128083
0.128538
0.128986
0.129423
0.129848
0.130257
0.130649
0.13102
0.131367
0.131688
0.131979
0.132238
0.132463
0.132651
0.1328
0.132909
0.132975
0.132997
0.132975
0.132908
0.132796
0.132639
0.132437
0.132192
0.131904
0.131575
0.131208
0.130805
0.130367
0.129899
0.129404
0.128885
0.128345
0.12779
0.127221
0.126645
0.126064
0.125482
0.124904
0.124332
0.123771
0.123223
0.12269
0.122176
0.121683
0.121211
0.120762
0.120338
0.119938
0.119562
0.119211
0.118883
0.118578
0.118295
0.118032
0.117788
0.117563
0.117353
0.117158
0.116977
0.116809
0.116651
0.116504
0.116366
0.116237
0.116117
0.116005
0.1159
0.115805
0.115717
0.115639
0.115569
0.115509
0.115459
0.115419
0.115389
0.11537
0.115362
0.115363
0.115375
0.115397
0.115428
0.115468
0.115515
0.115569
0.115628
0.115692
0.115759
0.115829
0.115898
0.115967
0.116034
0.116098
0.116157
0.116211
0.116258
0.116297
0.116328
0.11635
0.116362
0.116364
0.116356
0.116338
0.116311
0.116274
0.11623
0.116179
0.116123
0.116064
0.116005
0.115947
0.115894
0.11585
0.115816
0.115798
0.115797
0.115819
0.115866
0.115941
0.116048
0.116189
0.116366
0.116581
0.116836
0.11713
0.117465
0.11784
0.118253
0.118705
0.119192
0.119714
0.120268
0.120852
0.121463
0.122098
0.122755
0.12343
0.124121
0.124825
0.12554
0.126262
0.126989
0.127718
0.128447
0.129172
0.129893
0.130607
0.131312
0.132006
0.132689
0.133358
0.134014
0.134655
0.135282
0.135895
0.136493
0.137077
0.137646
0.138201
0.138742
0.139267
0.139777
0.140269
0.140742
0.141194
0.141621
0.142022
0.142392
0.142729
0.143029
0.143288
0.143505
0.143675
0.143798
0.143871
0.143892
0.143861
0.143778
0.143641
0.143451
0.143209
0.142915
0.142569
0.142174
0.141728
0.141235
0.140694
0.140107
0.139477
0.138804
0.138092
0.137343
0.136561
0.13575
0.134914
0.134058
0.133188
0.132309
0.131427
0.130548
0.143293
