0.0935184
0.0939667
0.0945438
0.0952531
0.096095
0.0970662
0.0981607
0.0993695
0.100682
0.102087
0.103573
0.105131
0.106751
0.108428
0.110159
0.111943
0.113784
0.115686
0.117655
0.119697
0.121821
0.124033
0.126337
0.128737
0.131234
0.133826
0.13651
0.139278
0.142121
0.145027
0.147983
0.150974
0.153983
0.156994
0.159989
0.16295
0.165859
0.168698
0.171449
0.174096
0.176619
0.179003
0.181228
0.183279
0.185137
0.186786
0.188209
0.189392
0.19032
0.190982
0.191367
0.19147
0.191286
0.190815
0.19006
0.189029
0.187733
0.186185
0.184404
0.182409
0.180222
0.177868
0.175373
0.172761
0.170059
0.167294
0.16449
0.161671
0.158862
0.156083
0.153355
0.150696
0.148122
0.145649
0.143289
0.141054
0.138951
0.136988
0.13517
0.1335
0.131979
0.130605
0.129377
0.128288
0.127334
0.126506
0.125795
0.125191
0.124683
0.124259
0.123906
0.123612
0.123365
0.123152
0.12296
0.12278
0.122599
0.12241
0.122203
0.121971
0.121709
0.121412
0.121077
0.120702
0.120286
0.11983
0.119335
0.118804
0.118242
0.117651
0.117038
0.116407
0.115765
0.115119
0.114474
0.113837
0.113216
0.112617
0.112045
0.111508
0.111011
0.110559
0.110158
0.109812
0.109524
0.109298
0.109136
0.10904
0.109009
0.109044
0.109144
0.109306
0.109527
0.109804
0.110132
0.110506
0.110921
0.11137
0.111847
0.112346
0.112862
0.113389
0.113923
0.114459
0.114994
0.115527
0.116057
0.116585
0.117111
0.117638
0.118171
0.118714
0.119271
0.11985
0.120456
0.121095
0.121772
0.122493
0.123263
0.124084
0.124958
0.125888
0.126871
0.127906
0.128989
0.130115
0.131276
0.132464
0.13367
0.134883
0.136091
0.137281
0.13844
0.139555
0.140612
0.141598
0.1425
0.143305
0.144002
0.144581
0.145033
0.14535
0.145527
0.145559
0.145445
0.145185
0.144779
0.144233
0.143551
0.142741
0.141811
0.14077
0.13963
0.138402
0.137097
0.135726
0.1343
0.13283
0.131326
0.129796
0.128249
0.126689
0.125124
0.123556
0.121989
0.120424
0.118864
0.117308
0.115757
0.114209
0.112665
0.111124
0.109585
0.108046
0.106508
0.104969
0.10343
0.10189
0.100349
0.0988074
0.0972662
0.0957263
0.094189
0.0926565
0.0911312
0.0896167
0.0881169
0.0866367
0.0851817
0.0837584
0.0823738
0.0810355
0.0797515
0.0785299
0.0773787
0.0763055
0.0753174
0.0744204
0.0736194
0.0729181
0.0723184
0.0718209
0.0714244
0.0711261
0.0709217
0.0708055
0.0707707
0.0708096
0.070914
0.0710751
0.0712842
0.0715329
0.0718131
0.0721175
0.0724396
0.072774
0.0731161
0.0734626
0.073811
0.0741602
0.0745094
0.074859
0.0752098
0.075563
0.0759203
0.0762832
0.0766535
0.0770328
0.0774227
0.0778244
0.0782391
0.0786677
0.0791112
0.0795703
0.0800458
0.0805385
0.0810493
0.081579
0.0821288
0.0826996
0.0832921
0.0839072
0.084545
0.0852055
0.0858881
0.0865915
0.0873137
0.0880524
0.0888044
0.089566
0.0903329
0.0911003
0.0918631
0.0926153
0.0933502
0.09406
0.0947361
0.0953683
0.0959453
0.10671
