0.105762
0.105694
0.105434
0.104987
0.104372
0.103612
0.102736
0.101775
0.100755
0.0997002
0.098629
0.0975542
0.0964836
0.0954211
0.0943681
0.0933252
0.0922933
0.0912746
0.0902736
0.0892969
0.0883535
0.087454
0.0866104
0.0858346
0.0851386
0.0845329
0.0840261
0.0836248
0.0833328
0.0831509
0.0830774
0.0831074
0.0832336
0.0834462
0.0837334
0.0840818
0.0844765
0.0849021
0.0853427
0.0857827
0.0862068
0.0866012
0.0869531
0.0872518
0.0874887
0.0876574
0.0877541
0.0877774
0.0877285
0.0876109
0.0874306
0.0871952
0.0869142
0.0865984
0.0862599
0.0859113
0.0855657
0.0852366
0.0849373
0.0846809
0.0844805
0.0843485
0.0842972
0.0843385
0.0844841
0.0847454
0.0851339
0.0856608
0.0863374
0.0871752
0.0881851
0.0893784
0.0907654
0.0923561
0.0941594
0.0961828
0.0984319
0.10091
0.103618
0.106552
0.109708
0.113073
0.116634
0.120372
0.124264
0.128282
0.132395
0.136568
0.140762
0.14494
0.149058
0.153075
0.156951
0.160646
0.164121
0.167344
0.170284
0.172916
0.175218
0.177178
0.178784
0.180035
0.180932
0.181483
0.181701
0.181601
0.181206
0.180539
0.179625
0.178495
0.177175
0.175697
0.17409
0.172383
0.170602
0.168774
0.166923
0.165069
0.16323
0.161424
0.159661
0.157951
0.156302
0.154717
0.153196
0.151737
0.150337
0.14899
0.147688
0.146422
0.145184
0.143962
0.142748
0.141533
0.140309
0.139069
0.137809
0.136525
0.135217
0.133886
0.132535
0.131169
0.129795
0.128422
0.12706
0.12572
0.124412
0.123149
0.121943
0.120804
0.119743
0.118771
0.117895
0.117122
0.116458
0.115907
0.115471
0.115152
0.114947
0.114854
0.11487
0.11499
0.115206
0.115511
0.115896
0.116354
0.116872
0.117442
0.118052
0.118691
0.11935
0.120017
0.120681
0.121333
0.121963
0.122561
0.123121
0.123634
0.124094
0.124495
0.124832
0.125101
0.125301
0.125428
0.125484
0.125467
0.12538
0.125224
0.125004
0.124722
0.124385
0.123998
0.123567
0.1231
0.122604
0.122087
0.121557
0.121024
0.120497
0.119985
0.119496
0.11904
0.118626
0.118262
0.117955
0.117712
0.11754
0.117444
0.117426
0.117491
0.117637
0.117866
0.118174
0.11856
0.119018
0.119543
0.120127
0.120765
0.121447
0.122165
0.122912
0.123679
0.124457
0.125239
0.126016
0.126782
0.127529
0.128249
0.128934
0.129578
0.130171
0.130708
0.131179
0.131578
0.131899
0.132137
0.132288
0.132352
0.13233
0.132226
0.132047
0.131803
0.131507
0.131171
0.13081
0.130442
0.130079
0.129735
0.129421
0.129145
0.12891
0.128717
0.128561
0.128435
0.128328
0.128225
0.12811
0.127968
0.127781
0.127535
0.127217
0.126814
0.12632
0.12573
0.125042
0.124258
0.123382
0.122419
0.121377
0.120261
0.119078
0.117832
0.116528
0.115166
0.113746
0.112266
0.110725
0.10912
0.107452
0.105721
0.103934
0.102098
0.100227
0.0983385
0.0964531
0.0945952
0.0927908
0.0910664
0.0894478
0.0879585
0.0866187
0.0854437
0.0844438
0.0836235
0.0829819
0.0825124
0.0822039
0.0820413
0.0820063
0.0906609
