0.0772135
0.0760615
0.0750666
0.074212
0.0734779
0.0728425
0.0722828
0.0717759
0.0712997
0.0708342
0.0703618
0.0698686
0.0693442
0.0687824
0.0681805
0.0675398
0.0668645
0.0661613
0.0654389
0.0647071
0.0639761
0.0632561
0.0625564
0.0618854
0.0612497
0.0606546
0.0601037
0.059599
0.0591412
0.0587299
0.058364
0.0580419
0.0577624
0.0575242
0.0573271
0.0571719
0.0570604
0.056996
0.056983
0.0570271
0.0571348
0.0573132
0.0575689
0.0579082
0.058336
0.058855
0.0594654
0.0601642
0.0609445
0.061796
0.0627041
0.063651
0.0646156
0.0655745
0.066503
0.0673762
0.0681705
0.0688642
0.0694396
0.0698835
0.0701881
0.0703521
0.0703803
0.0702841
0.0700807
0.0697928
0.0694471
0.0690732
0.0687026
0.0683665
0.0680951
0.0679158
0.0678519
0.0679223
0.0681401
0.0685128
0.0690421
0.069724
0.0705496
0.0715056
0.0725752
0.0737394
0.0749772
0.0762673
0.0775885
0.0789203
0.0802436
0.081541
0.0827968
0.0839975
0.0851311
0.0861876
0.0871586
0.0880373
0.0888185
0.0894986
0.0900757
0.0905499
0.0909233
0.0912006
0.0913891
0.091499
0.0915435
0.0915391
0.091505
0.0914632
0.0914382
0.0914563
0.091545
0.0917322
0.0920455
0.0925112
0.0931538
0.0939944
0.0950509
0.0963364
0.0978592
0.0996221
0.101622
0.10385
0.106291
0.108923
0.111721
0.114652
0.117679
0.120762
0.123858
0.12692
0.1299
0.132753
0.13543
0.137888
0.140087
0.141989
0.143564
0.144787
0.14564
0.146114
0.146205
0.145921
0.145275
0.144289
0.142993
0.141421
0.139615
0.137619
0.135483
0.133255
0.130988
0.128729
0.126528
0.124428
0.12247
0.120688
0.119112
0.117766
0.116665
0.115821
0.115238
0.114915
0.114845
0.115015
0.115412
0.116015
0.116804
0.117755
0.118845
0.12005
0.121345
0.122708
0.124117
0.125553
0.126997
0.128436
0.129854
0.131241
0.132588
0.133889
0.135139
0.136335
0.137474
0.138557
0.139585
0.140558
0.141478
0.142347
0.143168
0.143941
0.144669
0.145353
0.145994
0.14659
0.147142
0.147649
0.148108
0.148517
0.148873
0.149173
0.149414
0.149592
0.149702
0.149743
0.149709
0.1496
0.149413
0.149146
0.148799
0.148373
0.147869
0.14729
0.146641
0.145926
0.145151
0.144326
0.143458
0.142558
0.141636
0.140705
0.139776
0.138862
0.137977
0.137132
0.136343
0.135619
0.134974
0.134418
0.13396
0.13361
0.133375
0.13326
0.133271
0.133409
0.133677
0.134074
0.1346
0.135253
0.136029
0.136925
0.137935
0.139054
0.140276
0.141594
0.143
0.144486
0.146043
0.14766
0.149325
0.151027
0.152752
0.154487
0.156217
0.157928
0.159608
0.161245
0.162832
0.164361
0.165831
0.167244
0.168603
0.169918
0.171199
0.172456
0.173699
0.174937
0.176173
0.177408
0.178633
0.179837
0.181003
0.182109
0.183131
0.184049
0.184844
0.185505
0.186029
0.186423
0.186705
0.186901
0.187048
0.187183
0.187349
0.187583
0.187916
0.188372
0.18896
0.18968
0.190517
0.191446
0.192431
0.193432
0.194404
0.195303
0.196085
0.196715
0.197158
0.197394
0.197407
0.197193
0.196758
0.219003
