0.0767269
0.07579
0.0749426
0.074188
0.0735211
0.0729308
0.0724026
0.0719221
0.0714765
0.0710563
0.0706566
0.0702766
0.0699195
0.0695916
0.0693016
0.0690588
0.0688727
0.0687518
0.068703
0.0687308
0.0688377
0.069023
0.0692837
0.0696143
0.0700069
0.0704516
0.0709365
0.0714485
0.0719734
0.0724964
0.0730024
0.0734768
0.0739057
0.0742763
0.0745778
0.074801
0.0749396
0.0749895
0.0749495
0.0748212
0.0746089
0.0743193
0.0739613
0.0735461
0.0730858
0.0725942
0.0720851
0.0715731
0.0710723
0.0705961
0.0701574
0.0697678
0.0694379
0.0691766
0.0689921
0.0688909
0.0688785
0.0689597
0.0691382
0.0694172
0.0697997
0.0702881
0.070885
0.0715928
0.0724138
0.0733505
0.074405
0.0755796
0.0768756
0.0782942
0.0798356
0.081499
0.0832824
0.0851827
0.0871953
0.0893146
0.0915335
0.0938442
0.0962381
0.0987065
0.101241
0.103832
0.106474
0.109161
0.111888
0.114653
0.117456
0.1203
0.123187
0.126123
0.129113
0.132165
0.135282
0.138472
0.141734
0.14507
0.148475
0.151942
0.155457
0.159004
0.162559
0.166098
0.169588
0.172997
0.176286
0.179417
0.182352
0.185051
0.187478
0.189599
0.191383
0.192804
0.193842
0.194482
0.194715
0.19454
0.193959
0.192983
0.191628
0.189913
0.187864
0.18551
0.182882
0.180016
0.176946
0.17371
0.170346
0.16689
0.163378
0.159847
0.156328
0.152855
0.149455
0.146156
0.142982
0.139954
0.13709
0.134406
0.131915
0.129625
0.127544
0.125675
0.12402
0.122577
0.121344
0.120314
0.119481
0.118834
0.118365
0.118061
0.11791
0.1179
0.118015
0.118244
0.118572
0.118986
0.119472
0.120019
0.120612
0.121242
0.121898
0.122568
0.123245
0.123919
0.124583
0.125231
0.125856
0.126454
0.127019
0.127548
0.128038
0.128487
0.128891
0.12925
0.129562
0.129827
0.130043
0.13021
0.130329
0.130398
0.13042
0.130394
0.130321
0.130202
0.130039
0.129832
0.129585
0.1293
0.128979
0.128626
0.128244
0.127838
0.127412
0.126973
0.126525
0.126075
0.12563
0.125197
0.124783
0.124396
0.124045
0.123738
0.123482
0.123285
0.123157
0.123103
0.123133
0.123252
0.123466
0.123782
0.124204
0.124735
0.125378
0.126134
0.127004
0.127986
0.129076
0.130271
0.131563
0.132947
0.134411
0.135946
0.137541
0.139182
0.140857
0.142552
0.144254
0.145951
0.147629
0.149277
0.150884
0.15244
0.153937
0.155366
0.156719
0.157987
0.159164
0.160239
0.161205
0.162051
0.162768
0.163344
0.16377
0.164036
0.164135
0.16406
0.163809
0.163382
0.162783
0.162021
0.161107
0.160054
0.158881
0.157604
0.156242
0.154811
0.153327
0.1518
0.150239
0.148646
0.14702
0.145355
0.143642
0.141868
0.14002
0.138084
0.136047
0.133896
0.131623
0.129224
0.126699
0.124051
0.121289
0.118427
0.115481
0.112469
0.10941
0.106325
0.103232
0.100147
0.0970838
0.0940515
0.0910565
0.0881018
0.0851884
0.0823162
0.0794857
0.0766993
0.073963
0.0712872
0.0686875
0.0661848
0.063805
0.0615779
0.0595353
0.05771
0.056133
0.0548319
0.0538294
0.0589264
