0.0954245
0.0973303
0.100599
0.105192
0.111021
0.117947
0.125789
0.13434
0.143381
0.152701
0.162115
0.171482
0.180711
0.189762
0.198645
0.207405
0.216103
0.224804
0.233555
0.242369
0.25122
0.260037
0.268712
0.277102
0.28505
0.292397
0.298998
0.304735
0.309526
0.313333
0.316162
0.318058
0.319099
0.319388
0.319044
0.318188
0.316939
0.315402
0.313669
0.311807
0.309869
0.307882
0.30586
0.303798
0.301682
0.299488
0.297187
0.294749
0.292144
0.289342
0.286321
0.283062
0.279551
0.275782
0.271757
0.267481
0.262968
0.258237
0.253312
0.248221
0.242998
0.237677
0.232296
0.226892
0.221505
0.216171
0.210926
0.205805
0.200839
0.196054
0.191475
0.187122
0.183011
0.179154
0.17556
0.172233
0.169176
0.166387
0.163864
0.161603
0.159596
0.157839
0.156324
0.155046
0.153998
0.153176
0.152576
0.152197
0.152037
0.152097
0.152379
0.152886
0.153621
0.154588
0.155792
0.157236
0.158922
0.160853
0.163028
0.165444
0.168096
0.170974
0.174067
0.177358
0.180828
0.184451
0.188199
0.192039
0.195935
0.199845
0.203725
0.207531
0.211212
0.21472
0.218004
0.221013
0.223699
0.226015
0.227917
0.229366
0.230326
0.230767
0.230665
0.230003
0.228772
0.226968
0.224595
0.221665
0.218197
0.214216
0.209754
0.204847
0.199537
0.193871
0.187897
0.181665
0.175229
0.16864
0.161951
0.155211
0.148469
0.141769
0.135153
0.128659
0.12232
0.116164
0.110216
0.104494
0.0990127
0.0937831
0.0888108
0.0840982
0.0796442
0.0754445
0.0714924
0.067779
0.0642937
0.0610247
0.0579591
0.0550838
0.0523852
0.04985
0.0474651
0.045218
0.0430971
0.0410914
0.0391911
0.0373873
0.0356724
0.0340398
0.0324844
0.0310021
0.0295903
0.0282479
0.0269752
0.0257742
0.0246486
0.023604
0.0226482
0.021791
0.0210448
0.0204245
0.0199476
0.0196343
0.0195074
0.0195921
0.0199158
0.0205074
0.0213965
0.0226129
0.0241845
0.026137
0.0284914
0.0312623
0.0344565
0.0380705
0.0420892
0.0464839
0.0512112
0.0562126
0.0614138
0.066726
0.0720469
0.0772631
0.0822532
0.0868919
0.091054
0.0946199
0.0974799
0.0995397
0.100725
0.100984
0.100292
0.0986526
0.0960971
0.0926844
0.0884978
0.0836424
0.0782396
0.0724222
0.0663288
0.0600974
0.0538608
0.0477411
0.0418461
0.0362659
0.0310717
0.0263144
0.0220257
0.0182186
0.0148901
0.0120236
0.00959138
0.00755809
0.00588317
0.00452359
0.00343606
0.00257878
0.00191279
0.00140287
0.00101802
0.000731654
0.00052152
0.000369381
0.000260626
0.00018379
0.000130058
9.27897e-05
6.70763e-05
4.93609e-05
3.71135e-05
2.85668e-05
2.25077e-05
1.8117e-05
1.48497e-05
1.23472e-05
1.03758e-05
8.78338e-06
7.47064e-06
6.3717e-06
5.44179e-06
4.64938e-06
3.97131e-06
3.38981e-06
2.89073e-06
2.4624e-06
2.09501e-06
1.7802e-06
1.51075e-06
1.2804e-06
1.08375e-06
9.1609e-07
7.73342e-07
6.51972e-07
5.48922e-07
4.61547e-07
3.87565e-07
3.25012e-07
2.72195e-07
2.27661e-07
1.90165e-07
1.58638e-07
1.32169e-07
1.0998e-07
9.1407e-08
7.5886e-08
6.29385e-08
5.21593e-08
4.32067e-08
3.57933e-08
2.96792e-08
2.46658e-08
2.05916e-08
1.7329e-08
1.47843e-08
1.29003e-08
1.16649e-08
1.11314e-08
1.14586e-08
1.47015e-08
