0.0953668
0.0954715
0.095605
0.0957694
0.0959664
0.0961974
0.0964635
0.0967652
0.0971025
0.0974749
0.0978813
0.0983202
0.0987896
0.0992871
0.0998101
0.100356
0.100921
0.101504
0.1021
0.102707
0.103322
0.103943
0.104566
0.105188
0.105808
0.106421
0.107026
0.10762
0.108199
0.108761
0.109304
0.109825
0.110321
0.110792
0.111236
0.111652
0.112038
0.112396
0.112726
0.113029
0.113307
0.11356
0.113792
0.114005
0.114201
0.114384
0.114556
0.11472
0.114877
0.115031
0.115182
0.115334
0.115486
0.11564
0.115795
0.115953
0.116113
0.116275
0.116437
0.116598
0.116758
0.116915
0.117067
0.117213
0.117351
0.117479
0.117595
0.117697
0.117784
0.117854
0.117906
0.117938
0.117949
0.117938
0.117904
0.117848
0.117769
0.117668
0.117545
0.117402
0.11724
0.117061
0.116867
0.116661
0.116446
0.116225
0.116
0.115775
0.115554
0.115339
0.115133
0.11494
0.114762
0.114601
0.11446
0.11434
0.114242
0.114168
0.114118
0.11409
0.114086
0.114104
0.114142
0.114199
0.114273
0.114362
0.114462
0.114571
0.114686
0.114805
0.114925
0.115042
0.115155
0.115261
0.115358
0.115443
0.115517
0.115576
0.115621
0.115652
0.115667
0.115668
0.115655
0.115629
0.115591
0.115544
0.115488
0.115427
0.115363
0.115297
0.115232
0.115172
0.115118
0.115072
0.115038
0.115018
0.115012
0.115023
0.115053
0.115102
0.115172
0.115262
0.115372
0.115503
0.115654
0.115823
0.116009
0.116212
0.116427
0.116655
0.116892
0.117136
0.117385
0.117636
0.117887
0.118135
0.118378
0.118614
0.118841
0.119058
0.119263
0.119456
0.119634
0.119799
0.11995
0.120086
0.120209
0.120319
0.120416
0.120502
0.120579
0.120647
0.120707
0.120762
0.120812
0.12086
0.120905
0.120951
0.120996
0.121043
0.121093
0.121145
0.121201
0.12126
0.121322
0.121388
0.121457
0.121528
0.121601
0.121675
0.121749
0.121823
0.121895
0.121964
0.12203
0.122091
0.122147
0.122196
0.122239
0.122274
0.122302
0.122322
0.122334
0.12234
0.122338
0.122331
0.122319
0.122304
0.122286
0.122268
0.12225
0.122235
0.122223
0.122218
0.122219
0.122228
0.122247
0.122277
0.122318
0.12237
0.122435
0.122511
0.1226
0.1227
0.122811
0.122931
0.123061
0.123197
0.12334
0.123488
0.123637
0.123788
0.123938
0.124085
0.124227
0.124362
0.124489
0.124605
0.124709
0.1248
0.124877
0.124938
0.124984
0.125014
0.125028
0.125028
0.125013
0.124986
0.124948
0.124902
0.12485
0.124795
0.12474
0.124688
0.124642
0.124606
0.124583
0.124576
0.124587
0.12462
0.124677
0.12476
0.12487
0.12501
0.125179
0.125378
0.125608
0.125868
0.126159
0.126478
0.126825
0.127198
0.127596
0.128017
0.128459
0.128919
0.129395
0.129884
0.130385
0.130894
0.131409
0.131927
0.132447
0.132965
0.133481
0.133991
0.134495
0.134992
0.13548
0.135958
0.136426
0.136884
0.137331
0.137766
0.138191
0.138605
0.139007
0.139399
0.13978
0.153834
