0.080431
0.0818051
0.0833685
0.0851131
0.0870254
0.0890867
0.0912743
0.0935621
0.095922
0.098324
0.100738
0.103134
0.105484
0.10776
0.109939
0.112002
0.11393
0.115711
0.117336
0.118799
0.120097
0.121228
0.122191
0.122984
0.123603
0.124042
0.12429
0.124332
0.124149
0.123718
0.123016
0.122017
0.120697
0.119037
0.117024
0.114652
0.111926
0.108862
0.10549
0.101849
0.0979928
0.0939822
0.0898876
0.0857843
0.08175
0.0778617
0.0741926
0.0708091
0.0677685
0.0651165
0.0628862
0.061097
0.0597546
0.0588518
0.0583694
0.058278
0.0585404
0.0591134
0.0599504
0.0610035
0.0622253
0.0635707
0.0649975
0.0664672
0.0679452
0.0694002
0.0708042
0.0721313
0.0733573
0.0744592
0.0754148
0.0762024
0.0768015
0.0771931
0.0773603
0.0772893
0.0769708
0.0764003
0.0755792
0.0745151
0.0732224
0.0717218
0.0700399
0.0682087
0.0662643
0.0642457
0.0621937
0.0601491
0.0581522
0.0562406
0.0544491
0.0528084
0.0513448
0.0500796
0.0490292
0.0482053
0.0476147
0.0472599
0.0471396
0.0472491
0.0475807
0.0481241
0.0488674
0.0497966
0.0508968
0.052152
0.0535458
0.055061
0.0566805
0.0583871
0.0601638
0.0619939
0.0638614
0.0657507
0.0676475
0.0695385
0.0714115
0.0732563
0.0750642
0.0768287
0.0785453
0.0802121
0.0818297
0.0834012
0.0849326
0.0864328
0.087913
0.0893873
0.0908723
0.0923867
0.0939511
0.0955876
0.0973194
0.0991701
0.101163
0.103322
0.105667
0.108217
0.110989
0.113994
0.11724
0.120728
0.124456
0.128411
0.132578
0.13693
0.141435
0.146054
0.150741
0.155443
0.160101
0.164654
0.169036
0.17318
0.17702
0.180492
0.183536
0.186095
0.188123
0.189581
0.190441
0.190685
0.190309
0.18932
0.187737
0.185592
0.182925
0.179788
0.176242
0.172351
0.168186
0.163819
0.159322
0.154768
0.150224
0.145752
0.141408
0.137243
0.133296
0.129601
0.126183
0.123057
0.120232
0.117711
0.115489
0.113556
0.1119
0.110504
0.109349
0.108415
0.107682
0.107131
0.106742
0.106498
0.106382
0.106381
0.106481
0.106673
0.106947
0.107297
0.107717
0.108203
0.108752
0.109361
0.110031
0.110758
0.111543
0.112385
0.113283
0.114237
0.115244
0.116303
0.117413
0.11857
0.119772
0.121014
0.122292
0.123602
0.124938
0.126294
0.127665
0.129044
0.130424
0.131798
0.133161
0.134504
0.135823
0.13711
0.13836
0.139568
0.140729
0.141838
0.142892
0.143889
0.144826
0.145703
0.146518
0.147273
0.147967
0.148603
0.149183
0.14971
0.150187
0.150617
0.151005
0.151353
0.151667
0.151949
0.152205
0.152437
0.15265
0.152848
0.153033
0.153211
0.153386
0.153562
0.153744
0.15394
0.154156
0.154401
0.154686
0.155022
0.155424
0.155906
0.156485
0.157178
0.158002
0.158973
0.160106
0.161413
0.162899
0.164568
0.166412
0.16842
0.170572
0.17284
0.175192
0.177594
0.180006
0.182396
0.184734
0.186998
0.189178
0.191271
0.193288
0.195243
0.197156
0.199042
0.200909
0.202747
0.204532
0.206214
0.207728
0.208989
0.209907
0.210394
0.210378
0.209812
0.208685
0.232948
