0.0523897
0.0519003
0.0514187
0.0509342
0.0504442
0.049953
0.0494706
0.0490109
0.0485905
0.0482261
0.0479341
0.047729
0.0476225
0.0476236
0.0477379
0.0479674
0.0483113
0.0487653
0.0493225
0.0499732
0.0507054
0.0515053
0.0523575
0.0532454
0.054152
0.0550602
0.0559536
0.0568168
0.0576359
0.0583994
0.059098
0.0597253
0.0602777
0.0607545
0.061158
0.0614929
0.061766
0.0619864
0.0621643
0.0623109
0.0624377
0.0625564
0.0626782
0.0628134
0.0629715
0.0631605
0.0633873
0.0636573
0.0639748
0.064343
0.0647639
0.065239
0.0657693
0.0663556
0.0669986
0.067699
0.068458
0.0692771
0.070158
0.0711025
0.0721127
0.0731905
0.0743371
0.0755533
0.0768386
0.0781914
0.0796082
0.0810841
0.0826121
0.0841836
0.0857884
0.0874151
0.0890514
0.0906846
0.0923028
0.093895
0.095452
0.0969675
0.0984381
0.0998647
0.101252
0.102609
0.10395
0.105294
0.10666
0.108076
0.109569
0.111166
0.112899
0.114796
0.116883
0.119185
0.12172
0.124505
0.127548
0.130851
0.134412
0.13822
0.142256
0.146497
0.150913
0.155465
0.160114
0.164812
0.16951
0.174155
0.178692
0.183066
0.187221
0.191103
0.194658
0.197838
0.200596
0.202891
0.204689
0.20596
0.206683
0.206845
0.20644
0.205473
0.203954
0.201905
0.199356
0.196342
0.192909
0.189107
0.184991
0.18062
0.176056
0.171362
0.1666
0.161833
0.157118
0.152511
0.14806
0.14381
0.139799
0.136058
0.132611
0.129477
0.126666
0.124182
0.122025
0.120187
0.118658
0.117422
0.116461
0.115753
0.115276
0.115004
0.114914
0.114978
0.115174
0.115476
0.115861
0.116307
0.116794
0.117302
0.117814
0.118316
0.118794
0.119235
0.119631
0.119974
0.120257
0.120477
0.120631
0.120717
0.120738
0.120696
0.120594
0.120437
0.120232
0.119986
0.119709
0.119409
0.119097
0.118782
0.118477
0.118191
0.117937
0.117724
0.117563
0.117463
0.117433
0.11748
0.117612
0.117832
0.118145
0.118553
0.119055
0.119652
0.12034
0.121115
0.121971
0.122901
0.123898
0.124952
0.126054
0.127193
0.12836
0.129543
0.130733
0.13192
0.133095
0.134252
0.135383
0.136483
0.13755
0.138581
0.139576
0.140536
0.141465
0.142368
0.143249
0.144117
0.144978
0.145841
0.146716
0.147609
0.148528
0.149481
0.150472
0.151504
0.15258
0.153698
0.154855
0.156045
0.157261
0.158492
0.159726
0.16095
0.162148
0.163306
0.164408
0.16544
0.166387
0.167237
0.167976
0.168595
0.169083
0.169431
0.169631
0.169675
0.169555
0.169262
0.168788
0.168127
0.167271
0.166215
0.164956
0.163494
0.161834
0.159984
0.157959
0.155778
0.153467
0.151053
0.148569
0.146051
0.143532
0.141048
0.138628
0.136299
0.134081
0.131988
0.130028
0.128202
0.126502
0.124917
0.123434
0.122033
0.120695
0.119402
0.118137
0.116887
0.115639
0.11439
0.113137
0.111882
0.110631
0.109394
0.108179
0.106998
0.105857
0.104763
0.103716
0.102715
0.10175
0.10081
0.0998793
0.0989416
0.0979802
0.0969814
0.0959363
0.0948427
0.0937063
0.0925413
0.0913698
0.100332
