0.015578
0.0161201
0.0168715
0.0178325
0.0190055
0.0203946
0.0220064
0.02385
0.0259371
0.0282815
0.0308991
0.0338065
0.0370198
0.0405534
0.0444174
0.0486163
0.0531462
0.0579938
0.0631344
0.0685314
0.0741366
0.0798905
0.0857249
0.0915648
0.097332
0.102948
0.108341
0.113442
0.118198
0.122566
0.126519
0.130046
0.133151
0.135853
0.138182
0.140179
0.141889
0.143362
0.144647
0.14579
0.14683
0.147797
0.148711
0.149582
0.150408
0.151177
0.15187
0.15246
0.152918
0.153212
0.153314
0.153198
0.152844
0.152241
0.151382
0.150271
0.148916
0.147331
0.145534
0.143544
0.14138
0.13906
0.136598
0.134007
0.131296
0.128472
0.12554
0.122506
0.119377
0.11616
0.11287
0.109523
0.106141
0.102752
0.0993864
0.0960792
0.0928673
0.0897889
0.0868812
0.0841797
0.0817161
0.0795181
0.0776075
0.0760005
0.0747067
0.0737295
0.0730663
0.0727086
0.0726431
0.0728521
0.0733142
0.0740054
0.0748996
0.0759695
0.0771872
0.0785246
0.0799545
0.0814506
0.0829877
0.0845427
0.0860943
0.0876234
0.0891132
0.0905495
0.0919206
0.0932175
0.0944337
0.0955652
0.0966107
0.0975711
0.0984495
0.0992509
0.099982
0.100651
0.101267
0.101841
0.102381
0.1029
0.103407
0.103912
0.104422
0.104947
0.105491
0.10606
0.106656
0.107281
0.107935
0.108616
0.109323
0.11005
0.110796
0.111554
0.112322
0.113095
0.113871
0.114649
0.115429
0.116213
0.117008
0.117819
0.118655
0.11953
0.120456
0.121449
0.122526
0.123704
0.125001
0.126433
0.128014
0.129757
0.13167
0.133755
0.136012
0.138432
0.141
0.143694
0.146483
0.149331
0.152195
0.155025
0.157767
0.160362
0.162751
0.164873
0.166671
0.16809
0.169082
0.169606
0.16963
0.169134
0.168109
0.166558
0.164497
0.161955
0.158972
0.155598
0.151892
0.14792
0.143752
0.139462
0.135125
0.130811
0.126589
0.122521
0.118664
0.115064
0.11176
0.10878
0.106145
0.103864
0.101939
0.100366
0.0991298
0.0982138
0.0975947
0.0972462
0.0971398
0.0972457
0.0975336
0.0979737
0.0985371
0.0991964
0.0999261
0.100703
0.101506
0.102317
0.103119
0.103898
0.104643
0.105343
0.105993
0.106585
0.107116
0.107583
0.107985
0.108323
0.108599
0.108814
0.108973
0.10908
0.10914
0.10916
0.109146
0.109105
0.109044
0.108971
0.108894
0.108821
0.10876
0.108719
0.108705
0.108727
0.10879
0.108902
0.109069
0.109297
0.109591
0.109956
0.110396
0.110913
0.111512
0.112193
0.112959
0.113811
0.114747
0.115769
0.116874
0.118062
0.119329
0.120674
0.122093
0.123582
0.125137
0.126754
0.128427
0.13015
0.131918
0.133723
0.135559
0.137419
0.139295
0.141178
0.14306
0.144934
0.146791
0.148623
0.150423
0.152185
0.153905
0.155578
0.157204
0.158784
0.16032
0.161819
0.163287
0.164734
0.16617
0.167605
0.169045
0.170497
0.171961
0.17343
0.174892
0.17633
0.177718
0.179029
0.180235
0.181311
0.18224
0.183021
0.183666
0.184207
0.184693
0.185191
0.185773
0.186509
0.187459
0.188657
0.190104
0.216047
