0.0295318
0.0286276
0.028008
0.0276669
0.0275943
0.0277763
0.028196
0.028833
0.0296649
0.0306667
0.0318116
0.0330715
0.0344177
0.0358215
0.0372546
0.0386907
0.0401052
0.0414768
0.0427874
0.0440227
0.0451728
0.0462314
0.0471967
0.0480702
0.0488569
0.0495644
0.0502022
0.0507815
0.051314
0.0518117
0.052286
0.0527477
0.0532063
0.0536696
0.0541444
0.0546357
0.055147
0.055681
0.056239
0.056822
0.0574305
0.0580653
0.0587273
0.0594178
0.0601393
0.0608947
0.0616879
0.0625235
0.0634066
0.0643424
0.0653359
0.0663914
0.0675121
0.0686991
0.0699516
0.0712661
0.0726362
0.0740525
0.0755024
0.0769708
0.0784401
0.0798913
0.0813041
0.0826585
0.0839353
0.0851175
0.0861909
0.0871452
0.0879746
0.0886781
0.0892603
0.0897307
0.0901036
0.0903978
0.0906356
0.0908418
0.0910426
0.0912647
0.0915336
0.0918732
0.0923044
0.0928444
0.0935064
0.094299
0.0952262
0.0962877
0.0974795
0.0987938
0.10022
0.101747
0.10336
0.105046
0.106792
0.108585
0.110415
0.112272
0.114149
0.116042
0.117946
0.119861
0.121787
0.123726
0.12568
0.127652
0.129647
0.131668
0.133719
0.135804
0.137925
0.140084
0.14228
0.144514
0.146781
0.149075
0.15139
0.153714
0.156034
0.158331
0.160587
0.162779
0.164879
0.166861
0.168695
0.170348
0.171791
0.172992
0.173922
0.174554
0.174865
0.174836
0.174452
0.173704
0.172591
0.171116
0.16929
0.167127
0.16465
0.161886
0.158867
0.155629
0.152209
0.148647
0.144984
0.141261
0.137519
0.133795
0.130125
0.126542
0.123076
0.119753
0.116594
0.11362
0.110843
0.108277
0.105929
0.103804
0.101906
0.100236
0.0987914
0.0975708
0.0965705
0.0957857
0.0952113
0.0948417
0.0946706
0.0946918
0.0948984
0.0952838
0.0958405
0.0965613
0.0974382
0.0984632
0.0996276
0.100922
0.102338
0.103865
0.105492
0.107208
0.109003
0.110865
0.112782
0.114742
0.116733
0.118743
0.120761
0.122775
0.124774
0.126748
0.128687
0.130582
0.132424
0.134208
0.135925
0.137571
0.139141
0.140632
0.142041
0.143366
0.144607
0.145764
0.146837
0.147827
0.148736
0.149565
0.150317
0.150994
0.151598
0.15213
0.152592
0.152985
0.153311
0.153569
0.153759
0.153881
0.153935
0.153918
0.153829
0.153667
0.153431
0.153119
0.152732
0.152269
0.151731
0.151122
0.150443
0.149702
0.148903
0.148056
0.14717
0.146257
0.14533
0.144402
0.143488
0.142604
0.141764
0.140984
0.140278
0.139657
0.139134
0.138718
0.138414
0.138228
0.138162
0.138218
0.138395
0.138691
0.139103
0.139629
0.140266
0.141012
0.141863
0.142819
0.143875
0.145026
0.146267
0.147587
0.148975
0.150415
0.151885
0.153364
0.154825
0.156243
0.157591
0.158847
0.15999
0.161008
0.161895
0.162652
0.163291
0.163828
0.164286
0.164692
0.165073
0.165457
0.165867
0.166318
0.166822
0.167379
0.167983
0.16862
0.169268
0.169902
0.170494
0.171017
0.171444
0.171752
0.171923
0.171947
0.171819
0.171542
0.171129
0.170595
0.169965
0.169265
0.168525
0.167773
0.167034
0.166326
0.165659
0.183869
