0.166878
0.165871
0.16546
0.165757
0.166846
0.168776
0.171562
0.175174
0.179545
0.184566
0.190094
0.195964
0.201999
0.208024
0.213883
0.219452
0.224642
0.229411
0.233756
0.237707
0.241319
0.244658
0.24778
0.250731
0.253523
0.256142
0.25854
0.260641
0.26235
0.263565
0.264186
0.264131
0.263339
0.261782
0.259469
0.25644
0.252768
0.248551
0.243908
0.238965
0.233853
0.228698
0.223615
0.218704
0.214049
0.209713
0.205742
0.202163
0.198989
0.196215
0.193827
0.191801
0.190107
0.188707
0.187562
0.18663
0.185869
0.185237
0.184694
0.184203
0.183729
0.183243
0.182719
0.182138
0.181484
0.180748
0.179927
0.179023
0.178044
0.177002
0.175916
0.174805
0.173696
0.172616
0.171593
0.170659
0.169843
0.169177
0.168688
0.168405
0.168353
0.168553
0.169023
0.16978
0.170835
0.172194
0.173861
0.175834
0.178108
0.180674
0.183517
0.18662
0.189961
0.193515
0.197253
0.201142
0.205147
0.209231
0.213352
0.217469
0.221537
0.225511
0.229345
0.232994
0.236412
0.239555
0.242381
0.244848
0.246921
0.248566
0.249753
0.250459
0.250664
0.250355
0.249523
0.248168
0.246295
0.243912
0.241039
0.237696
0.233912
0.229719
0.225154
0.220257
0.215072
0.209643
0.204017
0.19824
0.19236
0.186422
0.180469
0.174543
0.168683
0.162922
0.157293
0.151822
0.146533
0.141444
0.13657
0.131921
0.127504
0.12332
0.119371
0.115651
0.112155
0.108875
0.105799
0.102917
0.100215
0.0976796
0.0952969
0.0930528
0.0909334
0.0889252
0.0870152
0.0851911
0.0834415
0.081756
0.0801249
0.0785397
0.076993
0.0754784
0.0739904
0.0725246
0.0710778
0.0696477
0.0682332
0.0668344
0.0654524
0.0640897
0.0627503
0.0614396
0.0601649
0.0589351
0.0577613
0.0566567
0.0556371
0.0547202
0.0539267
0.0532794
0.0528034
0.0525258
0.0524751
0.0526805
0.0531712
0.0539752
0.0551182
0.0566217
0.0585018
0.0607675
0.0634185
0.0664443
0.069822
0.0735159
0.077476
0.0816384
0.0859255
0.0902473
0.0945029
0.0985835
0.102375
0.105764
0.108638
0.110893
0.112439
0.1132
0.113121
0.11217
0.110339
0.107646
0.104135
0.0998716
0.0949441
0.0894571
0.0835284
0.0772836
0.0708509
0.0643566
0.0579197
0.0516484
0.0456371
0.0399632
0.0346868
0.0298498
0.0254767
0.0215757
0.018141
0.0151546
0.0125894
0.0104115
0.00858269
0.00706273
0.00581124
0.00478929
0.00396051
0.00329189
0.00275423
0.00232228
0.00197471
0.00169382
0.00146521
0.0012774
0.00112135
0.000990059
0.000878184
0.00078168
0.000697513
0.000623413
0.000557682
0.000499038
0.000446499
0.000399301
0.000356833
0.000318593
0.000284158
0.000253161
0.000225279
0.000200224
0.000177735
0.000157572
0.00013952
0.000123378
0.000108964
9.61102e-05
8.4664e-05
7.4485e-05
6.54455e-05
5.7429e-05
5.03296e-05
4.40509e-05
3.85059e-05
3.36155e-05
2.93084e-05
2.55203e-05
2.21933e-05
1.92752e-05
1.67194e-05
1.44841e-05
1.25318e-05
1.0829e-05
9.3462e-06
8.05674e-06
6.93719e-06
5.96673e-06
5.12697e-06
4.40172e-06
3.77673e-06
3.23954e-06
2.77932e-06
2.38672e-06
2.05374e-06
1.77371e-06
1.54127e-06
1.35238e-06
1.20457e-06
1.09727e-06
1.03261e-06
1.01673e-06
1.06229e-06
1.34963e-06
