0
7.513e-31
6.1063e-29
2.46492e-27
6.58894e-26
1.31206e-24
2.07605e-23
2.71884e-22
3.03119e-21
2.93678e-20
2.51182e-19
1.92021e-18
1.3253e-17
8.32672e-17
4.79572e-16
2.54698e-15
1.25373e-14
5.74549e-14
2.46088e-13
9.88556e-13
3.73601e-12
1.33205e-11
4.49195e-11
1.43599e-10
4.36099e-10
1.2606e-09
3.47463e-09
9.14757e-09
2.30382e-08
5.55875e-08
1.28676e-07
2.86147e-07
6.12076e-07
1.2609e-06
2.50458e-06
4.80265e-06
8.90059e-06
1.59607e-05
2.77255e-05
4.67101e-05
7.64122e-05
0.000121524
0.000188128
0.000283857
0.000418002
0.000601578
0.000847349
0.00116984
0.00158539
0.00211228
0.00277092
0.00358429
0.00457834
0.00578266
0.0072311
0.00896244
0.011021
0.0134571
0.0163275
0.0196954
0.0236307
0.0282094
0.0335135
0.0396305
0.0466521
0.0546737
0.0637932
0.0741093
0.0857198
0.09872
0.113201
0.129245
0.146926
0.166306
0.187431
0.210329
0.235006
0.261448
0.289613
0.31943
0.350799
0.383591
0.417642
0.452759
0.488718
0.525263
0.562112
0.59896
0.635479
0.671326
0.706148
0.739584
0.771275
0.800869
0.828026
0.852429
0.873782
0.891826
0.906336
0.917129
0.924069
0.927067
0.926085
0.921138
0.912288
0.89965
0.883384
0.863695
0.840826
0.815056
0.786691
0.756061
0.723512
0.6894
0.654084
0.617921
0.581259
0.544433
0.507758
0.471528
0.43601
0.401443
0.368036
0.335967
0.305381
0.276393
0.249088
0.223521
0.199721
0.177693
0.15742
0.138863
0.121972
0.106677
0.0929023
0.0805607
0.0695605
0.059806
0.0512
0.0436454
0.0370468
0.0313116
0.0263515
0.0220825
0.0184262
0.0153098
0.0126662
0.0104344
0.00855924
0.00699113
0.00568599
0.00460479
0.0037133
0.00298165
0.00238396
0.00189796
0.00150461
0.0011877
0.000933547
0.000730657
0.000569428
0.000441887
0.000341453
0.000262724
0.000201287
0.000153561
0.000116653
8.82383e-05
6.64612e-05
4.98458e-05
3.72253e-05
2.76819e-05
2.04977e-05
1.51134e-05
1.10961e-05
8.112e-06
5.90521e-06
4.28049e-06
3.0896e-06
2.22055e-06
1.58917e-06
1.13248e-06
8.03602e-07
5.6781e-07
3.995e-07
2.79886e-07
1.95253e-07
1.35633e-07
9.38174e-08
6.46181e-08
4.43177e-08
3.02658e-08
2.05816e-08
1.39366e-08
9.39698e-09
6.30916e-09
4.21801e-09
2.80799e-09
1.86139e-09
1.22866e-09
8.07564e-10
5.28538e-10
3.44452e-10
2.23529e-10
1.44442e-10
9.29404e-11
5.95483e-11
3.79916e-11
2.41357e-11
1.52681e-11
9.61752e-12
6.03247e-12
3.76774e-12
2.34326e-12
1.45115e-12
8.94871e-13
5.49492e-13
3.35982e-13
2.04562e-13
1.24019e-13
7.48693e-14
4.50064e-14
2.69401e-14
1.60575e-14
9.53037e-15
5.63244e-15
3.31465e-15
1.94237e-15
1.1334e-15
6.58544e-16
3.81015e-16
2.1951e-16
1.25927e-16
7.1935e-17
4.0918e-17
2.31762e-17
1.30715e-17
7.34112e-18
4.10538e-18
2.28612e-18
1.26765e-18
6.99925e-19
3.84821e-19
2.10679e-19
1.14851e-19
6.23457e-20
3.37e-20
1.81388e-20
9.72164e-21
5.1883e-21
2.75717e-21
1.45901e-21
7.68784e-22
4.03371e-22
2.10746e-22
1.0964e-22
5.67975e-23
2.92984e-23
1.50492e-23
7.69723e-24
3.92021e-24
1.9881e-24
1.00397e-24
5.0484e-25
2.52779e-25
1.26032e-25
6.25714e-26
3.0933e-26
1.52272e-26
7.46402e-27
3.64315e-27
1.77065e-27
8.56924e-28
4.12956e-28
1.9816e-28
9.46852e-29
4.50505e-29
2.13436e-29
1.00691e-29
4.73e-30
2.21251e-30
1.03053e-30
4.77955e-31
2.20732e-31
1.01506e-31
4.64807e-32
2.11935e-32
9.62241e-33
4.35026e-33
1.95838e-33
8.77868e-34
3.91842e-34
1.74159e-34
7.70798e-35
3.39734e-35
1.49204e-35
6.54929e-36
2.9246e-36
1.46988e-36
1.39771e-36
