0.0989944
0.0996508
0.100422
0.101295
0.102258
0.103293
0.104386
0.10552
0.106684
0.107866
0.109061
0.110265
0.11148
0.112709
0.113959
0.115239
0.11656
0.117931
0.119363
0.120866
0.122447
0.124113
0.125868
0.127715
0.129655
0.131687
0.13381
0.136019
0.138312
0.140683
0.143127
0.145638
0.148211
0.150838
0.153513
0.156226
0.158968
0.161727
0.16449
0.16724
0.16996
0.172628
0.175223
0.177719
0.180092
0.182315
0.184361
0.186205
0.187823
0.189194
0.190299
0.191123
0.191654
0.191886
0.191815
0.191442
0.190772
0.189816
0.188584
0.187093
0.185362
0.183411
0.181264
0.178944
0.176477
0.173891
0.171212
0.168468
0.165685
0.162891
0.160109
0.157365
0.154681
0.152076
0.14957
0.147176
0.144909
0.142776
0.140786
0.138942
0.137244
0.135691
0.134278
0.132997
0.131841
0.130798
0.129855
0.129001
0.128222
0.127504
0.126832
0.126195
0.12558
0.124975
0.124371
0.12376
0.123134
0.122487
0.121818
0.121122
0.120401
0.119654
0.118884
0.118094
0.117289
0.116474
0.115655
0.114837
0.114029
0.113235
0.112463
0.11172
0.111012
0.110345
0.109724
0.109155
0.108643
0.108191
0.107804
0.107483
0.107231
0.107049
0.106938
0.106897
0.106926
0.107023
0.107185
0.107409
0.10769
0.108024
0.108405
0.108828
0.109285
0.10977
0.110276
0.110797
0.111326
0.111858
0.112387
0.112908
0.113419
0.113917
0.114402
0.114873
0.115332
0.115783
0.11623
0.116678
0.117133
0.117603
0.118095
0.118616
0.119175
0.119779
0.120434
0.121146
0.121921
0.122759
0.123665
0.124637
0.125673
0.12677
0.127923
0.129123
0.130363
0.131631
0.132917
0.134206
0.135487
0.136744
0.137963
0.139129
0.140228
0.141246
0.142168
0.142983
0.143677
0.144242
0.144667
0.144945
0.145069
0.145036
0.144843
0.144488
0.143974
0.143303
0.142482
0.141516
0.140414
0.139188
0.13785
0.136412
0.134888
0.133294
0.131646
0.129957
0.128244
0.12652
0.1248
0.123094
0.121413
0.119765
0.118159
0.116598
0.115086
0.113623
0.11221
0.110845
0.109524
0.108243
0.106999
0.105784
0.104596
0.103427
0.102274
0.101131
0.0999943
0.0988608
0.0977273
0.0965914
0.0954513
0.0943059
0.0931544
0.0919968
0.0908336
0.0896657
0.0884949
0.0873234
0.0861544
0.0849917
0.08384
0.082705
0.0815931
0.0805113
0.0794677
0.0784704
0.0775283
0.0766499
0.0758438
0.0751178
0.074479
0.0739335
0.0734859
0.0731391
0.0728947
0.072752
0.0727089
0.0727613
0.0729037
0.073129
0.073429
0.0737945
0.0742159
0.0746832
0.0751864
0.0757159
0.0762624
0.0768175
0.077374
0.0779252
0.0784658
0.0789916
0.0794993
0.0799866
0.080452
0.0808949
0.081315
0.0817124
0.0820877
0.0824412
0.0827738
0.0830857
0.0833775
0.0836496
0.0839023
0.0841359
0.0843509
0.084548
0.0847282
0.0848929
0.0850438
0.0851832
0.0853138
0.0854386
0.0855608
0.0856837
0.0858108
0.085945
0.0860894
0.0862463
0.0864178
0.0866056
0.0868109
0.0870345
0.0872771
0.087539
0.0878197
0.0881186
0.0884339
0.0980401
