0.092695
0.0927589
0.0928389
0.0929334
0.093041
0.0931609
0.0932926
0.0934358
0.0935909
0.0937582
0.0939383
0.094132
0.0943399
0.0945626
0.0948005
0.0950538
0.0953227
0.095607
0.0959067
0.0962216
0.0965514
0.0968961
0.0972559
0.0976311
0.098022
0.0984295
0.0988543
0.0992977
0.0997605
0.100244
0.100749
0.101277
0.101827
0.102401
0.102997
0.103615
0.104255
0.104913
0.105588
0.106277
0.106978
0.107685
0.108396
0.109107
0.109814
0.110513
0.1112
0.111871
0.112523
0.113153
0.113757
0.114334
0.11488
0.115395
0.115876
0.116322
0.116733
0.117107
0.117444
0.117744
0.118008
0.118235
0.118427
0.118585
0.11871
0.118803
0.118865
0.1189
0.118908
0.118892
0.118853
0.118793
0.118714
0.118619
0.118508
0.118383
0.118246
0.118097
0.117938
0.117769
0.117591
0.117404
0.117208
0.117002
0.116788
0.116564
0.11633
0.116085
0.11583
0.115565
0.115288
0.115
0.114702
0.114394
0.114077
0.113752
0.11342
0.113084
0.112745
0.112405
0.112067
0.111735
0.11141
0.111097
0.110798
0.110516
0.110255
0.110018
0.109807
0.109625
0.109474
0.109357
0.109275
0.10923
0.109222
0.109251
0.109318
0.109422
0.109562
0.109737
0.109944
0.110182
0.110449
0.11074
0.111054
0.111386
0.111733
0.112092
0.112458
0.112828
0.113197
0.113563
0.113922
0.11427
0.114605
0.114923
0.115221
0.115499
0.115754
0.115985
0.116191
0.116371
0.116525
0.116655
0.11676
0.116841
0.1169
0.11694
0.11696
0.116965
0.116955
0.116934
0.116903
0.116866
0.116823
0.116777
0.116731
0.116685
0.116641
0.116601
0.116565
0.116535
0.116509
0.116488
0.116473
0.116462
0.116455
0.116451
0.116449
0.116448
0.116446
0.116443
0.116437
0.116427
0.116413
0.116393
0.116367
0.116335
0.116297
0.116253
0.116203
0.116149
0.116091
0.116032
0.115971
0.115912
0.115855
0.115804
0.115761
0.115726
0.115704
0.115695
0.115702
0.115727
0.115772
0.115838
0.115927
0.116039
0.116175
0.116337
0.116523
0.116734
0.116969
0.117227
0.117506
0.117805
0.118121
0.118451
0.118794
0.119144
0.1195
0.119858
0.120213
0.120563
0.120904
0.121233
0.121545
0.121839
0.122111
0.12236
0.122583
0.12278
0.122948
0.123089
0.123201
0.123286
0.123345
0.123378
0.123388
0.123378
0.12335
0.123306
0.123252
0.123189
0.123123
0.123056
0.122995
0.122942
0.122903
0.122881
0.122882
0.12291
0.122967
0.123059
0.123189
0.123359
0.123573
0.123831
0.124136
0.124488
0.124888
0.125335
0.125829
0.126369
0.126953
0.127579
0.128244
0.128947
0.129684
0.130453
0.131252
0.132076
0.132924
0.133793
0.13468
0.135582
0.136498
0.137425
0.138361
0.139304
0.140252
0.141203
0.142154
0.143105
0.144054
0.144999
0.145938
0.146869
0.147792
0.148704
0.149604
0.150491
0.151362
0.152217
0.153054
0.153871
0.154666
0.155438
0.156183
0.1569
0.157585
0.158236
0.15885
0.159423
0.15995
0.160429
0.160856
0.161227
0.161538
0.177433
