0.249804
0.248126
0.24598
0.243524
0.240914
0.238295
0.235793
0.233515
0.231542
0.229925
0.228683
0.227799
0.227225
0.226883
0.226673
0.226483
0.226198
0.225714
0.224949
0.223849
0.222394
0.2206
0.218514
0.216207
0.213764
0.21127
0.208802
0.206417
0.204145
0.201989
0.199921
0.197889
0.195824
0.19365
0.191292
0.188685
0.185783
0.182563
0.179028
0.175206
0.17115
0.166928
0.162625
0.158331
0.154139
0.150136
0.146401
0.143003
0.139997
0.137423
0.135307
0.133662
0.13249
0.131782
0.13152
0.13168
0.132232
0.133142
0.134374
0.135891
0.137652
0.13962
0.141755
0.144022
0.146384
0.148809
0.151268
0.153735
0.156189
0.158613
0.160995
0.163329
0.165613
0.167851
0.170052
0.172229
0.174398
0.17658
0.178796
0.181071
0.183428
0.18589
0.188479
0.191215
0.194111
0.19718
0.200426
0.20385
0.207446
0.2112
0.215094
0.219103
0.223196
0.227335
0.231479
0.235582
0.239595
0.243467
0.247144
0.250573
0.253703
0.256483
0.258867
0.26081
0.262276
0.263231
0.26365
0.263513
0.262809
0.261534
0.259692
0.257292
0.254354
0.250903
0.24697
0.242593
0.237813
0.232676
0.227232
0.221531
0.215628
0.209575
0.203424
0.197227
0.191032
0.184886
0.178832
0.172907
0.167148
0.161582
0.156237
0.151131
0.14628
0.141696
0.137385
0.133349
0.129587
0.126095
0.122865
0.119887
0.117148
0.114635
0.112333
0.110225
0.108296
0.106528
0.104905
0.103411
0.102029
0.100746
0.099547
0.0984189
0.09735
0.0963292
0.095347
0.0943947
0.0934648
0.092551
0.0916481
0.0907519
0.0898594
0.0889686
0.0880785
0.0871895
0.0863028
0.0854212
0.0845486
0.0836904
0.0828536
0.0820469
0.0812809
0.0805682
0.0799234
0.0793633
0.0789072
0.0785762
0.0783936
0.0783843
0.0785745
0.0789911
0.0796607
0.080609
0.0818593
0.0834312
0.0853394
0.0875918
0.0901883
0.0931188
0.0963627
0.0998868
0.103645
0.10758
0.111619
0.115679
0.119667
0.123481
0.127016
0.130163
0.132817
0.134878
0.136258
0.13688
0.136689
0.135647
0.13374
0.130978
0.127393
0.123043
0.118002
0.112366
0.10624
0.0997435
0.0929969
0.0861222
0.079237
0.0724504
0.0658601
0.0595492
0.0535855
0.0480196
0.0428859
0.0382028
0.0339744
0.0301924
0.0268383
0.0238854
0.0213018
0.019052
0.0170991
0.0154062
0.0139384
0.0126627
0.0115495
0.0105727
0.00970969
0.00894121
0.00825137
0.00762715
0.00705806
0.00653577
0.00605375
0.00560689
0.00519119
0.00480357
0.00444155
0.00410318
0.00378685
0.00349117
0.00321498
0.0029572
0.00271686
0.00249303
0.00228485
0.00209147
0.00191209
0.00174591
0.0015922
0.0014502
0.00131921
0.00119856
0.00108757
0.000985626
0.000892115
0.000806462
0.000728117
0.000656556
0.000591284
0.000531832
0.000477756
0.000428639
0.000384088
0.000343737
0.000307239
0.000274274
0.000244541
0.000217762
0.000193678
0.000172049
0.000152654
0.000135288
0.000119763
0.000105907
9.35616e-05
8.25836e-05
7.28419e-05
6.42178e-05
5.66049e-05
4.9908e-05
4.40428e-05
3.89361e-05
3.45258e-05
3.07616e-05
2.76064e-05
2.50384e-05
2.3056e-05
2.16846e-05
2.09887e-05
2.1092e-05
2.22094e-05
2.79476e-05
