3.65068e-21
3.1982e-21
3.72826e-21
5.06406e-21
7.33402e-21
1.0878e-20
1.62629e-20
2.43585e-20
3.64661e-20
5.45157e-20
8.13565e-20
1.21182e-19
1.80152e-19
2.6729e-19
3.95791e-19
5.84907e-19
8.62675e-19
1.26983e-18
1.86545e-18
2.73503e-18
4.00204e-18
5.84442e-18
8.51811e-18
1.23905e-17
1.79877e-17
2.60619e-17
3.76861e-17
5.43878e-17
7.8337e-17
1.12611e-16
1.61561e-16
2.31336e-16
3.30596e-16
4.71521e-16
6.71201e-16
9.53575e-16
1.3521e-15
1.91342e-15
2.7025e-15
3.80956e-15
5.35964e-15
7.52575e-15
1.05468e-14
1.47517e-14
2.05931e-14
2.86918e-14
3.98979e-14
5.53732e-14
7.67022e-14
1.06041e-13
1.46319e-13
2.01505e-13
2.7697e-13
3.79961e-13
5.20246e-13
7.10952e-13
9.69695e-13
1.32006e-12
1.79356e-12
2.43223e-12
3.29198e-12
4.4471e-12
5.99602e-12
8.06895e-12
1.08377e-11
1.45288e-11
1.94397e-11
2.59608e-11
3.46034e-11
4.60353e-11
6.11271e-11
8.10121e-11
1.07162e-10
1.41482e-10
1.8644e-10
2.45217e-10
3.21913e-10
4.21796e-10
5.51624e-10
7.20048e-10
9.38118e-10
1.21992e-09
1.58339e-09
2.05127e-09
2.65239e-09
3.42321e-09
4.40973e-09
5.66987e-09
7.27642e-09
9.32064e-09
1.19168e-08
1.52074e-08
1.93704e-08
2.46268e-08
3.12511e-08
3.95831e-08
5.00429e-08
6.31486e-08
7.95381e-08
9.99946e-08
1.25478e-07
1.57164e-07
1.96484e-07
2.45186e-07
3.05393e-07
3.79677e-07
4.71157e-07
5.83595e-07
7.21529e-07
8.90416e-07
1.09681e-06
1.34854e-06
1.655e-06
2.02736e-06
2.47892e-06
3.02549e-06
3.6858e-06
4.48196e-06
5.44012e-06
6.59102e-06
7.97077e-06
9.62174e-06
1.15934e-05
1.39437e-05
1.67398e-05
2.00601e-05
2.39951e-05
2.86498e-05
3.41454e-05
4.06213e-05
4.82378e-05
5.71788e-05
6.76544e-05
7.99047e-05
9.42029e-05
0.00011086
0.000130227
0.000152703
0.000178736
0.000208834
0.000243562
0.000283559
0.000329535
0.000382284
0.000442689
0.000511729
0.000590488
0.000680166
0.000782082
0.000897686
0.00102857
0.00117647
0.00134329
0.0015311
0.00174213
0.00197881
0.00224376
0.00253982
0.00287
0.00323756
0.00364597
0.00409894
0.0046004
0.00515451
0.0057657
0.00643859
0.00717809
0.0079893
0.00887758
0.0098485
0.0109079
0.0120617
0.0133161
0.0146775
0.0161525
0.0177478
0.01947
0.0213263
0.0233235
0.0254688
0.0277691
0.0302316
0.0328633
0.0356711
0.0386618
0.0418422
0.0452186
0.0487974
0.0525845
0.0565855
0.0608057
0.0652499
0.0699225
0.0748273
0.0799676
0.085346
0.0909645
0.0968244
0.102926
0.10927
0.115853
0.122676
0.129734
0.137024
0.144541
0.152279
0.160232
0.168392
0.176751
0.185299
0.194026
0.20292
0.211971
0.221164
0.230488
0.239927
0.249467
0.259094
0.26879
0.278542
0.288331
0.298141
0.307954
0.317754
0.327521
0.337237
0.346883
0.356439
0.365885
0.375199
0.384361
0.393347
0.402134
0.410701
0.419022
0.427074
0.434833
0.442277
0.449384
0.456133
0.462505
0.468485
0.474059
0.479218
0.483954
0.488267
0.492158
0.49563
0.498693
0.501356
0.503629
0.505522
0.507043
0.508196
0.508977
0.509375
0.50937
0.508931
0.508013
0.506563
0.504518
0.501807
0.498356
0.494096
0.488966
0.482922
0.475951
0.468072
0.45935
0.4499
0.439887
0.429527
0.419076
0.408811
0.399004
0.389893
0.381639
0.37429
0.367743
0.361725
0.355785
0.349315
0.341598
0.331883
0.319481
0.303869
0.284792
0.262331
0.236938
0.209413
0.18083
0.15241
0.12538
0.100818
0.0795323
0.0619872
0.0482872
0.0382203
0.0313445
0.0303571
