0.340827
0.343216
0.347041
0.352077
0.357979
0.364327
0.37069
0.376675
0.381968
0.386358
0.38974
0.39211
0.393543
0.394166
0.394135
0.393603
0.392706
0.391553
0.390214
0.388724
0.387088
0.385286
0.383282
0.381033
0.378495
0.375628
0.3724
0.368788
0.364781
0.360378
0.355586
0.350419
0.3449
0.339053
0.332907
0.326492
0.319841
0.312984
0.305953
0.298781
0.291498
0.284134
0.276719
0.269284
0.261858
0.254469
0.247147
0.23992
0.232815
0.225861
0.219084
0.212512
0.206168
0.200079
0.194266
0.188751
0.183554
0.178694
0.174185
0.170042
0.166275
0.162893
0.159902
0.157304
0.1551
0.153286
0.151855
0.150799
0.150105
0.149757
0.149737
0.150023
0.150591
0.151413
0.152462
0.153705
0.155109
0.156639
0.158258
0.159931
0.161619
0.163284
0.164888
0.166396
0.16777
0.168977
0.169984
0.17076
0.171278
0.171513
0.171443
0.17105
0.17032
0.169241
0.167806
0.166014
0.163863
0.16136
0.158513
0.155335
0.151839
0.148047
0.143979
0.139659
0.135114
0.130373
0.125465
0.120421
0.115274
0.110055
0.104798
0.0995349
0.0942972
0.0891164
0.0840229
0.0790461
0.0742141
0.0695537
0.0650905
0.0608487
0.056851
0.0531189
0.0496725
0.0465308
0.0437115
0.0412312
0.0391052
0.037348
0.0359728
0.0349915
0.0344149
0.0342522
0.034511
0.0351972
0.0363142
0.0378632
0.0398421
0.042246
0.045066
0.0482892
0.0518984
0.0558714
0.060181
0.064795
0.0696754
0.0747793
0.0800583
0.0854593
0.0909247
0.096393
0.1018
0.107078
0.112161
0.116979
0.121467
0.125559
0.129195
0.13232
0.134884
0.136846
0.13817
0.138833
0.13882
0.138126
0.136757
0.134727
0.132064
0.128801
0.124982
0.120659
0.115887
0.110731
0.105254
0.0995267
0.0936166
0.0875924
0.0815204
0.0754637
0.0694814
0.0636271
0.0579489
0.0524884
0.0472805
0.0423532
0.037728
0.0334196
0.0294368
0.0257827
0.0224551
0.0194478
0.0167508
0.0143512
0.0122344
0.0103842
0.00878407
0.00741792
0.0062706
0.00532882
0.00458173
0.00402162
0.00364447
0.00345051
0.00344468
0.00363696
0.00404261
0.0046822
0.00558141
0.00677057
0.00828385
0.0101581
0.0124311
0.0151397
0.0183174
0.0219911
0.0261782
0.0308837
0.0360959
0.0417845
0.0478972
0.0543585
0.0610688
0.0679053
0.0747238
0.0813625
0.0876474
0.093399
0.0984398
0.102603
0.105741
0.107735
0.1085
0.107991
0.106208
0.103196
0.0990432
0.0938781
0.0878609
0.0811769
0.0740261
0.0666131
0.0591372
0.051783
0.0447133
0.0380628
0.0319351
0.0264011
0.0215002
0.0172426
0.0136135
0.0105782
0.00808684
0.00608031
0.00449464
0.00326529
0.00233042
0.00163325
0.00112353
0.000758289
0.000501867
0.000325556
0.000206877
0.000128706
7.83469e-05
4.66341e-05
2.71237e-05
1.54043e-05
8.53581e-06
4.61107e-06
2.42621e-06
1.24227e-06
6.18328e-07
2.9886e-07
1.40104e-07
6.36227e-08
2.79484e-08
1.18586e-08
4.85217e-09
1.91112e-09
7.23165e-10
2.62332e-10
9.10108e-11
3.01169e-11
9.47803e-12
2.82727e-12
7.96374e-13
2.10911e-13
5.22586e-14
1.20445e-14
2.56473e-15
5.00507e-16
8.86496e-17
1.40877e-17
1.9853e-18
2.48963e-19
3.15294e-20
7.16086e-21
3.9346e-21
3.01691e-21
2.73795e-21
3.55798e-21
