0.0968926
0.0970216
0.0971752
0.0973551
0.0975631
0.0978007
0.0980691
0.0983693
0.0987018
0.0990665
0.0994628
0.0998898
0.100346
0.100829
0.101337
0.101866
0.102415
0.102979
0.103556
0.104143
0.104735
0.105331
0.105928
0.106521
0.107109
0.10769
0.108259
0.108815
0.109356
0.109878
0.11038
0.110859
0.111314
0.111743
0.112144
0.112516
0.112859
0.113173
0.113458
0.113714
0.113944
0.114148
0.11433
0.114491
0.114634
0.114762
0.114878
0.114985
0.115086
0.115183
0.115278
0.115375
0.115474
0.115577
0.115684
0.115796
0.115914
0.116036
0.116162
0.116292
0.116423
0.116555
0.116686
0.116814
0.116937
0.117053
0.117161
0.117258
0.117344
0.117415
0.117471
0.11751
0.117531
0.117533
0.117516
0.117478
0.117421
0.117344
0.117248
0.117134
0.117004
0.116859
0.116701
0.116532
0.116356
0.116174
0.115991
0.115807
0.115628
0.115456
0.115293
0.115142
0.115006
0.114888
0.114788
0.114708
0.11465
0.114614
0.1146
0.114608
0.114637
0.114686
0.114754
0.114837
0.114935
0.115044
0.115163
0.115287
0.115414
0.115541
0.115665
0.115783
0.115893
0.115992
0.116078
0.116149
0.116205
0.116243
0.116264
0.116267
0.116253
0.116221
0.116173
0.11611
0.116035
0.115948
0.115853
0.115752
0.115647
0.115541
0.115438
0.115339
0.115249
0.115169
0.115102
0.115051
0.115019
0.115006
0.115015
0.115047
0.115102
0.115182
0.115287
0.115416
0.115568
0.115743
0.115939
0.116154
0.116387
0.116634
0.116895
0.117165
0.117442
0.117723
0.118006
0.118288
0.118567
0.11884
0.119104
0.119359
0.119603
0.119834
0.120052
0.120256
0.120446
0.120621
0.120782
0.12093
0.121066
0.12119
0.121303
0.121407
0.121503
0.121593
0.121677
0.121757
0.121834
0.121909
0.121983
0.122057
0.122132
0.122206
0.122282
0.122359
0.122437
0.122515
0.122593
0.12267
0.122746
0.12282
0.122889
0.122955
0.123014
0.123067
0.123112
0.123149
0.123176
0.123192
0.123198
0.123192
0.123175
0.123148
0.123109
0.123061
0.123004
0.12294
0.122869
0.122794
0.122716
0.122637
0.12256
0.122486
0.122418
0.122357
0.122305
0.122264
0.122236
0.122222
0.122223
0.12224
0.122274
0.122324
0.122391
0.122474
0.122573
0.122687
0.122815
0.122955
0.123106
0.123266
0.123432
0.123602
0.123773
0.123944
0.124112
0.124273
0.124426
0.124568
0.124696
0.124809
0.124904
0.124981
0.125039
0.125076
0.125093
0.12509
0.125067
0.125027
0.12497
0.124899
0.124816
0.124724
0.124625
0.124524
0.124423
0.124325
0.124235
0.124154
0.124087
0.124035
0.124001
0.123989
0.123999
0.124034
0.124095
0.124183
0.124298
0.124441
0.124613
0.124812
0.125038
0.12529
0.125568
0.125869
0.126191
0.126534
0.126895
0.127272
0.127662
0.128063
0.128473
0.12889
0.129311
0.129735
0.13016
0.130584
0.131007
0.131426
0.131841
0.132252
0.132658
0.133058
0.133454
0.133845
0.134231
0.134612
0.134991
0.135366
0.135739
0.149428
