0.17926
0.178685
0.177544
0.175854
0.173639
0.170934
0.167776
0.164208
0.160276
0.156031
0.151519
0.14679
0.141891
0.136865
0.131755
0.126599
0.121431
0.116285
0.111187
0.106164
0.101238
0.0964293
0.0917561
0.0872354
0.0828827
0.0787127
0.0747396
0.070977
0.0674381
0.0641357
0.0610817
0.0582867
0.0557596
0.0535069
0.0515316
0.049833
0.0484053
0.047238
0.0463144
0.0456127
0.0451052
0.0447596
0.0445399
0.0444075
0.0443229
0.0442473
0.0441446
0.0439833
0.0437377
0.0433898
0.0429297
0.0423567
0.0416788
0.0409127
0.0400827
0.0392193
0.0383577
0.0375358
0.036792
0.0361636
0.0356847
0.0353846
0.0352863
0.0354059
0.0357521
0.0363256
0.0371203
0.0381234
0.0393165
0.0406772
0.0421797
0.0437968
0.0455006
0.0472637
0.0490599
0.0508648
0.052656
0.054413
0.0561174
0.057752
0.059301
0.0607491
0.0620819
0.0632851
0.0643446
0.0652472
0.0659803
0.0665327
0.0668948
0.0670599
0.0670239
0.0667863
0.0663502
0.065723
0.0649158
0.0639435
0.0628245
0.0615801
0.0602336
0.0588103
0.0573362
0.0558375
0.05434
0.0528686
0.0514469
0.050097
0.0488391
0.0476917
0.0466717
0.0457946
0.0450747
0.0445252
0.044159
0.0439886
0.0440263
0.0442847
0.0447766
0.0455151
0.0465134
0.0477852
0.0493435
0.0512011
0.0533697
0.0558598
0.0586795
0.0618346
0.0653276
0.0691571
0.0733171
0.0777967
0.0825796
0.0876434
0.0929598
0.0984941
0.104206
0.110048
0.115969
0.121913
0.127818
0.133623
0.139263
0.144673
0.149791
0.154557
0.158915
0.162817
0.16622
0.169091
0.171406
0.173151
0.174323
0.17493
0.17499
0.174531
0.173589
0.17221
0.170446
0.168353
0.165991
0.163421
0.160706
0.157906
0.155077
0.152273
0.149541
0.146923
0.144451
0.142155
0.140054
0.13816
0.136481
0.135018
0.133764
0.132711
0.131847
0.131154
0.130617
0.130215
0.12993
0.129743
0.129637
0.129595
0.129602
0.129646
0.129716
0.129804
0.129903
0.13001
0.130123
0.13024
0.130363
0.130495
0.130638
0.130798
0.130979
0.131187
0.131426
0.131703
0.132021
0.132387
0.132805
0.133277
0.133808
0.134399
0.135054
0.135771
0.136553
0.137398
0.138306
0.139274
0.1403
0.141382
0.142515
0.143697
0.144921
0.146184
0.14748
0.148804
0.150148
0.151508
0.152875
0.154245
0.155608
0.156959
0.158291
0.159596
0.160868
0.1621
0.163285
0.164419
0.165496
0.166512
0.167463
0.168347
0.169162
0.169907
0.170585
0.171197
0.171746
0.172237
0.172677
0.173072
0.173431
0.173764
0.174081
0.174392
0.174711
0.175048
0.175416
0.175826
0.176289
0.176815
0.177412
0.178086
0.178838
0.17967
0.180576
0.181549
0.182575
0.183637
0.184715
0.185784
0.186816
0.187786
0.188665
0.18943
0.19006
0.190542
0.190869
0.191041
0.191066
0.19096
0.190743
0.190435
0.190059
0.189633
0.189167
0.188663
0.188116
0.187508
0.186817
0.186015
0.185076
0.183978
0.182709
0.181273
0.17969
0.177996
0.176245
0.174503
0.17284
0.171329
0.170035
0.169009
0.168285
0.167876
0.167772
0.167946
0.168351
0.189078
