0
1.15102e-40
1.26437e-38
6.90962e-37
2.5047e-35
6.77519e-34
1.45872e-32
2.60393e-31
3.96387e-30
5.25278e-29
6.15561e-28
6.4588e-27
6.129e-26
5.30372e-25
4.2145e-24
3.09354e-23
2.10826e-22
1.33992e-21
7.97293e-21
4.45695e-20
2.34789e-19
1.16879e-18
5.51185e-18
2.46799e-17
1.0514e-16
4.26969e-16
1.65567e-15
6.14047e-15
2.18132e-14
7.43231e-14
2.43206e-13
7.65223e-13
2.31769e-12
6.76445e-12
1.90438e-11
5.17639e-11
1.35969e-10
3.4543e-10
8.49458e-10
2.02358e-09
4.67326e-09
1.04701e-08
2.27727e-08
4.81177e-08
9.88339e-08
1.97468e-07
3.84018e-07
7.27345e-07
1.34256e-06
2.41656e-06
4.24427e-06
7.27811e-06
1.21932e-05
1.99702e-05
3.1996e-05
5.01821e-05
7.7098e-05
0.000116115
0.000171557
0.000248846
0.000354652
0.000497024
0.000685522
0.000931344
0.00124746
0.00164875
0.00215222
0.00277718
0.00354559
0.0044823
0.00561553
0.00697722
0.00860349
0.0105351
0.0128176
0.0155022
0.0186452
0.0223088
0.0265605
0.0314732
0.0371248
0.0435972
0.0509761
0.0593496
0.0688071
0.079438
0.09133
0.104567
0.119228
0.135384
0.153096
0.172413
0.193368
0.215978
0.24024
0.266129
0.293598
0.322571
0.352949
0.384602
0.417373
0.451079
0.485507
0.520419
0.555555
0.590631
0.625349
0.659394
0.692444
0.724172
0.754253
0.782367
0.808207
0.831484
0.851932
0.869311
0.883418
0.894082
0.901176
0.904614
0.904354
0.900401
0.892803
0.881653
0.867088
0.849283
0.828447
0.804825
0.778687
0.750324
0.720046
0.688172
0.655028
0.620938
0.586224
0.551196
0.516149
0.481362
0.447091
0.41357
0.381004
0.349574
0.319432
0.290701
0.263478
0.237833
0.213811
0.191434
0.170702
0.151596
0.134082
0.118109
0.103617
0.0905331
0.0787803
0.0682749
0.0589302
0.050658
0.0433702
0.0369802
0.0314037
0.0265599
0.0223721
0.0187682
0.015681
0.0130485
0.0108139
0.0089257
0.00733731
0.00600714
0.00489819
0.00397778
0.00321723
0.00259156
0.00207912
0.00166124
0.00132199
0.00104775
0.000827042
0.000650184
0.000509078
0.000396982
0.000308317
0.000238486
0.000183725
0.000140966
0.000107721
8.19834e-05
6.21431e-05
4.69138e-05
3.52735e-05
2.64143e-05
1.97001e-05
1.46333e-05
1.08257e-05
7.9765e-06
5.85343e-06
4.2781e-06
3.11411e-06
2.25766e-06
1.63015e-06
1.1723e-06
8.39637e-07
5.98947e-07
4.25529e-07
3.01101e-07
2.12197e-07
1.4894e-07
1.04118e-07
7.24912e-08
5.02676e-08
3.47165e-08
2.38797e-08
1.63593e-08
1.11621e-08
7.58528e-09
5.13384e-09
3.46066e-09
2.32338e-09
1.55355e-09
1.03461e-09
6.86237e-10
4.53333e-10
2.98267e-10
1.95452e-10
1.27561e-10
8.29173e-11
5.36806e-11
3.46127e-11
2.22279e-11
1.42171e-11
9.05663e-12
5.74605e-12
3.63094e-12
2.28516e-12
1.43238e-12
8.94228e-13
5.56013e-13
3.44324e-13
2.12372e-13
1.30459e-13
7.98176e-14
4.86373e-14
2.95181e-14
1.78424e-14
1.07415e-14
6.44057e-15
3.84619e-15
2.28763e-15
1.35515e-15
7.99529e-16
4.69819e-16
2.74962e-16
1.60274e-16
9.30468e-17
5.38005e-17
3.09827e-17
1.77705e-17
1.01514e-17
5.77565e-18
3.27283e-18
1.84711e-18
1.03827e-18
5.81264e-19
3.24104e-19
1.79988e-19
9.95519e-20
5.48407e-20
3.00887e-20
1.64419e-20
8.94843e-21
4.85053e-21
2.61866e-21
1.40804e-21
7.54047e-22
4.02188e-22
2.13652e-22
1.1304e-22
5.95665e-23
3.12623e-23
1.63413e-23
8.5074e-24
4.41118e-24
2.27803e-24
1.17168e-24
6.00217e-25
3.06233e-25
1.55612e-25
7.87552e-26
3.96974e-26
1.99292e-26
9.96479e-27
4.96249e-27
2.46158e-27
1.21653e-27
5.99698e-28
2.96404e-28
1.50412e-28
8.70109e-29
8.88313e-29
