0.131398
0.131429
0.131401
0.131308
0.131149
0.130928
0.130653
0.130335
0.129988
0.129626
0.129266
0.128921
0.128599
0.128308
0.128047
0.127815
0.127602
0.127399
0.127194
0.126974
0.126729
0.126451
0.126134
0.125777
0.125383
0.124958
0.124509
0.124048
0.123585
0.123132
0.122697
0.122289
0.121915
0.12158
0.121288
0.12104
0.120839
0.120685
0.120581
0.120529
0.120533
0.120597
0.120729
0.120934
0.121222
0.121602
0.122082
0.122672
0.123379
0.124213
0.125179
0.126282
0.127526
0.12891
0.130435
0.132097
0.133891
0.135808
0.137839
0.139971
0.14219
0.144481
0.146826
0.149206
0.1516
0.153988
0.156348
0.158656
0.160891
0.163029
0.165049
0.166929
0.168648
0.170186
0.171525
0.172648
0.173541
0.174193
0.174593
0.174735
0.174615
0.174232
0.17359
0.172696
0.171558
0.170191
0.168611
0.166838
0.164894
0.162805
0.160597
0.158299
0.15594
0.153551
0.151161
0.1488
0.146493
0.144267
0.142145
0.140146
0.138286
0.136579
0.135033
0.133654
0.132442
0.131395
0.130509
0.129774
0.12918
0.128713
0.12836
0.128106
0.127936
0.127835
0.127789
0.127786
0.127814
0.127864
0.127928
0.128001
0.12808
0.128161
0.128244
0.12833
0.12842
0.128515
0.128617
0.128728
0.128847
0.128976
0.129113
0.129256
0.129402
0.129546
0.129682
0.129803
0.129902
0.129971
0.13
0.129979
0.129901
0.129756
0.129535
0.129231
0.128835
0.128342
0.127747
0.127044
0.126231
0.125307
0.12427
0.123122
0.121865
0.120502
0.119039
0.117481
0.115835
0.11411
0.112314
0.110459
0.108556
0.106614
0.104648
0.102668
0.100688
0.0987187
0.0967731
0.0948626
0.0929982
0.0911904
0.0894488
0.0877821
0.0861982
0.0847041
0.0833055
0.0820076
0.0808145
0.0797293
0.0787544
0.0778915
0.0771415
0.0765047
0.0759807
0.0755687
0.0752672
0.0750744
0.0749878
0.0750046
0.0751215
0.0753348
0.0756402
0.0760332
0.0765089
0.077062
0.077687
0.0783779
0.0791288
0.0799335
0.0807856
0.0816789
0.0826067
0.0835626
0.0845399
0.085532
0.0865322
0.0875334
0.0885288
0.0895113
0.0904738
0.0914092
0.0923106
0.0931715
0.0939857
0.0947479
0.0954536
0.0960996
0.0966838
0.0972059
0.0976669
0.0980696
0.0984181
0.0987182
0.0989765
0.0992005
0.099398
0.099577
0.0997449
0.0999081
0.100072
0.100241
0.100416
0.100599
0.100789
0.100981
0.101174
0.101361
0.101539
0.101702
0.101844
0.101964
0.102056
0.102121
0.102157
0.102167
0.102153
0.102118
0.102067
0.102004
0.101936
0.101866
0.101798
0.101737
0.101684
0.101643
0.101614
0.1016
0.1016
0.101616
0.101651
0.101708
0.101791
0.101906
0.102061
0.102263
0.102521
0.102847
0.103248
0.103735
0.104315
0.104993
0.105773
0.106656
0.10764
0.108718
0.109884
0.111126
0.112431
0.113782
0.115163
0.116557
0.117946
0.119312
0.120638
0.12191
0.123114
0.124238
0.125273
0.126212
0.127051
0.127787
0.12842
0.12895
0.12938
0.129715
0.129958
0.130114
0.130188
0.130185
0.130107
0.143134
