0.00841178
0.00769276
0.00726365
0.00706109
0.00703941
0.0071664
0.00741971
0.00778422
0.00824987
0.00881029
0.00946164
0.0102019
0.0110305
0.0119477
0.0129544
0.0140522
0.015243
0.016529
0.0179125
0.0193959
0.0209817
0.0226723
0.02447
0.0263771
0.0283955
0.030527
0.0327731
0.0351348
0.037613
0.040208
0.0429197
0.0457476
0.0486905
0.0517468
0.0549143
0.0581903
0.0615713
0.0650535
0.0686321
0.0723021
0.0760576
0.0798921
0.0837987
0.0877699
0.0917976
0.0958732
0.0999878
0.104132
0.108296
0.11247
0.116644
0.120807
0.124949
0.12906
0.133129
0.137146
0.141101
0.144986
0.14879
0.152506
0.156126
0.159641
0.163047
0.166336
0.169505
0.172549
0.175466
0.178252
0.180909
0.183434
0.18583
0.188099
0.190243
0.192266
0.194173
0.195969
0.19766
0.199253
0.200756
0.202175
0.203519
0.204796
0.206013
0.207178
0.208299
0.209383
0.210437
0.211465
0.212474
0.213468
0.21445
0.215422
0.216384
0.217338
0.218281
0.219211
0.220123
0.221014
0.221876
0.222702
0.223485
0.224214
0.224881
0.225475
0.225984
0.2264
0.226709
0.226903
0.22697
0.226901
0.226688
0.226324
0.225801
0.225116
0.224265
0.223248
0.222065
0.220721
0.219219
0.217568
0.215778
0.21386
0.21183
0.209703
0.207498
0.205235
0.202936
0.200623
0.198321
0.196054
0.193846
0.191722
0.189706
0.187821
0.186088
0.184528
0.183158
0.181993
0.181044
0.18032
0.179826
0.179563
0.179528
0.179713
0.180107
0.180694
0.181455
0.182365
0.183397
0.184522
0.185704
0.186908
0.188097
0.189231
0.19027
0.191175
0.191906
0.192427
0.192702
0.192699
0.192388
0.191745
0.190749
0.189386
0.187646
0.185526
0.183029
0.180163
0.176945
0.173397
0.169546
0.165428
0.161084
0.156558
0.151901
0.147168
0.142418
0.137711
0.13311
0.12868
0.124483
0.120583
0.11704
0.11391
0.111245
0.109092
0.107489
0.106466
0.106044
0.106234
0.107034
0.108432
0.110403
0.112908
0.115897
0.119307
0.123063
0.127082
0.131269
0.135525
0.139742
0.143812
0.147627
0.15108
0.154068
0.156498
0.158286
0.15936
0.159663
0.159154
0.157808
0.155621
0.152603
0.148784
0.144209
0.13894
0.133051
0.126628
0.119764
0.11256
0.105121
0.0975501
0.0899524
0.0824283
0.0750738
0.067979
0.0612275
0.0548963
0.049056
0.0437717
0.0391038
0.0351096
0.0318437
0.0293597
0.0277099
0.0269454
0.0271143
0.0282601
0.0304171
0.0336066
0.0378304
0.0430647
0.0492536
0.056303
0.0640758
0.0723891
0.0810151
0.0896847
0.0980954
0.105924
0.112842
0.118533
0.122716
0.125162
0.125713
0.124297
0.120933
0.115735
0.108905
0.100721
0.0915142
0.0816513
0.0715053
0.0614323
0.0517502
0.042721
0.0345404
0.0273335
0.0211569
0.0160061
0.0118266
0.00852724
0.00599435
0.00410427
0.00273418
0.00177016
0.00111235
0.000677493
0.00039933
0.000227394
0.000124858
6.59647e-05
3.34517e-05
1.62384e-05
7.52193e-06
3.31289e-06
1.38153e-06
5.42812e-07
1.99775e-07
6.83879e-08
2.15885e-08
6.21718e-09
1.61098e-09
3.6877e-10
7.27068e-11
1.18946e-11
1.52072e-12
1.35922e-13
6.43367e-15
2.14571e-18
