0.0636142
0.0629579
0.0624029
0.0619294
0.061517
0.0611481
0.0608093
0.0604927
0.0601958
0.0599215
0.0596766
0.0594707
0.0593151
0.0592211
0.0591995
0.0592591
0.0594066
0.0596458
0.0599779
0.0604011
0.0609108
0.0614996
0.0621579
0.062874
0.0636343
0.0644238
0.0652266
0.0660261
0.066806
0.0675502
0.0682437
0.0688731
0.0694267
0.0698955
0.0702727
0.0705546
0.0707404
0.070832
0.0708341
0.070754
0.070601
0.0703862
0.070122
0.0698217
0.0694988
0.069167
0.0688394
0.0685286
0.0682459
0.0680018
0.0678053
0.0676642
0.0675852
0.0675738
0.0676347
0.0677717
0.0679882
0.0682872
0.0686714
0.0691435
0.0697062
0.0703623
0.0711145
0.0719656
0.0729179
0.0739734
0.0751335
0.0763986
0.0777679
0.0792395
0.0808096
0.0824733
0.0842239
0.0860534
0.0879526
0.0899116
0.0919201
0.093968
0.096046
0.0981462
0.100263
0.102392
0.104535
0.106693
0.108873
0.111084
0.11334
0.115656
0.118049
0.120538
0.123142
0.125879
0.128764
0.131811
0.135029
0.138422
0.141988
0.145719
0.1496
0.15361
0.157721
0.161899
0.166104
0.170292
0.174415
0.178422
0.182262
0.185884
0.189236
0.192271
0.194946
0.197219
0.199057
0.200433
0.201326
0.201722
0.201615
0.201007
0.199908
0.198333
0.196306
0.193857
0.191019
0.187835
0.184348
0.180605
0.176657
0.172554
0.168349
0.164092
0.159834
0.155621
0.151499
0.147508
0.143685
0.140063
0.136668
0.133522
0.130644
0.128044
0.12573
0.123704
0.121964
0.120505
0.119316
0.118385
0.117698
0.117237
0.116983
0.116917
0.117019
0.117266
0.117639
0.118117
0.118679
0.119307
0.119981
0.120685
0.121402
0.122118
0.12282
0.123494
0.124132
0.124723
0.12526
0.125738
0.126153
0.1265
0.12678
0.12699
0.127134
0.127213
0.127231
0.127192
0.127101
0.126966
0.126791
0.126585
0.126355
0.126107
0.12585
0.125591
0.125336
0.125092
0.124865
0.12466
0.12448
0.124331
0.124215
0.124135
0.124091
0.124084
0.124116
0.124184
0.124289
0.12443
0.124604
0.12481
0.125047
0.125314
0.125609
0.12593
0.126279
0.126654
0.127057
0.127488
0.127949
0.128443
0.128973
0.129542
0.130154
0.130814
0.131526
0.132295
0.133125
0.134022
0.134988
0.136026
0.137139
0.138326
0.139588
0.140922
0.142324
0.143788
0.145307
0.146873
0.148475
0.150101
0.15174
0.153379
0.155004
0.156604
0.158166
0.159677
0.161126
0.162501
0.163791
0.164986
0.166074
0.167043
0.167882
0.168578
0.169117
0.169487
0.169674
0.169666
0.169452
0.169024
0.168378
0.167512
0.16643
0.165141
0.163659
0.162001
0.16019
0.15825
0.156208
0.15409
0.151922
0.149725
0.147519
0.145317
0.143128
0.140955
0.138798
0.136649
0.1345
0.132338
0.130152
0.12793
0.12566
0.123336
0.120952
0.118508
0.116009
0.113461
0.110878
0.108273
0.105663
0.103063
0.10049
0.097958
0.095477
0.0930541
0.0906924
0.0883907
0.086145
0.083949
0.0817961
0.0796808
0.0776007
0.0755583
0.0735614
0.0716246
0.0697688
0.0680205
0.0664107
0.0649726
0.0637398
0.0696942
