0.14446
0.142749
0.141028
0.139306
0.13759
0.135889
0.134209
0.132557
0.13094
0.129364
0.127833
0.126353
0.124928
0.123559
0.122251
0.121004
0.11982
0.118699
0.117642
0.116648
0.115716
0.114846
0.114035
0.113281
0.112582
0.111935
0.111336
0.110783
0.110272
0.109798
0.109357
0.108946
0.10856
0.108195
0.107849
0.107518
0.1072
0.106891
0.106592
0.106299
0.106014
0.105735
0.105464
0.1052
0.104946
0.104702
0.10447
0.104253
0.104051
0.103867
0.103703
0.10356
0.10344
0.103344
0.103275
0.103233
0.10322
0.103237
0.103285
0.103365
0.103479
0.103626
0.103808
0.104026
0.10428
0.10457
0.104896
0.105258
0.105656
0.106088
0.106552
0.107047
0.107571
0.108121
0.108694
0.109287
0.109898
0.110521
0.111156
0.111797
0.112443
0.11309
0.113736
0.114379
0.115016
0.115648
0.116271
0.116884
0.117488
0.118081
0.118662
0.11923
0.119785
0.120326
0.120851
0.121359
0.121849
0.122319
0.122768
0.123194
0.123595
0.123969
0.124314
0.124629
0.124912
0.12516
0.125374
0.125552
0.125691
0.125793
0.125855
0.125879
0.125862
0.125807
0.125713
0.125581
0.125413
0.125209
0.124972
0.124703
0.124405
0.124081
0.123734
0.123367
0.122983
0.122586
0.122181
0.121769
0.121357
0.120946
0.120541
0.120146
0.119763
0.119395
0.119046
0.118717
0.11841
0.118128
0.117871
0.117641
0.117437
0.11726
0.117109
0.116984
0.116884
0.116808
0.116753
0.116719
0.116702
0.1167
0.116711
0.116733
0.116761
0.116794
0.116829
0.116863
0.116893
0.116917
0.116932
0.116937
0.11693
0.11691
0.116876
0.116828
0.116765
0.116688
0.116598
0.116495
0.11638
0.116257
0.116126
0.115989
0.115848
0.115706
0.115565
0.115427
0.115293
0.115166
0.115048
0.114941
0.114845
0.114762
0.114695
0.114643
0.114608
0.114591
0.114593
0.114615
0.114656
0.114718
0.114801
0.114906
0.115033
0.115181
0.115351
0.115543
0.115756
0.11599
0.116244
0.116518
0.116811
0.117122
0.11745
0.117795
0.118154
0.118529
0.118917
0.119318
0.119733
0.120161
0.120601
0.121055
0.121523
0.122005
0.122503
0.123017
0.12355
0.124101
0.124671
0.125263
0.125875
0.126509
0.127165
0.127841
0.128536
0.129249
0.129977
0.130718
0.131467
0.13222
0.132974
0.133723
0.134461
0.135184
0.135885
0.136559
0.137201
0.137805
0.138365
0.138878
0.139338
0.139741
0.140083
0.140359
0.140567
0.140703
0.140764
0.140747
0.14065
0.140471
0.140208
0.139861
0.139429
0.138913
0.138313
0.137633
0.136875
0.136043
0.135141
0.134175
0.133151
0.132075
0.130953
0.129792
0.128599
0.127379
0.126139
0.124884
0.123619
0.122348
0.121075
0.119803
0.118536
0.117275
0.116025
0.114787
0.113565
0.112362
0.111181
0.110027
0.108903
0.107814
0.106765
0.105759
0.1048
0.103893
0.103039
0.10224
0.101498
0.100812
0.100182
0.0996066
0.0990847
0.0986144
0.0981945
0.0978237
0.0975016
0.0972282
0.0970042
0.107912
