0.0965851
0.0965879
0.0965808
0.0965646
0.0965399
0.0965077
0.0964688
0.0964236
0.0963727
0.0963164
0.0962549
0.0961884
0.0961174
0.0960426
0.0959648
0.0958856
0.0958066
0.0957303
0.0956596
0.0955977
0.0955483
0.0955154
0.095503
0.0955156
0.095557
0.0956314
0.0957421
0.0958924
0.0960847
0.0963209
0.0966024
0.0969298
0.0973028
0.0977209
0.0981828
0.0986865
0.0992299
0.0998102
0.100425
0.10107
0.101743
0.102439
0.103156
0.10389
0.104635
0.10539
0.106149
0.106909
0.107666
0.108415
0.109152
0.109874
0.110577
0.111258
0.111913
0.112538
0.113133
0.113693
0.114218
0.114706
0.115157
0.115569
0.115944
0.11628
0.11658
0.116844
0.117074
0.117272
0.117438
0.117576
0.117688
0.117775
0.117839
0.117882
0.117906
0.117911
0.117901
0.117874
0.117832
0.117776
0.117704
0.117618
0.117517
0.1174
0.117266
0.117116
0.116947
0.11676
0.116553
0.116327
0.11608
0.115813
0.115526
0.115219
0.114893
0.114549
0.114189
0.113814
0.113426
0.113029
0.112624
0.112215
0.111805
0.111398
0.110998
0.110608
0.110232
0.109876
0.109541
0.109233
0.108956
0.108713
0.108506
0.108341
0.108218
0.10814
0.108108
0.108125
0.10819
0.108302
0.108462
0.108669
0.108918
0.10921
0.109539
0.109903
0.110297
0.110717
0.111158
0.111614
0.112082
0.112555
0.113029
0.113499
0.11396
0.114407
0.114837
0.115245
0.115629
0.115986
0.116314
0.116611
0.116875
0.117107
0.117306
0.117472
0.117607
0.11771
0.117785
0.117831
0.117852
0.11785
0.117827
0.117786
0.117728
0.117658
0.117577
0.117487
0.117391
0.117292
0.11719
0.117089
0.116988
0.11689
0.116795
0.116704
0.116617
0.116533
0.116454
0.116378
0.116304
0.116232
0.116161
0.11609
0.116017
0.115943
0.115865
0.115783
0.115697
0.115607
0.115512
0.115413
0.11531
0.115205
0.115099
0.114993
0.11489
0.114792
0.1147
0.114618
0.114549
0.114493
0.114456
0.114437
0.114441
0.114468
0.114522
0.114601
0.114709
0.114845
0.11501
0.115202
0.115422
0.115668
0.115938
0.11623
0.116543
0.116872
0.117216
0.11757
0.117932
0.118298
0.118663
0.119025
0.11938
0.119724
0.120053
0.120366
0.120659
0.120929
0.121176
0.121397
0.121592
0.121762
0.121905
0.122025
0.122121
0.122198
0.122257
0.122302
0.122337
0.122366
0.122394
0.122425
0.122464
0.122515
0.122583
0.122674
0.12279
0.122937
0.123118
0.123336
0.123594
0.123896
0.124242
0.124636
0.125078
0.125569
0.126109
0.126698
0.127335
0.128019
0.128748
0.129521
0.130333
0.131182
0.132064
0.132975
0.133912
0.134869
0.135842
0.136828
0.137821
0.138818
0.139815
0.140809
0.141797
0.142777
0.143747
0.144705
0.145651
0.146584
0.147503
0.14841
0.149303
0.150184
0.151052
0.151909
0.152752
0.153584
0.154401
0.155205
0.155993
0.156763
0.157512
0.15824
0.158941
0.159614
0.160253
0.160857
0.16142
0.161938
0.162407
0.162823
0.163182
0.16348
0.163712
0.163875
0.163964
0.179825
