0
1.05689e-38
1.10057e-36
5.70012e-35
1.95773e-33
5.01616e-32
1.02272e-30
1.72835e-29
2.49012e-28
3.12227e-27
3.46108e-26
3.43427e-25
3.081e-24
2.5199e-23
1.89203e-22
1.31188e-21
8.44308e-21
5.0661e-20
2.84516e-19
1.50073e-18
7.45755e-18
3.50098e-17
1.55657e-16
6.56919e-16
2.63706e-15
1.00882e-14
3.6842e-14
1.2865e-13
4.3019e-13
1.3794e-12
4.24682e-12
1.2569e-11
3.58011e-11
9.82456e-11
2.60009e-10
6.64259e-10
1.63967e-09
3.91401e-09
9.04263e-09
2.0236e-08
4.3898e-08
9.23811e-08
1.88736e-07
3.74605e-07
7.22838e-07
1.35694e-06
2.47989e-06
4.41527e-06
7.66362e-06
1.29768e-05
2.14521e-05
3.46459e-05
5.47064e-05
8.45204e-05
0.000127869
0.000189584
0.000275703
0.000393605
0.000552147
0.000761774
0.00103464
0.00138474
0.00182805
0.00238272
0.00306935
0.00391129
0.004935
0.00617049
0.00765179
0.00941742
0.0115108
0.0139806
0.0168812
0.0202725
0.0242204
0.0287961
0.0340763
0.0401425
0.04708
0.0549775
0.0639256
0.0740156
0.085338
0.0979808
0.112027
0.127554
0.144628
0.163307
0.183633
0.205631
0.229309
0.254653
0.281625
0.310163
0.340177
0.37155
0.404134
0.437755
0.472209
0.507267
0.542671
0.578144
0.613387
0.648086
0.681917
0.714546
0.745642
0.774874
0.801925
0.826492
0.848293
0.867073
0.882609
0.894715
0.903243
0.90809
0.909197
0.906549
0.900182
0.890174
0.876648
0.859769
0.83974
0.816799
0.791211
0.763268
0.733281
0.701571
0.668469
0.634307
0.599415
0.564112
0.528704
0.493481
0.45871
0.424636
0.391478
0.359425
0.328641
0.299259
0.271384
0.245095
0.220443
0.197457
0.176142
0.156483
0.138447
0.121988
0.107044
0.0935457
0.0814143
0.0705655
0.0609116
0.0523629
0.0448295
0.0382226
0.0324559
0.0274463
0.0231149
0.0193873
0.0161942
0.0134716
0.0111609
0.00920868
0.00756683
0.00619226
0.00504666
0.00409617
0.0033111
0.00266554
0.00213707
0.00170637
0.0013569
0.00107459
0.00084754
0.00066573
0.000520783
0.000405731
0.000314804
0.000243257
0.000187203
0.000143477
0.000109515
8.32507e-05
6.30269e-05
4.75211e-05
3.56838e-05
2.66857e-05
1.98751e-05
1.47423e-05
1.08904e-05
8.01214e-06
5.87052e-06
4.2838e-06
3.1132e-06
2.25325e-06
1.62419e-06
1.16597e-06
8.33618e-07
5.93568e-07
4.2092e-07
2.97272e-07
2.09091e-07
1.46468e-07
1.02182e-07
7.0996e-08
4.91269e-08
3.38557e-08
2.32365e-08
1.58832e-08
1.08126e-08
7.33077e-09
4.9499e-09
3.32867e-09
2.22932e-09
1.48697e-09
9.87776e-10
6.53496e-10
4.30582e-10
2.8255e-10
1.84656e-10
1.20188e-10
7.79085e-11
5.02965e-11
3.23384e-11
2.07075e-11
1.32058e-11
8.38751e-12
5.30552e-12
3.34235e-12
2.09703e-12
1.31035e-12
8.15448e-13
5.054e-13
3.11964e-13
1.91779e-13
1.17416e-13
7.15951e-14
4.34778e-14
2.62955e-14
1.58389e-14
9.50162e-15
5.67675e-15
3.37778e-15
2.00167e-15
1.18136e-15
6.94386e-16
4.0649e-16
2.36989e-16
1.37606e-16
7.95745e-17
4.5829e-17
2.62868e-17
1.50163e-17
8.54316e-18
4.84065e-18
2.7316e-18
1.53519e-18
8.59281e-19
4.79003e-19
2.65932e-19
1.47039e-19
8.09698e-20
4.44062e-20
2.42546e-20
1.31939e-20
7.14795e-21
3.85673e-21
2.07246e-21
1.10913e-21
5.91163e-22
3.13806e-22
1.659e-22
8.7349e-23
4.58035e-23
2.39205e-23
1.24414e-23
6.4446e-24
3.3247e-24
1.7082e-24
8.74081e-25
4.45445e-25
2.26081e-25
1.14278e-25
5.75294e-26
2.88433e-26
1.44022e-26
7.16209e-27
3.54715e-27
1.74963e-27
8.59491e-28
4.205e-28
2.04892e-28
9.94347e-29
4.80733e-29
2.31771e-29
1.11954e-29
5.54151e-30
3.12029e-30
3.14475e-30
