0.137668
0.137668
0.137694
0.137744
0.137817
0.137906
0.138005
0.138104
0.138195
0.138268
0.138316
0.138332
0.138312
0.138254
0.13816
0.138033
0.13788
0.137707
0.137522
0.137332
0.137144
0.136962
0.136788
0.136621
0.136457
0.136292
0.136118
0.135928
0.135715
0.135475
0.135204
0.134902
0.134572
0.134222
0.133862
0.133503
0.133162
0.132854
0.132598
0.13241
0.132309
0.132309
0.132427
0.132675
0.133065
0.133608
0.13431
0.13518
0.13622
0.137435
0.138824
0.140387
0.142119
0.144016
0.146067
0.148262
0.150585
0.153019
0.155543
0.158132
0.16076
0.163398
0.166013
0.168572
0.171042
0.173388
0.175575
0.177569
0.17934
0.180857
0.182095
0.18303
0.183645
0.183925
0.183862
0.183451
0.182695
0.1816
0.180177
0.178443
0.176418
0.174127
0.171596
0.168856
0.16594
0.162879
0.15971
0.156464
0.153176
0.149878
0.146601
0.143372
0.140218
0.137163
0.134227
0.131429
0.128783
0.126301
0.123994
0.121867
0.119926
0.118172
0.116604
0.115221
0.114019
0.112991
0.11213
0.111427
0.110872
0.110455
0.110162
0.109981
0.109899
0.109901
0.109974
0.110104
0.110277
0.110481
0.110704
0.110934
0.111163
0.111383
0.111587
0.111772
0.111935
0.112077
0.112199
0.112304
0.112398
0.112488
0.112581
0.112686
0.11281
0.112963
0.113152
0.113386
0.113669
0.114007
0.114403
0.114857
0.115369
0.115936
0.116552
0.11721
0.117902
0.118617
0.119343
0.120066
0.120773
0.12145
0.12208
0.12265
0.123146
0.123552
0.123858
0.124051
0.124121
0.124059
0.12386
0.123518
0.12303
0.122397
0.121619
0.120702
0.11965
0.118472
0.117178
0.11578
0.114291
0.112726
0.111102
0.109435
0.107742
0.106041
0.10435
0.102686
0.101064
0.0995007
0.0980086
0.0966003
0.0952862
0.0940748
0.0929725
0.0919837
0.0911109
0.0903544
0.0897128
0.0891831
0.0887604
0.0884388
0.0882111
0.0880692
0.0880043
0.0880071
0.0880679
0.088177
0.0883245
0.0885011
0.0886975
0.0889052
0.0891162
0.0893235
0.0895212
0.0897043
0.0898693
0.0900141
0.0901382
0.0902425
0.0903296
0.0904037
0.0904704
0.0905364
0.0906095
0.0906982
0.0908114
0.0909577
0.0911455
0.0913821
0.0916737
0.0920249
0.0924386
0.0929156
0.0934548
0.0940529
0.094705
0.0954044
0.0961431
0.096912
0.0977012
0.0985008
0.0993006
0.100091
0.100862
0.101607
0.102316
0.102984
0.103603
0.10417
0.104679
0.105125
0.105506
0.105817
0.106055
0.106216
0.106299
0.106301
0.10622
0.106057
0.105812
0.105488
0.10509
0.104622
0.104094
0.103516
0.102898
0.102254
0.101598
0.100943
0.100305
0.0996973
0.0991324
0.0986216
0.0981741
0.0977968
0.0974944
0.0972687
0.0971196
0.0970442
0.0970379
0.0970944
0.0972059
0.0973641
0.0975599
0.0977843
0.0980287
0.098285
0.098546
0.0988055
0.0990586
0.0993016
0.0995319
0.0997479
0.0999492
0.100136
0.100309
0.100469
0.100617
0.100755
0.100884
0.101003
0.101114
0.101215
0.101306
0.101385
0.101453
0.101507
0.101547
0.101574
0.101588
0.111788
