0.164108
0.166111
0.168054
0.169921
0.171694
0.173359
0.1749
0.176302
0.177553
0.17864
0.179553
0.180281
0.180818
0.181155
0.181288
0.181213
0.180928
0.180433
0.179729
0.178821
0.177715
0.176417
0.174939
0.173292
0.171491
0.169552
0.167493
0.165333
0.163091
0.16079
0.158449
0.156089
0.15373
0.15139
0.149086
0.146833
0.144644
0.142528
0.140493
0.138546
0.136689
0.134923
0.133248
0.131663
0.130164
0.128748
0.127411
0.126148
0.124957
0.123831
0.122769
0.121766
0.120819
0.119924
0.11908
0.118282
0.117527
0.116813
0.116137
0.115495
0.114884
0.114301
0.113743
0.113206
0.112689
0.112188
0.111701
0.111227
0.110763
0.11031
0.109865
0.109428
0.108998
0.108575
0.108157
0.107744
0.107334
0.106925
0.106516
0.106104
0.105687
0.105262
0.104827
0.104379
0.103915
0.103434
0.102934
0.102414
0.101872
0.101311
0.100729
0.10013
0.0995145
0.098887
0.0982509
0.0976106
0.0969712
0.096338
0.095717
0.0951142
0.094536
0.0939889
0.0934794
0.0930139
0.0925989
0.0922404
0.0919441
0.0917155
0.0915593
0.0914798
0.0914805
0.0915642
0.0917328
0.0919871
0.0923273
0.0927523
0.09326
0.0938473
0.0945102
0.0952435
0.0960415
0.0968972
0.0978034
0.098752
0.0997346
0.100742
0.101767
0.102798
0.103829
0.10485
0.105853
0.106831
0.107778
0.108686
0.109551
0.110369
0.111135
0.111848
0.112506
0.113107
0.113653
0.114143
0.114581
0.114968
0.115308
0.115605
0.115863
0.116088
0.116284
0.116459
0.116617
0.116765
0.116909
0.117055
0.117211
0.11738
0.117569
0.117783
0.118025
0.118299
0.118607
0.118952
0.119332
0.119748
0.120197
0.120677
0.121185
0.121714
0.12226
0.122816
0.123375
0.12393
0.124473
0.124999
0.125498
0.125966
0.126397
0.126785
0.127127
0.127419
0.127661
0.127851
0.127991
0.128081
0.128126
0.128128
0.128092
0.128024
0.127929
0.127813
0.127684
0.127547
0.127409
0.127276
0.127155
0.127051
0.126967
0.12691
0.126881
0.126884
0.126919
0.126987
0.127088
0.127219
0.127378
0.12756
0.127761
0.127975
0.128196
0.128414
0.128624
0.128815
0.12898
0.129109
0.129195
0.129228
0.129203
0.129111
0.128947
0.128707
0.128386
0.127984
0.127499
0.126932
0.126285
0.125561
0.124764
0.1239
0.122975
0.121997
0.120973
0.119911
0.11882
0.117708
0.116584
0.115455
0.114331
0.113217
0.112122
0.111052
0.110013
0.10901
0.108048
0.107131
0.106264
0.105448
0.104687
0.103983
0.103336
0.102747
0.102217
0.101746
0.101331
0.100972
0.100665
0.100409
0.100199
0.100032
0.0999017
0.0998031
0.0997301
0.099676
0.0996335
0.0995952
0.0995535
0.0995006
0.0994292
0.0993326
0.0992046
0.0990404
0.0988365
0.0985909
0.0983033
0.0979755
0.0976107
0.0972139
0.0967913
0.0963499
0.0958975
0.0954417
0.0949896
0.0945476
0.0941206
0.0937125
0.0933256
0.0929611
0.092619
0.092299
0.0920003
0.0917226
0.0914659
0.0912314
0.0910209
0.0908374
0.0906846
0.0905665
0.0904872
0.0904506
0.0904596
0.101393
