0.136327
0.13763
0.13901
0.14047
0.142008
0.143623
0.145311
0.147066
0.14888
0.150742
0.152641
0.154564
0.156497
0.158425
0.160333
0.162206
0.164026
0.16578
0.167451
0.169024
0.170485
0.171819
0.173012
0.174049
0.174918
0.175605
0.176098
0.176385
0.176456
0.176304
0.17592
0.175303
0.174451
0.173366
0.172054
0.170525
0.168791
0.166869
0.164776
0.162536
0.16017
0.157704
0.155162
0.152572
0.149956
0.147341
0.144747
0.142196
0.139706
0.137293
0.134972
0.132754
0.130648
0.12866
0.126797
0.125062
0.123455
0.121977
0.120627
0.119402
0.118298
0.117312
0.116436
0.115665
0.114992
0.114409
0.113907
0.113476
0.113108
0.112793
0.11252
0.112282
0.112068
0.11187
0.11168
0.111493
0.111301
0.111101
0.110889
0.110662
0.110421
0.110163
0.109891
0.109606
0.109309
0.109005
0.108695
0.108383
0.108074
0.10777
0.107474
0.107192
0.106925
0.106676
0.106449
0.106245
0.106067
0.105916
0.105792
0.105696
0.105627
0.105586
0.10557
0.105577
0.105604
0.105648
0.105706
0.105773
0.105845
0.105917
0.105984
0.106042
0.106086
0.106111
0.106115
0.106095
0.106047
0.105971
0.105866
0.105733
0.105573
0.105389
0.105184
0.104963
0.104732
0.104495
0.104261
0.104036
0.103828
0.103643
0.103491
0.103378
0.103311
0.103297
0.103343
0.103452
0.103631
0.103882
0.104208
0.104611
0.105091
0.105648
0.106282
0.106989
0.107766
0.108609
0.109514
0.110474
0.111483
0.112535
0.113621
0.114734
0.115865
0.117007
0.118149
0.119285
0.120405
0.121502
0.122568
0.123596
0.12458
0.125516
0.126398
0.127223
0.127991
0.1287
0.12935
0.129944
0.130484
0.130974
0.131419
0.131824
0.132195
0.132538
0.132859
0.133165
0.133461
0.133753
0.134045
0.13434
0.134643
0.134953
0.135273
0.135601
0.135935
0.136274
0.136613
0.136948
0.137274
0.137585
0.137873
0.138133
0.138357
0.138537
0.138667
0.138739
0.138748
0.138686
0.138548
0.138331
0.138029
0.13764
0.137163
0.136598
0.135945
0.135208
0.13439
0.133497
0.132535
0.131511
0.130435
0.129316
0.128163
0.126988
0.125801
0.124611
0.12343
0.122265
0.121127
0.12002
0.118953
0.117929
0.116951
0.116023
0.115143
0.114312
0.113529
0.112789
0.112089
0.111425
0.110792
0.110185
0.109598
0.109026
0.108464
0.107907
0.10735
0.106789
0.106221
0.105642
0.10505
0.104443
0.103818
0.103176
0.102514
0.101833
0.101133
0.100414
0.0996767
0.0989229
0.0981539
0.0973715
0.0965781
0.095776
0.0949683
0.094158
0.0933485
0.0925434
0.0917464
0.0909611
0.0901913
0.0894407
0.0887125
0.08801
0.087336
0.0866929
0.0860826
0.0855065
0.0849653
0.0844593
0.0839876
0.0835488
0.0831409
0.0827606
0.0824043
0.0820675
0.0817453
0.0814327
0.0811245
0.0808162
0.0805039
0.080185
0.0798586
0.0795254
0.0791884
0.0788524
0.0785241
0.0782117
0.0779241
0.0776706
0.0774598
0.0772991
0.077194
0.0771475
0.0771602
0.0772301
0.077353
0.0775234
0.0777351
0.0874648
