0.0931439
0.0932037
0.0932749
0.093356
0.0934461
0.0935446
0.0936513
0.0937666
0.0938908
0.0940247
0.0941692
0.0943251
0.0944932
0.0946741
0.0948684
0.0950762
0.0952979
0.0955336
0.0957833
0.0960472
0.0963257
0.0966191
0.0969281
0.0972535
0.0975966
0.0979586
0.098341
0.0987453
0.0991731
0.0996259
0.100105
0.100611
0.101145
0.101707
0.102297
0.102913
0.103554
0.104218
0.104903
0.105604
0.10632
0.107045
0.107776
0.108509
0.10924
0.109964
0.110677
0.111375
0.112055
0.112713
0.113346
0.113951
0.114526
0.115068
0.115577
0.116049
0.116484
0.116882
0.117241
0.117562
0.117844
0.118089
0.118296
0.118467
0.118604
0.118707
0.118779
0.118822
0.118837
0.118827
0.118794
0.11874
0.118667
0.118577
0.118472
0.118354
0.118223
0.118082
0.117931
0.11777
0.1176
0.117422
0.117234
0.117037
0.116831
0.116614
0.116387
0.116148
0.115898
0.115635
0.11536
0.115072
0.114772
0.114459
0.114136
0.113802
0.113459
0.11311
0.112756
0.1124
0.112044
0.111691
0.111346
0.11101
0.110687
0.110382
0.110097
0.109835
0.1096
0.109395
0.109223
0.109086
0.108985
0.108922
0.1089
0.108917
0.108974
0.109072
0.109208
0.109383
0.109593
0.109837
0.110113
0.110416
0.110745
0.111094
0.111461
0.111841
0.11223
0.112624
0.113019
0.11341
0.113794
0.114167
0.114526
0.114867
0.115188
0.115486
0.115759
0.116006
0.116225
0.116417
0.116581
0.116717
0.116826
0.11691
0.116969
0.117006
0.117023
0.117022
0.117005
0.116975
0.116935
0.116887
0.116833
0.116776
0.116717
0.11666
0.116605
0.116554
0.116508
0.116467
0.116433
0.116405
0.116383
0.116367
0.116356
0.116349
0.116345
0.116342
0.11634
0.116336
0.116331
0.116322
0.116308
0.116288
0.116262
0.116229
0.116189
0.116142
0.116088
0.116029
0.115965
0.115897
0.115828
0.115759
0.115692
0.11563
0.115574
0.115528
0.115493
0.115473
0.115468
0.115482
0.115517
0.115573
0.115654
0.11576
0.115891
0.116049
0.116234
0.116445
0.116681
0.116942
0.117227
0.117532
0.117856
0.118196
0.118549
0.118911
0.11928
0.119651
0.12002
0.120384
0.120738
0.12108
0.121405
0.12171
0.121993
0.122251
0.122482
0.122684
0.122858
0.123001
0.123115
0.123201
0.123258
0.12329
0.123298
0.123284
0.123253
0.123207
0.123149
0.123085
0.123018
0.122952
0.122892
0.122844
0.12281
0.122796
0.122807
0.122847
0.12292
0.123029
0.123179
0.123371
0.12361
0.123896
0.124231
0.124616
0.125051
0.125536
0.126069
0.12665
0.127276
0.127944
0.128653
0.129399
0.13018
0.130991
0.13183
0.132693
0.133577
0.13448
0.135398
0.136329
0.13727
0.138219
0.139174
0.140133
0.141093
0.142054
0.143014
0.143972
0.144925
0.145872
0.146813
0.147745
0.148668
0.14958
0.150479
0.151365
0.152235
0.153089
0.153924
0.154739
0.155532
0.156301
0.157043
0.157756
0.158437
0.159082
0.159689
0.160254
0.160772
0.16124
0.161653
0.162008
0.162301
0.178242
