0.108073
0.106804
0.105624
0.104535
0.103537
0.10263
0.101813
0.101084
0.100437
0.0998703
0.0993773
0.0989531
0.0985922
0.0982891
0.0980388
0.0978367
0.0976786
0.0975609
0.0974803
0.0974342
0.0974206
0.0974375
0.0974835
0.0975576
0.0976588
0.0977863
0.0979396
0.0981182
0.0983215
0.0985491
0.0988003
0.0990744
0.0993704
0.0996871
0.100023
0.100377
0.100746
0.101128
0.101521
0.101921
0.102326
0.102733
0.103139
0.10354
0.103935
0.104319
0.104692
0.10505
0.105394
0.105721
0.106031
0.106324
0.106601
0.106863
0.107111
0.107346
0.107571
0.107789
0.108002
0.108212
0.108424
0.108639
0.108861
0.109094
0.10934
0.109602
0.109885
0.110189
0.110519
0.110877
0.111264
0.111684
0.112138
0.112628
0.113153
0.113715
0.114312
0.114946
0.115613
0.116311
0.117039
0.117792
0.118567
0.119359
0.120163
0.120973
0.121785
0.122591
0.123387
0.124166
0.124923
0.125653
0.126351
0.127013
0.127634
0.128212
0.128743
0.129226
0.12966
0.130043
0.130376
0.130659
0.130892
0.131078
0.131218
0.131314
0.131369
0.131386
0.131367
0.131315
0.131234
0.131128
0.130998
0.130849
0.130683
0.130503
0.130312
0.130111
0.129902
0.129687
0.129465
0.129239
0.129007
0.128769
0.128524
0.128271
0.128008
0.127735
0.127447
0.127145
0.126825
0.126487
0.126127
0.125746
0.125342
0.124915
0.124465
0.123991
0.123496
0.122981
0.122448
0.121899
0.121339
0.120772
0.1202
0.11963
0.119066
0.118514
0.117978
0.117466
0.116981
0.116531
0.116119
0.11575
0.11543
0.115162
0.114948
0.114793
0.114696
0.114659
0.114682
0.114763
0.114901
0.115092
0.115332
0.115616
0.11594
0.116296
0.116677
0.117077
0.117488
0.117902
0.118312
0.118709
0.119088
0.11944
0.119761
0.120044
0.120286
0.120481
0.120628
0.120725
0.120771
0.120765
0.12071
0.120608
0.12046
0.120272
0.120047
0.119791
0.119509
0.119207
0.118893
0.118573
0.118253
0.11794
0.117642
0.117365
0.117114
0.116896
0.116717
0.11658
0.11649
0.116451
0.116465
0.116534
0.116658
0.116838
0.117073
0.117362
0.117701
0.118087
0.118517
0.118986
0.119488
0.120018
0.120571
0.121139
0.121718
0.122302
0.122885
0.123463
0.12403
0.124585
0.125123
0.125643
0.126145
0.126628
0.127093
0.127542
0.127976
0.128399
0.128814
0.129223
0.129631
0.130041
0.130456
0.130878
0.131309
0.131752
0.132205
0.13267
0.133146
0.133632
0.134124
0.134621
0.135119
0.135613
0.1361
0.136575
0.137031
0.137463
0.137864
0.138229
0.13855
0.138821
0.139034
0.139183
0.13926
0.139259
0.139175
0.139002
0.138736
0.138373
0.137911
0.137349
0.136687
0.135928
0.135075
0.134133
0.133107
0.132006
0.130836
0.129607
0.128328
0.127009
0.125659
0.124287
0.122904
0.121517
0.120135
0.118765
0.117414
0.116089
0.114797
0.113543
0.112335
0.111176
0.110073
0.109031
0.108055
0.107148
0.106315
0.105558
0.104879
0.104279
0.103756
0.103311
0.102939
0.114179
