0.132235
0.132334
0.132401
0.132426
0.132403
0.132328
0.132201
0.132026
0.13181
0.131564
0.1313
0.131033
0.130774
0.130534
0.130321
0.130138
0.129984
0.129854
0.12974
0.12963
0.129512
0.129376
0.129209
0.129004
0.128757
0.128467
0.128135
0.127769
0.127375
0.126964
0.126548
0.126135
0.125737
0.125363
0.125019
0.124713
0.124449
0.124232
0.124065
0.123953
0.123898
0.123907
0.123985
0.124139
0.124377
0.124709
0.125143
0.125689
0.126358
0.127157
0.128097
0.129182
0.130419
0.13181
0.133355
0.135052
0.136896
0.13888
0.140992
0.143219
0.145545
0.14795
0.150414
0.152913
0.155423
0.157916
0.160366
0.162745
0.165025
0.167179
0.169179
0.171001
0.172621
0.174017
0.17517
0.176063
0.176684
0.177022
0.177071
0.176829
0.176297
0.17548
0.174387
0.173031
0.171428
0.169598
0.167563
0.165349
0.162983
0.160494
0.157915
0.155275
0.152607
0.149942
0.147312
0.144744
0.142267
0.139905
0.137679
0.135609
0.133709
0.131991
0.130461
0.129123
0.127977
0.127019
0.126241
0.125633
0.125181
0.12487
0.124684
0.124605
0.124614
0.124693
0.124825
0.124993
0.125183
0.125381
0.125577
0.125761
0.125928
0.126073
0.126194
0.126291
0.126365
0.126419
0.126456
0.12648
0.126495
0.126505
0.126514
0.126525
0.126538
0.126554
0.126574
0.126594
0.126612
0.126622
0.126621
0.126602
0.126556
0.126478
0.126359
0.126192
0.125967
0.125678
0.125317
0.124877
0.124353
0.123739
0.12303
0.122224
0.121317
0.120309
0.1192
0.117991
0.116685
0.115285
0.113797
0.112226
0.110581
0.108869
0.1071
0.105285
0.103435
0.10156
0.0996743
0.0977892
0.0959172
0.0940709
0.0922622
0.090503
0.0888045
0.0871771
0.0856306
0.0841741
0.0828153
0.0815613
0.0804181
0.0793905
0.0784823
0.0776962
0.077034
0.0764961
0.0760822
0.0757908
0.0756195
0.075565
0.0756231
0.0757889
0.0760569
0.0764207
0.0768737
0.0774088
0.0780186
0.0786953
0.0794314
0.080219
0.0810504
0.0819177
0.0828135
0.0837301
0.0846602
0.0855964
0.0865316
0.0874587
0.0883709
0.0892616
0.0901246
0.0909541
0.0917449
0.0924927
0.0931941
0.0938467
0.0944498
0.0950036
0.09551
0.0959723
0.0963952
0.0967845
0.0971468
0.0974894
0.0978199
0.0981454
0.0984727
0.0988073
0.0991535
0.0995139
0.0998894
0.100279
0.100679
0.101087
0.101494
0.101896
0.102285
0.102651
0.10299
0.103293
0.103555
0.103773
0.103942
0.104062
0.104133
0.104156
0.104135
0.104071
0.10397
0.103836
0.103672
0.103483
0.103273
0.103044
0.1028
0.102544
0.10228
0.102011
0.101744
0.101483
0.101235
0.101011
0.100819
0.10067
0.100577
0.100552
0.100607
0.100753
0.101001
0.101359
0.101834
0.102427
0.103138
0.103966
0.104902
0.105937
0.107059
0.108254
0.109505
0.110794
0.112103
0.113415
0.114711
0.115975
0.117193
0.118351
0.119438
0.120445
0.121367
0.122197
0.122934
0.123578
0.12413
0.124592
0.124968
0.125261
0.125476
0.125616
0.125686
0.125689
0.125627
0.138185
