0.0219179
0.0202083
0.0190885
0.0184451
0.018189
0.0182525
0.0185851
0.0191493
0.019918
0.0208714
0.0219952
0.0232788
0.0247147
0.0262972
0.0280219
0.0298856
0.0318855
0.0340194
0.0362854
0.0386816
0.0412059
0.0438563
0.0466306
0.0495261
0.0525399
0.0556686
0.0589085
0.0622554
0.0657043
0.0692501
0.0728868
0.0766081
0.0804071
0.0842763
0.0882076
0.0921927
0.0962226
0.100288
0.104379
0.108486
0.112599
0.116706
0.120798
0.124863
0.128892
0.132873
0.136797
0.140652
0.14443
0.148121
0.151716
0.155208
0.158588
0.16185
0.164989
0.167998
0.170875
0.173615
0.176218
0.178681
0.181005
0.183191
0.185241
0.187158
0.188947
0.190612
0.192158
0.193594
0.194926
0.196162
0.197311
0.198381
0.199382
0.200323
0.201213
0.202061
0.202876
0.203667
0.20444
0.205203
0.205963
0.206724
0.207491
0.208268
0.209054
0.209853
0.210662
0.211479
0.212302
0.213126
0.213944
0.214749
0.215534
0.216288
0.217002
0.217664
0.218264
0.218788
0.219225
0.219563
0.21979
0.219895
0.219866
0.219694
0.21937
0.218887
0.218239
0.217421
0.216432
0.21527
0.213939
0.212442
0.210786
0.208979
0.207033
0.204961
0.202778
0.200503
0.198155
0.195754
0.193325
0.19089
0.188475
0.186105
0.183805
0.181601
0.179518
0.177578
0.175805
0.174218
0.172835
0.171673
0.170742
0.170053
0.16961
0.169414
0.169465
0.169753
0.17027
0.170999
0.171921
0.173012
0.174247
0.175594
0.177021
0.178491
0.179966
0.181408
0.182775
0.184027
0.185125
0.186029
0.186702
0.18711
0.187221
0.187008
0.186446
0.185517
0.184207
0.182509
0.18042
0.177944
0.175091
0.171878
0.168326
0.164464
0.160326
0.155952
0.151385
0.146675
0.141874
0.137039
0.132228
0.127502
0.122923
0.118552
0.11445
0.110678
0.107291
0.104341
0.101877
0.0999408
0.0985663
0.0977802
0.0976
0.0980332
0.0990766
0.100716
0.102924
0.105664
0.108885
0.112527
0.116516
0.120771
0.1252
0.129708
0.134191
0.138542
0.142658
0.146431
0.149764
0.152562
0.154741
0.156228
0.156965
0.156907
0.156026
0.15431
0.151765
0.148415
0.144299
0.139471
0.133998
0.12796
0.121443
0.114545
0.107362
0.0999967
0.0925483
0.0851144
0.0777879
0.0706557
0.063798
0.0572875
0.0511896
0.0455628
0.0404598
0.0359283
0.0320125
0.0287548
0.0261967
0.0243801
0.0233473
0.0231409
0.0238026
0.0253704
0.0278755
0.0313373
0.0357581
0.0411166
0.0473619
0.0544077
0.0621275
0.070352
0.0788695
0.0874289
0.0957473
0.103521
0.110439
0.116201
0.120536
0.12322
0.124095
0.123077
0.120173
0.115474
0.109157
0.101472
0.0927254
0.083258
0.0734246
0.0635693
0.0540053
0.0449973
0.0367506
0.0294051
0.0230354
0.0176565
0.0132325
0.00968931
0.00692636
0.00482953
0.00328163
0.00217079
0.00139642
0.000872493
0.000528791
0.000310423
0.00017623
9.65812e-05
5.09956e-05
2.58845e-05
1.25988e-05
5.86376e-06
2.60122e-06
1.09577e-06
4.36444e-07
1.63536e-07
5.73017e-08
1.86406e-08
5.58026e-09
1.52043e-09
3.71754e-10
8.00569e-11
1.47964e-11
2.25961e-12
2.68265e-13
2.2115e-14
9.56052e-16
7.65625e-20
