0.0981805
0.0981499
0.0981072
0.0980508
0.0979795
0.0978919
0.0977868
0.0976633
0.0975212
0.0973607
0.0971827
0.0969886
0.0967809
0.0965623
0.0963364
0.096107
0.0958784
0.095655
0.0954414
0.095242
0.0950609
0.0949021
0.0947688
0.0946641
0.0945904
0.0945496
0.094543
0.0945717
0.0946362
0.0947368
0.0948735
0.0950462
0.0952546
0.0954984
0.0957772
0.0960905
0.0964379
0.0968186
0.0972318
0.0976766
0.0981518
0.0986558
0.0991871
0.0997437
0.100323
0.100923
0.101542
0.102175
0.10282
0.103475
0.104136
0.1048
0.105465
0.106127
0.106785
0.107435
0.108076
0.108705
0.109321
0.109923
0.110507
0.111075
0.111623
0.112152
0.112661
0.113148
0.113613
0.114057
0.114477
0.114875
0.115248
0.115598
0.115924
0.116225
0.116502
0.116753
0.116979
0.117179
0.117353
0.117501
0.117623
0.117718
0.117788
0.117831
0.117848
0.117839
0.117805
0.117747
0.117663
0.117556
0.117426
0.117274
0.117101
0.116907
0.116695
0.116465
0.116219
0.115958
0.115685
0.1154
0.115107
0.114806
0.114501
0.114194
0.113887
0.113583
0.113285
0.112995
0.112716
0.112452
0.112204
0.111976
0.11177
0.111588
0.111433
0.111306
0.111209
0.111144
0.111111
0.111111
0.111144
0.111212
0.111312
0.111444
0.111608
0.111802
0.112024
0.112273
0.112546
0.112841
0.113154
0.113485
0.113828
0.114183
0.114544
0.11491
0.115276
0.115641
0.116
0.116351
0.116691
0.117017
0.117327
0.117618
0.117889
0.118137
0.11836
0.118558
0.118729
0.118873
0.118989
0.119077
0.119137
0.119169
0.119173
0.119151
0.119103
0.119031
0.118935
0.118818
0.11868
0.118525
0.118352
0.118165
0.117965
0.117754
0.117534
0.117308
0.117077
0.116844
0.11661
0.116378
0.116149
0.115925
0.115708
0.115499
0.1153
0.115112
0.114936
0.114773
0.114625
0.114491
0.114372
0.114269
0.114183
0.114113
0.114059
0.114023
0.114003
0.114
0.114014
0.114045
0.114093
0.114157
0.114237
0.114333
0.114445
0.114571
0.114712
0.114866
0.115032
0.11521
0.115398
0.115595
0.1158
0.116011
0.116227
0.116447
0.116669
0.116893
0.117117
0.11734
0.117562
0.117782
0.117999
0.118214
0.118426
0.118635
0.118843
0.119048
0.119252
0.119456
0.11966
0.119865
0.120072
0.120283
0.120498
0.120719
0.120948
0.121186
0.121435
0.121696
0.121972
0.122264
0.122574
0.122904
0.123256
0.123631
0.12403
0.124455
0.124907
0.125385
0.125892
0.126425
0.126986
0.127573
0.128185
0.128822
0.129482
0.130163
0.130866
0.131587
0.132326
0.133081
0.133851
0.134635
0.135431
0.136239
0.137058
0.137885
0.138721
0.139564
0.140412
0.141264
0.14212
0.142976
0.143833
0.144687
0.145538
0.146384
0.147223
0.148053
0.148874
0.149684
0.15048
0.151263
0.15203
0.15278
0.153511
0.154222
0.154911
0.155575
0.156212
0.156819
0.157394
0.157933
0.158432
0.158889
0.159298
0.159657
0.159961
0.160206
0.16039
0.160508
0.160559
0.160539
0.160446
0.160281
0.160041
0.175246
