0.102305
0.101176
0.100141
0.0991993
0.098352
0.0975978
0.0969349
0.0963609
0.0958723
0.0954649
0.095134
0.094874
0.0946793
0.0945442
0.0944628
0.09443
0.0944406
0.0944902
0.0945747
0.094691
0.094836
0.0950074
0.0952034
0.0954224
0.0956632
0.095925
0.0962069
0.0965084
0.096829
0.0971682
0.0975255
0.0979005
0.0982925
0.0987006
0.0991238
0.0995608
0.10001
0.10047
0.100939
0.101413
0.101891
0.10237
0.102847
0.10332
0.103785
0.104239
0.104681
0.105109
0.105519
0.105912
0.106285
0.106639
0.106973
0.107289
0.107587
0.107868
0.108135
0.108389
0.108634
0.108872
0.109106
0.10934
0.109576
0.109819
0.110071
0.110336
0.110617
0.110917
0.111239
0.111585
0.11196
0.112363
0.112799
0.113267
0.11377
0.114307
0.11488
0.115488
0.116129
0.116802
0.117505
0.118236
0.11899
0.119764
0.120553
0.121352
0.122155
0.122958
0.123754
0.124538
0.125304
0.126046
0.126759
0.127439
0.128081
0.128682
0.129238
0.129748
0.130209
0.13062
0.130982
0.131295
0.131558
0.131774
0.131945
0.132073
0.132159
0.132208
0.132222
0.132204
0.132157
0.132085
0.13199
0.131875
0.131743
0.131595
0.131435
0.131264
0.131083
0.130892
0.130693
0.130485
0.130268
0.130041
0.129803
0.129553
0.129288
0.129007
0.128708
0.128389
0.128048
0.127684
0.127293
0.126877
0.126432
0.12596
0.125461
0.124935
0.124383
0.123808
0.123212
0.122598
0.121971
0.121334
0.120693
0.120052
0.119418
0.118796
0.118193
0.117614
0.117066
0.116555
0.116087
0.115666
0.115297
0.114986
0.114734
0.114546
0.114422
0.114363
0.114369
0.114438
0.11457
0.114759
0.115002
0.115293
0.115627
0.115998
0.116396
0.116816
0.117249
0.117687
0.118122
0.118546
0.118951
0.119331
0.119678
0.119987
0.120254
0.120474
0.120643
0.12076
0.120824
0.120835
0.120793
0.120701
0.120561
0.120377
0.120153
0.119894
0.119607
0.119297
0.118971
0.118636
0.118299
0.117967
0.117646
0.117345
0.117069
0.116824
0.116616
0.116451
0.116332
0.116263
0.116247
0.116286
0.11638
0.116531
0.116737
0.116996
0.117306
0.117663
0.118064
0.118502
0.118974
0.119473
0.119994
0.12053
0.121075
0.121624
0.122172
0.122714
0.123246
0.123764
0.124266
0.12475
0.125217
0.125666
0.126097
0.126514
0.126917
0.127311
0.127697
0.128081
0.128464
0.128851
0.129244
0.129647
0.130061
0.130489
0.130931
0.13139
0.131863
0.132352
0.132855
0.13337
0.133894
0.134424
0.134956
0.135485
0.136006
0.136513
0.137001
0.13746
0.137885
0.138268
0.1386
0.138874
0.139082
0.139216
0.139271
0.139239
0.139116
0.138899
0.138584
0.13817
0.137658
0.137049
0.136346
0.135554
0.134679
0.133726
0.132703
0.131618
0.130478
0.129293
0.128071
0.12682
0.125548
0.124263
0.122972
0.121683
0.120404
0.119141
0.117903
0.116694
0.115524
0.114397
0.113321
0.112301
0.111341
0.110447
0.109621
0.108866
0.108183
0.10757
0.107028
0.106553
0.106143
0.117618
