0.155558
0.157379
0.159193
0.160993
0.162768
0.164512
0.166212
0.167858
0.169438
0.17094
0.172351
0.173657
0.174844
0.175898
0.176805
0.177553
0.17813
0.178525
0.178729
0.178737
0.178544
0.178149
0.177552
0.176759
0.175774
0.174608
0.173271
0.171775
0.170134
0.168364
0.166479
0.164495
0.162427
0.16029
0.158099
0.155866
0.153605
0.151329
0.149048
0.146775
0.14452
0.142293
0.140106
0.137966
0.135885
0.13387
0.131929
0.130071
0.128302
0.126625
0.125047
0.123568
0.12219
0.120913
0.119735
0.118654
0.117666
0.116766
0.115948
0.115208
0.114538
0.113933
0.113387
0.112894
0.112448
0.112045
0.111679
0.111345
0.11104
0.110759
0.110499
0.110254
0.11002
0.109794
0.109571
0.109346
0.109115
0.108874
0.108618
0.108343
0.108046
0.107725
0.107375
0.106997
0.106588
0.106149
0.105681
0.105183
0.10466
0.104113
0.103546
0.102962
0.102367
0.101763
0.101158
0.100555
0.0999602
0.0993785
0.0988153
0.0982758
0.0977651
0.0972881
0.0968494
0.0964534
0.0961038
0.0958042
0.0955575
0.0953661
0.0952316
0.0951553
0.0951374
0.0951778
0.0952755
0.0954289
0.0956357
0.0958932
0.096198
0.0965466
0.0969347
0.0973583
0.0978129
0.0982941
0.0987976
0.0993193
0.0998553
0.100402
0.100956
0.101515
0.102076
0.102638
0.1032
0.103759
0.104316
0.104871
0.105424
0.105975
0.106525
0.107076
0.107628
0.108182
0.10874
0.109302
0.10987
0.110445
0.111027
0.111617
0.112217
0.112825
0.113443
0.114071
0.114708
0.115355
0.11601
0.116674
0.117346
0.118026
0.118712
0.119404
0.1201
0.1208
0.121502
0.122204
0.122906
0.123604
0.124296
0.124981
0.125656
0.126317
0.126963
0.127589
0.128194
0.128773
0.129325
0.129847
0.130335
0.130789
0.131207
0.131588
0.131931
0.132237
0.132506
0.132738
0.132936
0.133102
0.133237
0.133344
0.133425
0.133483
0.13352
0.133538
0.133539
0.133524
0.133493
0.133449
0.13339
0.133316
0.133228
0.133124
0.133003
0.132865
0.132709
0.132533
0.132336
0.132118
0.131879
0.131617
0.131332
0.131025
0.130695
0.130341
0.129964
0.129564
0.129139
0.128691
0.128219
0.127722
0.127199
0.12665
0.126075
0.125474
0.124845
0.124189
0.123507
0.122798
0.122065
0.121308
0.120529
0.11973
0.118914
0.118084
0.117242
0.116392
0.115536
0.114679
0.113823
0.112971
0.112125
0.111289
0.110463
0.109649
0.108849
0.108063
0.107292
0.106536
0.105796
0.105071
0.104362
0.103668
0.102989
0.102325
0.101677
0.101045
0.10043
0.0998313
0.0992506
0.0986885
0.0981455
0.0976225
0.0971199
0.0966381
0.0961769
0.0957361
0.0953148
0.0949117
0.0945248
0.0941517
0.0937892
0.0934337
0.0930811
0.0927267
0.0923658
0.091994
0.0916067
0.0912005
0.0907726
0.0903215
0.0898473
0.0893518
0.0888383
0.0883118
0.0877788
0.0872467
0.0867236
0.0862174
0.0857357
0.085285
0.0848704
0.0844952
0.084161
0.0838676
0.0836134
0.0833961
0.0832128
0.0830607
0.0829382
0.0828443
0.0827799
0.082747
0.0827492
0.0928676
