0.00744797
0.00776457
0.00823084
0.00885389
0.00964459
0.0106178
0.0117922
0.0131905
0.014838
0.016762
0.0189904
0.0215488
0.0244595
0.027738
0.0313914
0.0354163
0.0397975
0.0445071
0.0495053
0.0547417
0.0601572
0.0656872
0.0712654
0.0768271
0.0823131
0.0876733
0.0928689
0.0978743
0.102678
0.107283
0.111702
0.115963
0.120097
0.124142
0.128135
0.132112
0.136102
0.140124
0.144188
0.148289
0.152409
0.156518
0.160575
0.164527
0.168315
0.171877
0.17515
0.178075
0.180599
0.182678
0.184279
0.18538
0.185972
0.186058
0.185648
0.184763
0.183427
0.18167
0.179521
0.17701
0.174165
0.171013
0.16758
0.163888
0.159963
0.155828
0.151511
0.147042
0.142456
0.137792
0.133092
0.128405
0.123778
0.119261
0.114907
0.110761
0.106869
0.10327
0.0999968
0.0970755
0.0945241
0.0923524
0.0905626
0.0891493
0.0881002
0.0873969
0.0870161
0.0869303
0.0871091
0.08752
0.0881295
0.0889038
0.0898098
0.0908157
0.0918913
0.0930089
0.0941433
0.0952723
0.0963768
0.0974407
0.0984516
0.0994
0.10028
0.101087
0.101823
0.102488
0.103087
0.103628
0.104117
0.104564
0.104979
0.105373
0.105755
0.106135
0.106522
0.106924
0.107348
0.107797
0.108275
0.108781
0.109315
0.109874
0.110451
0.11104
0.111633
0.112221
0.112792
0.113336
0.113842
0.114301
0.114702
0.115038
0.115302
0.11549
0.1156
0.115632
0.11559
0.115481
0.115314
0.115103
0.114864
0.114615
0.114378
0.114178
0.11404
0.113991
0.11406
0.114276
0.114664
0.115251
0.11606
0.117112
0.11842
0.119995
0.121841
0.123954
0.126324
0.128931
0.131748
0.134741
0.137866
0.141072
0.144304
0.147499
0.150595
0.153523
0.156218
0.158617
0.160661
0.162297
0.163482
0.16418
0.164371
0.164043
0.163199
0.161855
0.160038
0.157787
0.155151
0.152188
0.148961
0.145538
0.141987
0.138378
0.134776
0.131243
0.127834
0.124596
0.121568
0.118779
0.116251
0.113994
0.112012
0.110298
0.108843
0.107628
0.106633
0.105833
0.1052
0.104709
0.104333
0.104044
0.10382
0.103637
0.103477
0.103323
0.103161
0.102981
0.102774
0.102537
0.102265
0.101958
0.101618
0.101248
0.100852
0.100437
0.100008
0.0995733
0.0991406
0.0987182
0.0983144
0.0979376
0.0975961
0.097298
0.0970509
0.0968622
0.0967387
0.0966866
0.0967114
0.096818
0.0970108
0.097293
0.0976675
0.0981362
0.0987002
0.09936
0.100115
0.100965
0.101907
0.102939
0.104058
0.10526
0.106542
0.107897
0.109322
0.11081
0.112355
0.113952
0.115593
0.117272
0.118983
0.120719
0.122472
0.124237
0.126006
0.127773
0.129532
0.131276
0.133001
0.134698
0.136364
0.137993
0.139579
0.141118
0.142604
0.144033
0.145402
0.146705
0.147941
0.149106
0.1502
0.151223
0.152176
0.153062
0.153888
0.15466
0.155388
0.156083
0.156758
0.157425
0.158098
0.158784
0.15949
0.160216
0.160955
0.161692
0.162407
0.163071
0.163653
0.164122
0.164453
0.164632
0.164662
0.164566
0.164394
0.164215
0.164118
0.164201
0.164562
0.186416
