0.148133
0.149747
0.151391
0.153065
0.154762
0.156478
0.158205
0.159936
0.161658
0.16336
0.165029
0.16665
0.168207
0.169683
0.171063
0.17233
0.173468
0.174465
0.175305
0.175979
0.176477
0.176791
0.176918
0.176853
0.176596
0.176147
0.17551
0.174686
0.173683
0.172504
0.171159
0.169653
0.167997
0.1662
0.164273
0.162227
0.160076
0.157835
0.155517
0.153141
0.150722
0.14828
0.145832
0.143397
0.140992
0.138634
0.13634
0.134123
0.131996
0.12997
0.128053
0.126252
0.124569
0.123008
0.121568
0.120247
0.119044
0.117953
0.116969
0.116086
0.115299
0.1146
0.113984
0.113442
0.112969
0.112557
0.112199
0.11189
0.111622
0.111388
0.111181
0.110996
0.110823
0.110659
0.110495
0.110326
0.110146
0.109951
0.109735
0.109497
0.109232
0.10894
0.108619
0.10827
0.107893
0.107491
0.107065
0.106619
0.106155
0.105679
0.105194
0.104704
0.104213
0.103727
0.10325
0.102785
0.102336
0.101909
0.101505
0.101129
0.100784
0.100471
0.100194
0.0999525
0.0997491
0.0995838
0.0994566
0.099367
0.0993139
0.0992956
0.0993101
0.0993547
0.0994266
0.0995228
0.0996399
0.0997746
0.0999236
0.100084
0.100252
0.100427
0.100606
0.100787
0.100969
0.101153
0.101338
0.101526
0.101718
0.101916
0.102122
0.10234
0.102572
0.102822
0.103094
0.10339
0.103715
0.104071
0.104461
0.104889
0.105354
0.10586
0.106408
0.106997
0.107628
0.108299
0.109011
0.10976
0.110545
0.111362
0.11221
0.113083
0.113978
0.11489
0.115816
0.116751
0.11769
0.118628
0.119561
0.120484
0.121393
0.122285
0.123154
0.123999
0.124817
0.125604
0.126359
0.12708
0.127766
0.128416
0.129031
0.129611
0.130155
0.130666
0.131143
0.131589
0.132006
0.132394
0.132757
0.133095
0.13341
0.133706
0.133982
0.134242
0.134486
0.134714
0.134929
0.13513
0.135318
0.135491
0.135649
0.135791
0.135914
0.136016
0.136095
0.136147
0.136168
0.136156
0.136107
0.136018
0.135884
0.135703
0.135473
0.135192
0.134859
0.134472
0.134033
0.133543
0.133004
0.132418
0.131789
0.131121
0.130419
0.129686
0.128928
0.128151
0.127358
0.126554
0.125744
0.124932
0.124119
0.12331
0.122506
0.121709
0.12092
0.12014
0.119369
0.118606
0.117851
0.117105
0.116365
0.115632
0.114904
0.114181
0.113462
0.112747
0.112035
0.111324
0.110616
0.109909
0.109202
0.108495
0.107788
0.107079
0.106368
0.105656
0.10494
0.104221
0.103498
0.102771
0.102042
0.101309
0.100574
0.0998376
0.0991017
0.0983679
0.0976381
0.0969147
0.0962001
0.0954968
0.0948075
0.0941346
0.0934807
0.092848
0.0922382
0.0916529
0.0910932
0.0905593
0.0900511
0.0895677
0.0891074
0.0886677
0.0882454
0.0878368
0.0874376
0.0870432
0.086649
0.0862506
0.0858444
0.0854276
0.0849987
0.084558
0.0841073
0.0836502
0.083192
0.0827393
0.0822998
0.0818816
0.0814924
0.0811394
0.0808282
0.0805628
0.0803451
0.0801751
0.0800507
0.0799686
0.0799247
0.0799146
0.0799348
0.0799826
0.0800572
0.0899471
