0.166309
0.168297
0.170209
0.172028
0.173733
0.175307
0.176734
0.177998
0.179087
0.179989
0.180693
0.181193
0.181482
0.181557
0.181415
0.181057
0.180484
0.179702
0.178716
0.177532
0.176162
0.174617
0.172909
0.171052
0.169064
0.166961
0.164762
0.162486
0.160153
0.157785
0.1554
0.153019
0.150661
0.148344
0.146083
0.143894
0.141787
0.139773
0.137857
0.136046
0.13434
0.132739
0.131241
0.129841
0.128535
0.127316
0.126177
0.12511
0.124109
0.123166
0.122275
0.12143
0.120626
0.119859
0.119124
0.118418
0.117738
0.117081
0.116446
0.115829
0.11523
0.114645
0.114073
0.113512
0.112961
0.112417
0.11188
0.111349
0.110822
0.1103
0.109781
0.109267
0.108756
0.108249
0.107747
0.107249
0.106755
0.106265
0.105779
0.105295
0.104812
0.10433
0.103845
0.103357
0.102862
0.102361
0.10185
0.101329
0.100796
0.100252
0.0996958
0.0991287
0.0985521
0.0979682
0.0973799
0.0967905
0.0962041
0.0956255
0.0950596
0.0945119
0.0939884
0.0934949
0.0930377
0.0926229
0.0922568
0.0919455
0.0916946
0.0915098
0.0913962
0.0913583
0.0914001
0.0915248
0.0917351
0.0920323
0.0924173
0.0928897
0.0934479
0.0940896
0.0948112
0.095608
0.0964743
0.0974035
0.0983881
0.0994198
0.10049
0.101589
0.102706
0.103833
0.10496
0.106075
0.107171
0.108237
0.109265
0.110249
0.11118
0.112052
0.112862
0.113605
0.114278
0.11488
0.11541
0.115868
0.116257
0.116579
0.116837
0.117037
0.117183
0.117281
0.117339
0.117363
0.117362
0.117342
0.117312
0.117281
0.117255
0.117242
0.117249
0.117283
0.117348
0.117451
0.117593
0.117777
0.118006
0.118278
0.118592
0.118947
0.119337
0.119759
0.120207
0.120675
0.121154
0.121639
0.12212
0.122591
0.123044
0.123472
0.123868
0.124227
0.124544
0.124815
0.125039
0.125213
0.125338
0.125415
0.125447
0.125436
0.125388
0.125308
0.125202
0.125077
0.124941
0.124801
0.124666
0.124542
0.124438
0.12436
0.124314
0.124307
0.124343
0.124425
0.124555
0.124734
0.124961
0.125235
0.125551
0.125904
0.126289
0.126697
0.12712
0.127548
0.12797
0.128377
0.128755
0.129096
0.129387
0.129618
0.12978
0.129865
0.129864
0.129772
0.129585
0.129298
0.128911
0.128425
0.127839
0.127159
0.126387
0.12553
0.124596
0.12359
0.122524
0.121404
0.120242
0.119047
0.11783
0.116599
0.115366
0.11414
0.11293
0.111745
0.110593
0.109482
0.108419
0.10741
0.106462
0.105578
0.104762
0.104019
0.103349
0.102755
0.102236
0.101792
0.101421
0.101121
0.100888
0.100718
0.100605
0.100543
0.100526
0.100544
0.10059
0.100656
0.100731
0.100807
0.100876
0.100928
0.100956
0.100954
0.100916
0.100839
0.100722
0.100563
0.100365
0.10013
0.0998651
0.0995745
0.0992649
0.0989432
0.0986156
0.0982879
0.0979651
0.0976508
0.0973475
0.0970566
0.0967787
0.0965134
0.0962606
0.0960201
0.095792
0.0955774
0.0953781
0.0951968
0.0950369
0.0949023
0.094797
0.0947245
0.0946879
0.0946891
0.0947288
0.106128
