0.0335791
0.031093
0.0293917
0.0283362
0.0278128
0.0277308
0.0280197
0.0286258
0.0295083
0.0306364
0.0319865
0.0335408
0.0352852
0.0372085
0.0393012
0.0415557
0.043965
0.0465228
0.0492231
0.0520604
0.0550289
0.0581229
0.0613365
0.0646636
0.0680977
0.0716319
0.0752591
0.0789717
0.0827616
0.0866203
0.0905391
0.0945086
0.0985191
0.102561
0.106623
0.110696
0.114768
0.118829
0.122868
0.126873
0.130835
0.134742
0.138583
0.14235
0.146031
0.149619
0.153104
0.156478
0.159733
0.162865
0.165867
0.168733
0.171462
0.174049
0.176494
0.178795
0.180954
0.182971
0.18485
0.186594
0.188207
0.189696
0.191067
0.192327
0.193484
0.194547
0.195524
0.196426
0.197262
0.198041
0.198774
0.19947
0.200139
0.200789
0.201429
0.202067
0.202708
0.203359
0.204025
0.204709
0.205414
0.206139
0.206886
0.207652
0.208434
0.209228
0.210027
0.210825
0.211614
0.212383
0.213123
0.213821
0.214468
0.215049
0.215553
0.215966
0.216276
0.216471
0.216538
0.216468
0.21625
0.215875
0.215336
0.214627
0.213746
0.212689
0.211457
0.210053
0.208481
0.206749
0.204865
0.202842
0.200694
0.198438
0.19609
0.193672
0.191206
0.188714
0.186221
0.183753
0.181334
0.178992
0.176751
0.174637
0.172673
0.170882
0.169285
0.167898
0.166739
0.165818
0.165147
0.16473
0.164568
0.16466
0.164998
0.165573
0.166369
0.167367
0.168545
0.169874
0.171326
0.172867
0.174462
0.176072
0.177657
0.179179
0.180595
0.181865
0.18295
0.183813
0.184417
0.18473
0.184722
0.18437
0.183652
0.182554
0.181064
0.179179
0.176901
0.174236
0.171198
0.167808
0.16409
0.160075
0.155799
0.151306
0.146639
0.141849
0.136991
0.132119
0.127293
0.122573
0.11802
0.113693
0.109653
0.105956
0.102657
0.0998072
0.0974512
0.0956288
0.0943725
0.093707
0.0936479
0.0942015
0.0953633
0.0971183
0.0994397
0.10229
0.105618
0.109366
0.11346
0.117821
0.122359
0.126979
0.13158
0.136058
0.140307
0.144226
0.147715
0.15068
0.153039
0.154718
0.155657
0.155809
0.155146
0.153654
0.151335
0.14821
0.144315
0.139701
0.134432
0.128584
0.122241
0.115497
0.108447
0.101191
0.0938271
0.0864508
0.0791543
0.0720234
0.0651373
0.0585677
0.0523783
0.0466257
0.0413598
0.0366249
0.0324611
0.0289057
0.0259949
0.0237647
0.0222526
0.021497
0.0215377
0.0224137
0.0241616
0.0268115
0.0303825
0.0348775
0.0402768
0.0465322
0.053561
0.0612419
0.0694119
0.0778669
0.0863644
0.0946304
0.10237
0.109281
0.115071
0.119473
0.122267
0.123291
0.122462
0.119775
0.115315
0.109245
0.101803
0.0932819
0.0840114
0.0743368
0.0645958
0.0550987
0.0461107
0.0378412
0.0304363
0.0239791
0.0184935
0.013953
0.0102913
0.00741478
0.00521437
0.00357603
0.00238938
0.00155385
0.000982393
0.000603099
0.000359036
0.000206964
0.000115334
6.2021e-05
3.21199e-05
1.5984e-05
7.62382e-06
3.4753e-06
1.50912e-06
6.21913e-07
2.42169e-07
8.86472e-08
3.03206e-08
9.61982e-09
2.80595e-09
7.4411e-10
1.76866e-10
3.69747e-11
6.62342e-12
9.78485e-13
1.1212e-13
8.89478e-15
3.68581e-16
1.38991e-20
