0.0362126
0.0371677
0.0383975
0.0398959
0.0416547
0.0436642
0.045914
0.0483931
0.0510904
0.0539956
0.0570988
0.0603913
0.0638653
0.0675136
0.0713295
0.0753058
0.0794337
0.0837016
0.0880938
0.0925892
0.0971595
0.101769
0.106373
0.11092
0.115349
0.119596
0.12359
0.127261
0.130543
0.133373
0.135698
0.137476
0.138683
0.139307
0.139355
0.138852
0.137838
0.136368
0.134508
0.132333
0.129924
0.127363
0.124731
0.122102
0.119543
0.117111
0.114848
0.112786
0.110943
0.109324
0.107924
0.106728
0.105715
0.104858
0.10413
0.103501
0.102945
0.102437
0.101957
0.101487
0.101013
0.100522
0.100004
0.0994489
0.0988453
0.0981814
0.097444
0.0966185
0.0956898
0.0946427
0.0934635
0.092141
0.090668
0.089042
0.0872665
0.0853516
0.0833137
0.0811754
0.0789651
0.0767157
0.0744636
0.0722468
0.0701039
0.0680724
0.0661875
0.0644808
0.0629795
0.0617055
0.0606756
0.0599007
0.0593863
0.0591328
0.0591357
0.0593862
0.0598721
0.0605779
0.0614858
0.0625762
0.0638281
0.0652197
0.066729
0.0683338
0.0700121
0.0717428
0.0735056
0.0752811
0.0770512
0.0787996
0.0805113
0.0821732
0.0837741
0.0853049
0.0867584
0.0881297
0.0894162
0.0906173
0.0917345
0.0927713
0.0937333
0.0946276
0.0954631
0.0962497
0.0969986
0.097722
0.0984325
0.0991431
0.0998671
0.100618
0.101408
0.10225
0.103157
0.10414
0.10521
0.106379
0.107655
0.109048
0.110569
0.112223
0.114021
0.115967
0.11807
0.120332
0.122759
0.125351
0.128109
0.131029
0.134104
0.137325
0.140678
0.144143
0.147696
0.151308
0.154944
0.158564
0.162125
0.165576
0.168866
0.171939
0.174741
0.177216
0.17931
0.180975
0.182165
0.182843
0.18298
0.182558
0.181567
0.180011
0.177902
0.175267
0.172143
0.168574
0.164617
0.160334
0.155791
0.151059
0.146212
0.141319
0.136452
0.131674
0.127046
0.12262
0.118442
0.114549
0.11097
0.107726
0.104831
0.102289
0.100101
0.0982605
0.0967556
0.0955718
0.0946917
0.0940954
0.0937621
0.0936703
0.0937987
0.0941262
0.0946323
0.0952978
0.0961044
0.0970347
0.0980727
0.0992032
0.100412
0.101686
0.103013
0.10438
0.105777
0.107192
0.108616
0.110039
0.11145
0.112843
0.114207
0.115536
0.116822
0.118058
0.119238
0.120358
0.121411
0.122396
0.123308
0.124145
0.124907
0.125592
0.126201
0.126735
0.127197
0.127588
0.127913
0.128176
0.128381
0.128534
0.128642
0.128711
0.128747
0.128759
0.128753
0.128738
0.128723
0.128714
0.128721
0.128751
0.128812
0.128913
0.129059
0.12926
0.129519
0.129845
0.130241
0.130713
0.131263
0.131894
0.132608
0.133407
0.134289
0.135254
0.1363
0.137426
0.138628
0.139905
0.141253
0.142671
0.144157
0.145712
0.147337
0.149035
0.15081
0.152669
0.154621
0.156672
0.158832
0.161108
0.163505
0.166025
0.168663
0.171411
0.174251
0.177159
0.180106
0.183058
0.185976
0.188826
0.191576
0.194205
0.196702
0.199069
0.201324
0.203495
0.205618
0.20773
0.209859
0.212018
0.214197
0.216354
0.218418
0.220287
0.22184
0.251006
