0.0195639
0.0202013
0.0210689
0.0221655
0.0234904
0.0250444
0.0268298
0.0288505
0.0311127
0.0336245
0.0363958
0.0394374
0.0427605
0.0463752
0.050289
0.054505
0.0590201
0.0638228
0.0688919
0.0741954
0.0796898
0.0853206
0.0910233
0.0967253
0.102349
0.107814
0.113042
0.11796
0.122505
0.126625
0.13028
0.13345
0.136129
0.138328
0.140072
0.141398
0.142356
0.142999
0.143386
0.143575
0.14362
0.143569
0.143461
0.143327
0.143185
0.143041
0.142894
0.142731
0.142533
0.142278
0.14194
0.141494
0.14092
0.140199
0.139319
0.138274
0.137064
0.135694
0.134173
0.132513
0.130725
0.128822
0.126812
0.124704
0.122501
0.120205
0.117816
0.115332
0.112754
0.110081
0.107319
0.104474
0.101562
0.0986009
0.0956144
0.0926317
0.0896855
0.0868114
0.0840461
0.0814262
0.0789868
0.0767599
0.0747734
0.0730502
0.0716075
0.0704567
0.0696029
0.0690456
0.0687786
0.0687911
0.0690676
0.0695894
0.0703348
0.07128
0.0723999
0.0736683
0.0750592
0.0765466
0.0781052
0.079711
0.0813412
0.0829747
0.0845924
0.086177
0.0877139
0.0891902
0.090596
0.0919235
0.0931674
0.0943248
0.0953951
0.0963801
0.0972834
0.0981105
0.0988686
0.0995659
0.100212
0.100817
0.101392
0.101946
0.10249
0.103034
0.103587
0.104157
0.104749
0.10537
0.106023
0.106711
0.107436
0.108198
0.108997
0.109831
0.1107
0.111603
0.112539
0.113508
0.114511
0.115552
0.116635
0.117766
0.118952
0.120203
0.12153
0.122945
0.124461
0.12609
0.127844
0.129734
0.131768
0.133952
0.136285
0.138766
0.141383
0.144122
0.14696
0.149868
0.152809
0.155743
0.15862
0.161388
0.163992
0.166373
0.168472
0.170234
0.171606
0.17254
0.172996
0.172944
0.172362
0.171241
0.169585
0.167409
0.16474
0.161618
0.158091
0.154218
0.150064
0.1457
0.1412
0.136636
0.132084
0.127611
0.123283
0.119157
0.115284
0.111704
0.10845
0.105545
0.103003
0.10083
0.0990239
0.0975749
0.0964683
0.0956844
0.0951995
0.0949875
0.0950205
0.0952696
0.095706
0.0963014
0.0970284
0.0978614
0.098776
0.0997501
0.100763
0.101798
0.102836
0.103865
0.104872
0.105845
0.106776
0.107657
0.108482
0.109247
0.109947
0.110581
0.111148
0.111648
0.112082
0.112452
0.112761
0.113012
0.113211
0.113362
0.113471
0.113545
0.11359
0.113614
0.113623
0.113625
0.113628
0.11364
0.113667
0.113717
0.113797
0.113915
0.114076
0.114287
0.114552
0.114879
0.115271
0.115731
0.116265
0.116875
0.117563
0.118331
0.119181
0.120112
0.121127
0.122222
0.123399
0.124655
0.125987
0.127393
0.128869
0.130411
0.132013
0.133672
0.135379
0.137129
0.138914
0.140727
0.14256
0.144405
0.146255
0.148102
0.149939
0.151763
0.153568
0.155354
0.15712
0.158869
0.160605
0.162336
0.164068
0.165812
0.167574
0.169363
0.17118
0.173026
0.174894
0.176769
0.178633
0.180459
0.182219
0.183883
0.185424
0.186822
0.188069
0.189174
0.190161
0.191071
0.19196
0.192892
0.193928
0.19512
0.196496
0.198054
0.199753
0.226981
