1.23777e-30
1.11241e-30
1.46969e-30
2.28975e-30
3.75906e-30
6.26053e-30
1.04564e-29
1.74538e-29
2.90847e-29
4.83691e-29
8.02697e-29
1.32924e-28
2.19642e-28
3.62151e-28
5.95835e-28
9.78193e-28
1.60246e-27
2.61946e-27
4.2727e-27
6.95437e-27
1.12948e-26
1.83049e-26
2.9602e-26
4.77688e-26
7.69194e-26
1.23594e-25
1.98166e-25
3.17052e-25
5.06179e-25
8.06399e-25
1.28194e-24
2.03358e-24
3.21905e-24
5.08475e-24
8.0147e-24
1.26061e-23
1.97858e-23
3.09886e-23
4.84318e-23
7.55332e-23
1.17551e-22
1.82555e-22
2.82906e-22
4.37496e-22
6.75132e-22
1.03965e-21
1.59761e-21
2.44984e-21
3.74878e-21
5.72439e-21
8.7228e-21
1.32639e-20
2.01267e-20
3.04765e-20
4.60519e-20
6.94418e-20
1.04492e-19
1.56907e-19
2.3512e-19
3.51587e-19
5.24649e-19
7.81269e-19
1.16099e-18
1.72167e-18
2.54784e-18
3.76261e-18
5.54506e-18
8.15496e-18
1.19684e-17
1.75289e-17
2.56195e-17
3.73672e-17
5.43891e-17
7.90019e-17
1.14516e-16
1.65654e-16
2.39134e-16
3.44498e-16
4.95267e-16
7.10559e-16
1.01735e-15
1.45361e-15
2.07269e-15
2.94939e-15
4.18833e-15
5.93557e-15
8.39452e-15
1.18479e-14
1.6688e-14
2.34574e-14
3.29056e-14
4.60656e-14
6.43578e-14
8.9731e-14
1.24854e-13
1.73373e-13
2.40259e-13
3.32275e-13
4.58603e-13
6.31682e-13
8.68326e-13
1.19121e-12
1.63088e-12
2.22832e-12
3.03849e-12
4.1349e-12
5.61564e-12
7.61133e-12
1.02956e-11
1.38985e-11
1.87248e-11
2.51765e-11
3.37835e-11
4.52425e-11
6.04672e-11
8.06542e-11
1.07366e-10
1.42641e-10
1.89127e-10
2.50266e-10
3.3051e-10
4.35618e-10
5.73014e-10
7.52253e-10
9.85602e-10
1.28878e-09
1.6819e-09
2.19059e-09
2.84751e-09
3.69413e-09
4.78304e-09
6.18073e-09
7.97117e-09
1.02601e-08
1.31803e-08
1.68985e-08
2.16232e-08
2.76147e-08
3.51974e-08
4.47747e-08
5.68468e-08
7.2033e-08
9.10983e-08
1.14986e-07
1.44854e-07
1.82127e-07
2.28547e-07
2.86241e-07
3.57806e-07
4.46397e-07
5.55848e-07
6.90798e-07
8.56857e-07
1.06079e-06
1.31072e-06
1.61644e-06
1.98963e-06
2.44429e-06
2.99709e-06
3.66789e-06
4.48025e-06
5.4621e-06
6.64644e-06
8.07219e-06
9.78518e-06
1.18392e-05
1.42972e-05
1.7233e-05
2.07324e-05
2.48955e-05
2.98383e-05
3.56955e-05
4.26224e-05
5.07985e-05
6.04301e-05
7.17542e-05
8.50424e-05
0.000100605
0.000118796
0.000140018
0.000164728
0.000193444
0.000226752
0.000265312
0.000309866
0.000361249
0.000420395
0.000488348
0.000566273
0.000655463
0.000757359
0.000873553
0.00100581
0.00115606
0.00132645
0.00151932
0.00173724
0.00198302
0.00225972
0.00257067
0.00291948
0.00331009
0.00374671
0.00423392
0.00477662
0.00538009
0.00604997
0.00679229
0.00761348
0.00852038
0.00952023
0.0106207
0.0118299
0.0131563
0.014609
0.0161972
0.0179308
0.0198199
0.0218752
0.0241076
0.0265284
0.0291494
0.0319824
0.0350398
0.038334
0.0418777
0.0456837
0.0497651
0.0541347
0.0588057
0.063791
0.0691034
0.0747558
0.0807606
0.0871299
0.0938756
0.101009
0.108541
0.116482
0.124841
0.133628
0.142849
0.152513
0.162625
0.173189
0.18421
0.19569
0.207629
0.220027
0.232881
0.246189
0.259945
0.274142
0.288773
0.303828
0.319297
0.33517
0.351434
0.368076
0.385085
0.402446
0.420147
0.438174
0.456511
0.475142
0.494048
0.513207
0.532594
0.552176
0.571916
0.591767
0.611679
0.631591
0.651441
0.671166
0.690707
0.710016
0.729065
0.74785
0.766401
0.784779
0.80307
0.821374
0.839774
0.858297
0.876865
0.895245
0.912991
0.929419
0.943603
0.95442
0.960649
0.961118
0.954895
0.941487
0.921008
0.894279
0.862819
0.828711
0.889969
