0.0949347
0.0952835
0.0957265
0.0962753
0.0969412
0.0977348
0.0986648
0.099738
0.100958
0.102327
0.103842
0.105499
0.107292
0.109213
0.111253
0.113403
0.115654
0.117998
0.12043
0.122943
0.125534
0.128199
0.130936
0.133742
0.136614
0.139545
0.14253
0.14556
0.148622
0.151704
0.154788
0.157856
0.160886
0.163857
0.166743
0.169521
0.172167
0.174658
0.176972
0.17909
0.180992
0.182664
0.184093
0.185269
0.186186
0.186839
0.187227
0.187349
0.187209
0.186812
0.186164
0.185272
0.184148
0.182803
0.181249
0.179502
0.177576
0.17549
0.173261
0.17091
0.168458
0.165924
0.163331
0.1607
0.158053
0.155408
0.152787
0.150206
0.147683
0.145233
0.142868
0.140599
0.138438
0.136391
0.134465
0.132665
0.130994
0.129455
0.128049
0.126776
0.125634
0.124623
0.12374
0.122981
0.122342
0.121818
0.121402
0.121089
0.12087
0.120737
0.12068
0.120691
0.12076
0.120874
0.121025
0.121201
0.121392
0.121586
0.121774
0.121947
0.122095
0.122212
0.122289
0.122322
0.122305
0.122236
0.122111
0.12193
0.121692
0.121399
0.121053
0.120657
0.120215
0.119731
0.119211
0.11866
0.118085
0.117492
0.116888
0.116279
0.115674
0.115077
0.114497
0.113938
0.113409
0.112914
0.112458
0.112047
0.111685
0.111376
0.111122
0.110927
0.110791
0.110716
0.110703
0.110749
0.110855
0.111018
0.111235
0.111503
0.111818
0.112177
0.112575
0.113007
0.11347
0.113958
0.114469
0.114999
0.115544
0.116104
0.116676
0.11726
0.117856
0.118465
0.11909
0.119731
0.120392
0.121077
0.121788
0.122528
0.123301
0.12411
0.124957
0.125842
0.126766
0.127729
0.128728
0.129761
0.130823
0.131909
0.133011
0.134121
0.135231
0.136332
0.137411
0.138459
0.139465
0.140418
0.141308
0.142124
0.142857
0.143498
0.144041
0.144479
0.144808
0.145022
0.14512
0.145101
0.144964
0.144709
0.144338
0.143853
0.143257
0.142553
0.141745
0.140836
0.139831
0.138734
0.13755
0.136283
0.134938
0.133519
0.132033
0.130483
0.128877
0.127219
0.125514
0.123769
0.12199
0.120182
0.118351
0.116501
0.114639
0.112769
0.110896
0.109024
0.107156
0.105298
0.103452
0.101623
0.0998147
0.0980305
0.0962752
0.0945534
0.0928704
0.0912316
0.0896429
0.0881101
0.0866397
0.0852375
0.0839096
0.0826613
0.0814973
0.0804215
0.0794367
0.0785445
0.0777452
0.0770378
0.0764197
0.0758873
0.0754357
0.0750588
0.07475
0.0745018
0.0743064
0.074156
0.0740428
0.0739594
0.0738991
0.0738558
0.0738245
0.0738008
0.0737818
0.0737652
0.07375
0.073736
0.0737239
0.0737149
0.0737112
0.0737151
0.0737293
0.0737569
0.0738008
0.0738642
0.0739502
0.0740619
0.0742022
0.074374
0.0745802
0.0748237
0.0751072
0.0754337
0.0758059
0.0762265
0.0766979
0.0772224
0.0778018
0.0784376
0.0791305
0.0798805
0.0806867
0.0815474
0.0824599
0.0834206
0.0844248
0.0854669
0.0865404
0.0876377
0.0887504
0.0898689
0.0909825
0.0920793
0.0931464
0.0941694
0.0951334
0.0960229
0.0968225
0.097518
0.0980968
0.109299
