1.09465e-17
9.53734e-18
1.06144e-17
1.36266e-17
1.87063e-17
2.64109e-17
3.76939e-17
5.39844e-17
7.73454e-17
1.10713e-16
1.58241e-16
2.25781e-16
3.21557e-16
4.57101e-16
6.48545e-16
9.18414e-16
1.29809e-15
1.83123e-15
2.57839e-15
3.62347e-15
5.08241e-15
7.11519e-15
9.94201e-15
1.38654e-14
1.93004e-14
2.68146e-14
3.71835e-14
5.14639e-14
7.10936e-14
9.80244e-14
1.349e-13
1.85297e-13
2.5404e-13
3.47627e-13
4.74792e-13
6.47249e-13
8.80683e-13
1.19605e-12
1.62128e-12
2.19355e-12
2.96223e-12
3.99277e-12
5.37171e-12
7.2133e-12
9.66808e-12
1.2934e-11
1.72706e-11
2.30182e-11
3.06211e-11
4.0659e-11
5.38867e-11
7.12844e-11
9.41233e-11
1.24048e-10
1.63182e-10
2.14262e-10
2.80808e-10
3.67338e-10
4.7964e-10
6.25112e-10
8.13195e-10
1.05591e-09
1.36852e-09
1.77041e-09
2.28608e-09
2.9465e-09
3.79069e-09
4.86776e-09
6.23933e-09
7.98264e-09
1.01942e-08
1.29946e-08
1.65338e-08
2.09983e-08
2.66194e-08
3.36833e-08
4.25436e-08
5.36362e-08
6.74973e-08
8.47852e-08
1.06307e-07
1.33047e-07
1.66211e-07
2.07262e-07
2.57982e-07
3.20529e-07
3.97516e-07
4.92099e-07
6.0808e-07
7.50034e-07
9.23448e-07
1.1349e-06
1.39224e-06
1.70485e-06
2.08387e-06
2.54256e-06
3.09662e-06
3.76461e-06
4.56846e-06
5.53397e-06
6.69148e-06
8.07656e-06
9.73083e-06
1.17029e-05
1.40494e-05
1.68362e-05
2.01397e-05
2.40482e-05
2.86641e-05
3.41049e-05
4.05061e-05
4.8023e-05
5.68336e-05
6.71411e-05
7.91769e-05
9.32047e-05
0.000109523
0.000128471
0.00015043
0.000175832
0.00020516
0.000238957
0.000277832
0.000322464
0.000373607
0.000432103
0.000498882
0.000574974
0.000661514
0.000759752
0.000871059
0.000996937
0.00113903
0.00129911
0.00147914
0.0016812
0.00190758
0.00216072
0.00244326
0.00275802
0.00310802
0.00349648
0.00392682
0.00440267
0.00492785
0.00550641
0.0061426
0.00684086
0.00760583
0.00844233
0.00935539
0.0103502
0.0114321
0.0126065
0.0138791
0.0152556
0.0167417
0.0183434
0.0200666
0.0219172
0.0239011
0.0260242
0.0282924
0.0307112
0.0332863
0.0360231
0.0389268
0.0420024
0.0452546
0.0486878
0.052306
0.056113
0.0601121
0.064306
0.0686973
0.0732878
0.0780787
0.083071
0.0882647
0.0936594
0.0992539
0.105047
0.111035
0.117215
0.123584
0.130136
0.136866
0.143768
0.150834
0.158056
0.165426
0.172934
0.180569
0.188321
0.196178
0.204126
0.212153
0.220246
0.22839
0.236571
0.244773
0.252982
0.261183
0.26936
0.277499
0.285584
0.293601
0.301535
0.309373
0.317101
0.324706
0.332176
0.339498
0.346661
0.353654
0.360465
0.367085
0.3735
0.379702
0.385678
0.391417
0.396907
0.402135
0.407088
0.411752
0.416113
0.420156
0.423868
0.427233
0.43024
0.432876
0.43513
0.436996
0.438468
0.439547
0.440234
0.440537
0.44047
0.44005
0.439297
0.438239
0.436905
0.435325
0.433531
0.431555
0.429423
0.427158
0.424774
0.422277
0.419661
0.416906
0.41398
0.410837
0.407417
0.403648
0.399453
0.394747
0.389449
0.383482
0.376787
0.369324
0.361085
0.352099
0.342441
0.332233
0.321649
0.310913
0.300287
0.290066
0.280549
0.272022
0.264721
0.2588
0.2543
0.25112
0.248995
0.247501
0.246068
0.244019
0.240632
0.23522
0.22721
0.216229
0.202168
0.185217
0.165865
0.144851
0.123092
0.101571
0.081222
0.062829
0.0469454
0.0338556
0.0235793
0.0159124
0.0104939
0.00688348
0.0046324
0.00333861
0.00300105
