0.371548
0.370641
0.370214
0.370509
0.371623
0.373509
0.375993
0.378812
0.381653
0.384203
0.386187
0.387397
0.387712
0.387094
0.385587
0.383291
0.380349
0.376918
0.37315
0.36918
0.36511
0.361013
0.356925
0.352856
0.348792
0.344707
0.340564
0.336328
0.331966
0.327453
0.322776
0.317928
0.312916
0.307754
0.302463
0.29707
0.291607
0.286107
0.280605
0.275135
0.269729
0.264419
0.259235
0.254201
0.249343
0.244682
0.240236
0.23602
0.23205
0.228337
0.22489
0.221716
0.218822
0.216211
0.213883
0.21184
0.210078
0.208593
0.207377
0.206423
0.205717
0.205248
0.204998
0.204949
0.205081
0.20537
0.205793
0.206322
0.206929
0.207586
0.20826
0.208921
0.209537
0.210075
0.210506
0.210796
0.210917
0.21084
0.210539
0.209988
0.209165
0.208052
0.206631
0.20489
0.202818
0.20041
0.197661
0.194574
0.191152
0.187403
0.183338
0.178973
0.174324
0.169411
0.164258
0.15889
0.153333
0.147616
0.141769
0.135822
0.129805
0.123751
0.117691
0.111654
0.105671
0.0997714
0.0939828
0.0883318
0.0828441
0.0775433
0.072452
0.067591
0.0629798
0.0586364
0.0545775
0.0508184
0.0473735
0.044256
0.0414781
0.0390512
0.0369861
0.0352925
0.0339795
0.0330556
0.0325282
0.0324038
0.0326877
0.0333838
0.0344943
0.0360194
0.0379568
0.0403018
0.0430462
0.0461783
0.0496825
0.0535391
0.0577234
0.0622063
0.0669534
0.0719256
0.0770787
0.0823637
0.0877275
0.093113
0.0984598
0.103705
0.108785
0.113634
0.118189
0.122386
0.126167
0.129476
0.132263
0.134484
0.136104
0.137094
0.137436
0.137119
0.136144
0.13452
0.132268
0.129415
0.125998
0.122062
0.117659
0.112845
0.10768
0.102231
0.0965604
0.0907359
0.084822
0.0788811
0.0729727
0.0671516
0.0614677
0.0559654
0.0506826
0.0456511
0.0408962
0.0364368
0.0322857
0.0284498
0.024931
0.0217263
0.0188286
0.0162276
0.0139101
0.011861
0.0100638
0.00850154
0.00715714
0.00601429
0.00505788
0.00427466
0.0036537
0.00318696
0.00286973
0.00270107
0.0026842
0.00282684
0.00314146
0.0036454
0.00436081
0.00531449
0.00653735
0.00806366
0.00992991
0.0121733
0.01483
0.0179324
0.0215071
0.0255715
0.0301313
0.0351767
0.0406805
0.0465951
0.0528512
0.0593569
0.0659985
0.072642
0.0791365
0.0853191
0.0910202
0.0960713
0.100312
0.1036
0.105814
0.106867
0.106707
0.105323
0.102746
0.0990469
0.0943367
0.0887574
0.0824771
0.0756806
0.0685602
0.0613067
0.0541004
0.0471037
0.0404552
0.0342653
0.028615
0.0235547
0.0191072
0.0152697
0.0120186
0.00931416
0.00710496
0.00533296
0.00393748
0.00285864
0.00204001
0.00143043
0.000985126
0.00066607
0.000441934
0.000287609
0.000183501
0.00011472
7.02368e-05
4.20886e-05
2.467e-05
1.4135e-05
7.91114e-06
4.32198e-06
2.30294e-06
1.19585e-06
6.04608e-07
2.97342e-07
1.42095e-07
6.59113e-08
2.96402e-08
1.29057e-08
5.43324e-09
2.20828e-09
8.65069e-10
3.26037e-10
1.1799e-10
4.09112e-11
1.35585e-11
4.2835e-12
1.2862e-12
3.65842e-13
9.82073e-14
2.47793e-14
5.85262e-15
1.29062e-15
2.67181e-16
5.4049e-17
1.24776e-17
4.41049e-18
2.47235e-18
1.69155e-18
1.21952e-18
8.98861e-19
6.84743e-19
5.58587e-19
5.20061e-19
6.7665e-19
