0.0407764
0.0398865
0.0392944
0.0389837
0.0389342
0.0391225
0.0395221
0.040104
0.0408377
0.0416914
0.0426332
0.0436323
0.044659
0.0456866
0.0466914
0.0476537
0.0485581
0.0493934
0.0501531
0.0508348
0.0514397
0.0519726
0.0524407
0.052853
0.05322
0.0535523
0.0538608
0.0541555
0.0544455
0.0547385
0.0550407
0.055357
0.0556906
0.0560438
0.0564177
0.0568128
0.0572291
0.057667
0.0581268
0.0586096
0.0591175
0.0596534
0.060221
0.0608254
0.0614721
0.0621671
0.0629163
0.0637254
0.0645989
0.0655395
0.0665481
0.0676225
0.0687579
0.0699458
0.0711745
0.072429
0.0736914
0.0749419
0.0761588
0.0773201
0.0784044
0.0793919
0.0802657
0.0810126
0.081624
0.0820967
0.0824332
0.0826417
0.0827358
0.0827344
0.0826604
0.08254
0.0824016
0.082274
0.0821857
0.0821635
0.0822312
0.0824085
0.0827108
0.0831483
0.0837262
0.0844443
0.0852978
0.0862775
0.0873707
0.088562
0.0898343
0.0911693
0.0925487
0.0939547
0.0953707
0.0967819
0.0981751
0.0995398
0.100867
0.102152
0.103389
0.104578
0.105718
0.106813
0.107867
0.108886
0.10988
0.110858
0.111834
0.112822
0.113838
0.114898
0.11602
0.117223
0.118525
0.119941
0.121487
0.123175
0.125011
0.127001
0.129142
0.131428
0.133844
0.136373
0.138988
0.141659
0.144348
0.147015
0.149614
0.152101
0.154425
0.156541
0.158402
0.159965
0.161192
0.16205
0.162514
0.162566
0.162195
0.161399
0.160186
0.158572
0.156579
0.154239
0.151589
0.148672
0.145536
0.142231
0.138809
0.135322
0.131823
0.128361
0.124984
0.121735
0.118652
0.115769
0.113115
0.110711
0.108575
0.106717
0.105145
0.10386
0.102858
0.102133
0.101675
0.101471
0.101506
0.101763
0.102225
0.102873
0.103689
0.104655
0.105753
0.106965
0.108276
0.10967
0.111133
0.112651
0.114214
0.115811
0.117432
0.119069
0.120716
0.122365
0.124011
0.125651
0.127279
0.128893
0.130489
0.132063
0.133614
0.135138
0.136632
0.138093
0.139516
0.140897
0.142233
0.143516
0.144743
0.145906
0.147
0.148017
0.148951
0.149796
0.150544
0.151189
0.151726
0.152149
0.152455
0.152641
0.152704
0.152644
0.152462
0.152161
0.151744
0.151217
0.150586
0.149859
0.149046
0.148156
0.147201
0.146193
0.145144
0.144066
0.142973
0.141876
0.140788
0.139721
0.138687
0.137696
0.136759
0.135885
0.135085
0.134366
0.133737
0.133207
0.132781
0.132468
0.132274
0.132205
0.132267
0.132463
0.132797
0.133272
0.133887
0.134642
0.135532
0.136554
0.137699
0.13896
0.140327
0.141787
0.143331
0.144947
0.146625
0.148355
0.15013
0.151943
0.153791
0.155669
0.157573
0.159499
0.161441
0.16339
0.165334
0.167255
0.169133
0.170944
0.172662
0.17426
0.175711
0.176993
0.178091
0.178994
0.179703
0.180228
0.180588
0.180808
0.180924
0.180969
0.180982
0.180996
0.18104
0.181134
0.181289
0.181506
0.181778
0.182087
0.182411
0.182722
0.182991
0.183189
0.18329
0.183272
0.183119
0.182824
0.182387
0.181814
0.181122
0.180333
0.179477
0.178586
0.177695
0.19723
