0.355714
0.358505
0.359759
0.359612
0.358295
0.356098
0.353329
0.350273
0.347153
0.344117
0.341218
0.338425
0.33564
0.332722
0.329517
0.325884
0.321723
0.316986
0.311687
0.305897
0.299737
0.293364
0.28695
0.280671
0.274689
0.269139
0.264128
0.259724
0.255964
0.252853
0.250371
0.248479
0.247126
0.246254
0.245806
0.245725
0.24596
0.24647
0.247219
0.248179
0.249329
0.250654
0.252143
0.253788
0.255581
0.257516
0.259584
0.261775
0.264075
0.266469
0.268936
0.271453
0.273993
0.276525
0.279019
0.281438
0.283747
0.285908
0.287886
0.289642
0.291142
0.292352
0.293241
0.29378
0.293943
0.293709
0.29306
0.291982
0.290465
0.288502
0.286093
0.28324
0.27995
0.276231
0.272099
0.26757
0.262665
0.257406
0.251819
0.24593
0.23977
0.233368
0.226756
0.219966
0.21303
0.205981
0.198852
0.191675
0.184479
0.177296
0.170153
0.16308
0.156101
0.149241
0.142524
0.13597
0.129599
0.12343
0.117479
0.111762
0.106293
0.101084
0.0961484
0.0914965
0.087139
0.0830857
0.079346
0.075929
0.0728436
0.0700981
0.067701
0.0656602
0.0639834
0.0626779
0.0617499
0.0612052
0.0610482
0.0612817
0.0619069
0.0629227
0.0643253
0.0661082
0.0682611
0.0707703
0.0736181
0.0767821
0.0802358
0.0839478
0.0878821
0.0919982
0.0962512
0.100592
0.104969
0.109326
0.113607
0.117751
0.1217
0.125394
0.128777
0.131794
0.134394
0.136531
0.138165
0.139261
0.139793
0.139743
0.1391
0.137863
0.13604
0.133646
0.130705
0.127249
0.123317
0.118954
0.114209
0.109138
0.103798
0.0982466
0.0925447
0.0867512
0.0809233
0.075116
0.0693805
0.063764
0.0583086
0.0530511
0.048023
0.0432496
0.0387508
0.0345407
0.0306283
0.0270173
0.023707
0.0206927
0.0179663
0.0155164
0.0133298
0.0113911
0.00968401
0.00819132
0.00689579
0.00578041
0.00482888
0.00402596
0.00335783
0.00281243
0.00237971
0.002052
0.0018242
0.0016941
0.00166265
0.00173418
0.00191666
0.0022219
0.00266566
0.00326771
0.00405178
0.00504528
0.00627889
0.00778584
0.00960095
0.0117593
0.0142947
0.0172375
0.0206127
0.0244374
0.0287178
0.0334474
0.038604
0.0441478
0.0500202
0.0561427
0.0624174
0.0687283
0.0749437
0.0809199
0.0865061
0.0915499
0.095904
0.0994327
0.102019
0.103571
0.104025
0.103353
0.101562
0.0986971
0.094836
0.0900892
0.0845929
0.0785031
0.0719876
0.0652188
0.0583652
0.0515847
0.0450187
0.0387867
0.0329839
0.0276797
0.0229174
0.0187162
0.0150735
0.0119688
0.00936742
0.00722447
0.00548899
0.0041073
0.003026
0.00219432
0.00156569
0.00109887
0.00075835
0.000514417
0.000342862
0.000224444
0.000144245
9.09709e-05
5.62752e-05
3.41296e-05
2.02827e-05
1.18049e-05
6.72507e-06
3.74772e-06
2.04173e-06
1.08667e-06
5.64621e-07
2.86185e-07
1.4139e-07
6.80312e-08
3.18511e-08
1.44965e-08
6.40775e-09
2.7482e-09
1.1427e-09
4.60415e-10
1.79834e-10
6.82627e-11
2.53677e-11
9.39804e-12
3.60808e-12
1.53228e-12
7.69784e-13
4.63076e-13
3.16703e-13
2.3143e-13
1.73814e-13
1.31778e-13
1.00144e-13
7.6094e-14
5.77686e-14
4.38139e-14
3.32063e-14
2.51644e-14
1.90916e-14
1.45358e-14
1.11593e-14
8.71902e-15
7.05681e-15
6.1058e-15
5.92638e-15
7.70476e-15
