0.188633
0.187306
0.186321
0.185808
0.185873
0.186595
0.188019
0.190155
0.192976
0.196411
0.200357
0.204678
0.209218
0.213813
0.218306
0.222558
0.226462
0.229946
0.232985
0.235588
0.237799
0.239681
0.241306
0.242741
0.244033
0.245205
0.246249
0.247125
0.247768
0.248095
0.248013
0.247434
0.246284
0.244512
0.242094
0.239042
0.235397
0.23123
0.226636
0.221726
0.216621
0.211443
0.206311
0.201332
0.196599
0.192188
0.188158
0.18455
0.181385
0.178673
0.176407
0.174569
0.173135
0.172069
0.171335
0.170889
0.170688
0.170687
0.17084
0.171106
0.171444
0.171815
0.172186
0.172529
0.172818
0.173036
0.173169
0.173211
0.173162
0.173026
0.172815
0.172545
0.172237
0.171915
0.171607
0.171345
0.171159
0.171084
0.17115
0.171391
0.171834
0.172506
0.173432
0.17463
0.176116
0.1779
0.179986
0.182376
0.185063
0.188036
0.191279
0.194771
0.198484
0.202388
0.206448
0.210623
0.214871
0.219147
0.223402
0.227587
0.231651
0.235544
0.239216
0.242616
0.245699
0.24842
0.250737
0.252614
0.254019
0.254925
0.25531
0.25516
0.254466
0.253226
0.251444
0.249132
0.246306
0.242992
0.239217
0.235016
0.230427
0.225493
0.220259
0.214772
0.209081
0.203235
0.197283
0.191271
0.185247
0.179253
0.173329
0.167511
0.161834
0.156324
0.151005
0.145898
0.141018
0.136374
0.131975
0.127822
0.123915
0.120251
0.116821
0.113618
0.11063
0.107845
0.105249
0.102828
0.100566
0.0984488
0.0964615
0.0945894
0.0928189
0.0911366
0.0895304
0.0879888
0.0865017
0.0850598
0.0836548
0.0822796
0.0809283
0.0795957
0.0782779
0.0769719
0.0756758
0.0743887
0.0731109
0.0718437
0.0705897
0.069353
0.068139
0.0669549
0.0658094
0.0647136
0.0636803
0.0627249
0.0618649
0.0611205
0.060514
0.0600699
0.0598148
0.0597765
0.0599837
0.0604649
0.0612477
0.062357
0.0638143
0.0656353
0.0678288
0.0703951
0.0733238
0.0765931
0.080168
0.0840003
0.0880275
0.0921742
0.0963524
0.100464
0.104401
0.108054
0.111309
0.114057
0.116196
0.117635
0.118299
0.118134
0.117105
0.115203
0.112445
0.108872
0.104546
0.0995538
0.0939967
0.08799
0.0816571
0.0751246
0.0685177
0.0619551
0.0555453
0.0493833
0.0435483
0.0381019
0.0330885
0.0285346
0.0244512
0.0208345
0.0176689
0.0149292
0.012583
0.0105935
0.00892119
0.00752637
0.00637034
0.00541674
0.00463234
0.00398758
0.00345674
0.00301794
0.0026529
0.00234668
0.00208723
0.00186501
0.00167255
0.0015041
0.00135525
0.00122262
0.00110367
0.00099643
0.000899396
0.000811379
0.000731423
0.000658743
0.000592674
0.000532637
0.000478123
0.00042867
0.000383859
0.000343302
0.000306644
0.000273554
0.000243723
0.00021687
0.000192728
0.000171056
0.000151626
0.000134231
0.00011868
0.000104796
9.24179e-05
8.13975e-05
7.15993e-05
6.29e-05
5.5187e-05
4.83578e-05
4.23197e-05
3.69884e-05
3.22877e-05
2.8149e-05
2.45101e-05
2.13154e-05
1.85148e-05
1.60633e-05
1.39208e-05
1.20515e-05
1.04236e-05
9.00872e-06
7.78184e-06
6.72094e-06
5.80677e-06
5.02265e-06
4.35432e-06
3.78988e-06
3.31985e-06
2.93734e-06
2.63849e-06
2.42333e-06
2.29741e-06
2.27458e-06
2.38194e-06
3.01944e-06
