0.171452
0.162575
0.155084
0.148945
0.144067
0.140327
0.137589
0.13572
0.134595
0.134105
0.134153
0.134655
0.135543
0.136755
0.13824
0.139952
0.141851
0.143901
0.14607
0.148329
0.150649
0.153007
0.155379
0.157743
0.160082
0.162377
0.164612
0.166774
0.16885
0.170828
0.1727
0.174458
0.176096
0.17761
0.178995
0.180252
0.181379
0.182379
0.183254
0.184008
0.184647
0.185176
0.185604
0.185939
0.18619
0.186367
0.186482
0.186544
0.186566
0.186558
0.186534
0.186503
0.186477
0.186467
0.186483
0.186534
0.186629
0.186775
0.186978
0.187245
0.187577
0.187978
0.188449
0.188989
0.189596
0.190266
0.190994
0.191774
0.192596
0.193452
0.19433
0.195219
0.196106
0.196977
0.197817
0.198611
0.199345
0.200001
0.200566
0.201024
0.20136
0.201561
0.201613
0.201506
0.201228
0.200772
0.20013
0.199298
0.198271
0.197051
0.195637
0.194035
0.192249
0.190289
0.188166
0.185893
0.183485
0.180961
0.178339
0.175642
0.172892
0.170114
0.167333
0.164577
0.161871
0.159243
0.15672
0.154329
0.152094
0.150041
0.148192
0.146568
0.145186
0.144063
0.143211
0.142641
0.142356
0.142361
0.142652
0.143224
0.144068
0.145169
0.146509
0.148067
0.149817
0.15173
0.153774
0.155914
0.158114
0.160333
0.162533
0.164671
0.166706
0.168597
0.170305
0.17179
0.173017
0.173952
0.174565
0.17483
0.174723
0.174228
0.173331
0.172025
0.170307
0.168181
0.165653
0.162739
0.159456
0.155829
0.151887
0.147662
0.143192
0.138519
0.133686
0.12874
0.123732
0.118713
0.113736
0.108854
0.104121
0.0995912
0.095317
0.0913497
0.0877384
0.0845294
0.0817658
0.0794864
0.0777254
0.0765115
0.0758672
0.0758081
0.0763424
0.0774702
0.0791828
0.0814624
0.084282
0.0876047
0.0913841
0.0955645
0.100081
0.104861
0.109823
0.114882
0.119945
0.124917
0.129703
0.134206
0.138334
0.141997
0.145113
0.147609
0.149423
0.150502
0.15081
0.150322
0.149031
0.146943
0.14408
0.140476
0.136182
0.131257
0.125773
0.119808
0.113447
0.10678
0.0998979
0.09289
0.0858444
0.0788447
0.0719685
0.0652866
0.0588619
0.052749
0.0469941
0.0416352
0.0367033
0.0322224
0.0282119
0.0246871
0.0216617
0.0191485
0.017162
0.0157189
0.0148397
0.0145494
0.0148768
0.0158547
0.0175173
0.0198986
0.0230281
0.026927
0.031603
0.0370447
0.0432163
0.0500527
0.0574548
0.0652878
0.0733802
0.0815267
0.0894929
0.0970237
0.103855
0.109724
0.114391
0.117645
0.119325
0.119331
0.11763
0.114262
0.109341
0.103046
0.0956099
0.0873096
0.0784438
0.0693166
0.0602192
0.051414
0.0431216
0.0355131
0.0287052
0.0227616
0.0176965
0.0134829
0.0100608
0.00734809
0.00524953
0.00366578
0.00250026
0.00166429
0.00108023
0.000683042
0.000420317
0.000251437
0.000146044
8.2258e-05
4.48629e-05
2.36554e-05
1.2038e-05
5.90102e-06
2.78048e-06
1.25631e-06
5.42861e-07
2.23656e-07
8.75529e-08
3.24367e-08
1.1321e-08
3.70244e-09
1.12742e-09
3.17231e-10
8.1718e-11
1.90496e-11
3.95969e-12
7.19718e-13
1.11355e-13
1.41005e-14
1.37241e-15
9.14682e-17
3.13962e-18
1.87501e-24
