0.171427
0.172899
0.174253
0.17547
0.176536
0.177434
0.178151
0.178675
0.178997
0.17911
0.179009
0.178693
0.178161
0.17742
0.176473
0.175332
0.174006
0.17251
0.170857
0.169064
0.167149
0.165129
0.163023
0.160849
0.158625
0.156369
0.154097
0.151826
0.14957
0.147345
0.145163
0.143036
0.140974
0.138988
0.137087
0.135277
0.133564
0.131954
0.130449
0.129052
0.127764
0.126582
0.125506
0.124529
0.123648
0.122855
0.122143
0.121501
0.120922
0.120395
0.119911
0.119458
0.119028
0.118612
0.118203
0.117793
0.117376
0.116949
0.116506
0.116047
0.115569
0.115071
0.114554
0.114017
0.113462
0.11289
0.112301
0.111698
0.111081
0.110453
0.109815
0.109168
0.108514
0.107855
0.107193
0.106531
0.10587
0.105214
0.104564
0.103923
0.103294
0.102679
0.102082
0.101503
0.100945
0.100409
0.0998965
0.0994086
0.0989457
0.098508
0.0980957
0.0977087
0.0973468
0.0970099
0.0966981
0.0964114
0.0961502
0.0959151
0.0957071
0.0955274
0.0953776
0.0952596
0.0951755
0.0951277
0.0951188
0.0951514
0.0952282
0.0953519
0.0955251
0.0957502
0.0960294
0.0963646
0.0967574
0.0972087
0.0977192
0.0982889
0.0989171
0.0996027
0.100344
0.101137
0.10198
0.102867
0.103795
0.104756
0.105745
0.106755
0.107777
0.108804
0.109827
0.110838
0.111828
0.112787
0.113708
0.114582
0.115401
0.116159
0.116849
0.117466
0.118006
0.118466
0.118843
0.119137
0.119348
0.119479
0.119531
0.11951
0.119419
0.119266
0.119056
0.118798
0.118498
0.118165
0.117808
0.117434
0.117051
0.116667
0.11629
0.115925
0.115579
0.115257
0.114963
0.114701
0.114474
0.114282
0.114127
0.11401
0.113929
0.113883
0.11387
0.113888
0.113934
0.114004
0.114094
0.114201
0.11432
0.114448
0.11458
0.114712
0.114842
0.114965
0.115079
0.115183
0.115275
0.115355
0.115424
0.115482
0.115532
0.115577
0.115622
0.115672
0.115731
0.115807
0.115906
0.116034
0.116198
0.116404
0.116658
0.116965
0.117328
0.117752
0.118237
0.118783
0.119389
0.120053
0.120768
0.12153
0.122332
0.123163
0.124014
0.124875
0.125733
0.126577
0.127394
0.128171
0.128898
0.129561
0.130149
0.130653
0.131063
0.13137
0.131569
0.131652
0.131617
0.13146
0.131181
0.130781
0.13026
0.129622
0.128873
0.128019
0.127068
0.126027
0.124908
0.123721
0.122477
0.121189
0.119869
0.118531
0.117186
0.115849
0.114531
0.113245
0.112002
0.110812
0.109684
0.108627
0.107648
0.106751
0.105942
0.105221
0.104591
0.10405
0.103595
0.103225
0.102933
0.102715
0.102563
0.10247
0.102428
0.102431
0.102471
0.10254
0.102633
0.102746
0.102873
0.103013
0.103163
0.103325
0.103497
0.10368
0.103877
0.104088
0.104315
0.104557
0.104815
0.105088
0.105373
0.105669
0.105971
0.106277
0.106583
0.106886
0.107184
0.107475
0.107757
0.10803
0.108294
0.108551
0.108799
0.109042
0.109278
0.109507
0.109728
0.109939
0.110136
0.110315
0.11047
0.110596
0.110685
0.123683
