0.123585
0.124292
0.124929
0.125484
0.125952
0.126329
0.12662
0.126833
0.126976
0.127065
0.127111
0.127131
0.127137
0.127141
0.127155
0.127189
0.127249
0.127342
0.127473
0.127647
0.127867
0.128137
0.128462
0.128847
0.1293
0.129827
0.130439
0.131145
0.131956
0.132883
0.133936
0.135125
0.136457
0.137936
0.139565
0.141342
0.143263
0.145317
0.147494
0.149778
0.152151
0.154593
0.157083
0.159598
0.162115
0.164611
0.167062
0.169446
0.17174
0.173924
0.175976
0.177877
0.179607
0.181149
0.182488
0.183607
0.184496
0.185143
0.185542
0.185687
0.185578
0.185216
0.184606
0.183758
0.182684
0.181397
0.179916
0.178261
0.176452
0.174512
0.172464
0.170331
0.168134
0.165894
0.163632
0.161365
0.159108
0.156875
0.154676
0.15252
0.150412
0.148355
0.146352
0.144401
0.142502
0.140651
0.138845
0.137079
0.13535
0.133651
0.131981
0.130335
0.128712
0.127109
0.125526
0.123963
0.122423
0.120906
0.119417
0.117959
0.116537
0.115157
0.113822
0.112541
0.111317
0.110157
0.109066
0.10805
0.107114
0.106261
0.105496
0.104821
0.10424
0.103755
0.103365
0.103072
0.102875
0.102771
0.102759
0.102834
0.102992
0.103229
0.103536
0.103908
0.104336
0.104813
0.105328
0.105874
0.10644
0.107019
0.107601
0.108179
0.108745
0.109294
0.109821
0.110322
0.110797
0.111244
0.111665
0.112063
0.112443
0.11281
0.113172
0.113536
0.113911
0.114306
0.11473
0.115191
0.115698
0.116257
0.116876
0.117559
0.118309
0.119129
0.120017
0.120974
0.121994
0.123072
0.124203
0.125376
0.126583
0.127811
0.12905
0.130285
0.131503
0.132689
0.13383
0.134911
0.135918
0.136838
0.137658
0.138366
0.138951
0.139404
0.139717
0.139885
0.139901
0.139763
0.13947
0.139023
0.138424
0.137676
0.136785
0.135759
0.134605
0.133332
0.131952
0.130475
0.128913
0.127278
0.125583
0.123841
0.122066
0.12027
0.118467
0.116669
0.11489
0.113142
0.111437
0.109785
0.108198
0.106684
0.105251
0.103907
0.102656
0.101502
0.100447
0.0994908
0.0986322
0.0978673
0.0971913
0.0965977
0.0960788
0.0956262
0.0952305
0.0948822
0.0945716
0.0942893
0.0940264
0.0937745
0.0935261
0.0932748
0.0930149
0.0927418
0.0924518
0.0921422
0.0918108
0.0914564
0.0910782
0.090676
0.0902503
0.0898017
0.0893319
0.0888428
0.0883372
0.0878187
0.0872916
0.0867613
0.0862341
0.0857171
0.0852182
0.0847462
0.08431
0.0839188
0.0835816
0.0833068
0.0831021
0.0829738
0.0829266
0.0829634
0.0830851
0.0832905
0.0835761
0.0839363
0.0843635
0.0848482
0.0853796
0.0859456
0.0865334
0.0871298
0.0877214
0.0882954
0.0888395
0.0893425
0.0897944
0.0901864
0.0905116
0.0907642
0.0909404
0.0910376
0.0910548
0.0909923
0.0908515
0.0906347
0.0903452
0.0899866
0.0895636
0.0890807
0.0885433
0.0879567
0.0873267
0.0866595
0.0859617
0.0852402
0.0845027
0.0837573
0.0830128
0.0822785
0.0815642
0.0808799
0.0802359
0.0796423
0.0791086
0.0786438
0.0782559
0.0779517
0.077737
0.0776159
0.0775919
0.0856648
