0.262396
0.262726
0.261986
0.260182
0.257356
0.253589
0.248995
0.24371
0.237885
0.231681
0.225259
0.218775
0.212371
0.206173
0.20028
0.19477
0.189689
0.185052
0.180848
0.177039
0.173565
0.170356
0.167334
0.164424
0.161565
0.15871
0.155836
0.152944
0.150053
0.147204
0.144446
0.141832
0.139411
0.137222
0.135285
0.1336
0.132147
0.130888
0.129769
0.128726
0.127697
0.126618
0.12544
0.124126
0.122657
0.121033
0.119272
0.117407
0.115486
0.113562
0.111698
0.109955
0.108394
0.107068
0.106028
0.105315
0.104962
0.104996
0.105436
0.106297
0.107586
0.109309
0.111468
0.11406
0.117081
0.120525
0.124381
0.128637
0.133277
0.138279
0.143619
0.149267
0.155188
0.161343
0.167687
0.174172
0.180744
0.187348
0.193926
0.200417
0.20676
0.212896
0.218766
0.224314
0.229486
0.234236
0.238519
0.242298
0.245544
0.248231
0.250343
0.251871
0.252813
0.253172
0.252962
0.252201
0.250911
0.249124
0.246873
0.244197
0.241136
0.237735
0.234041
0.230098
0.225955
0.221656
0.217248
0.212774
0.208273
0.203784
0.199342
0.194976
0.190715
0.18658
0.182591
0.178763
0.175105
0.171626
0.168329
0.165213
0.162275
0.15951
0.156911
0.154466
0.152166
0.149998
0.147949
0.146007
0.144158
0.14239
0.14069
0.139049
0.137455
0.1359
0.134377
0.132879
0.131401
0.12994
0.128493
0.127059
0.125638
0.124231
0.122838
0.121463
0.120107
0.118774
0.117466
0.116187
0.11494
0.113728
0.112554
0.111421
0.110332
0.109288
0.108291
0.107345
0.10645
0.105609
0.104824
0.104099
0.103436
0.10284
0.102317
0.101874
0.101518
0.10126
0.101112
0.101087
0.101201
0.101472
0.101919
0.102563
0.103425
0.104526
0.105888
0.107529
0.109467
0.111712
0.114273
0.117149
0.120333
0.123806
0.127542
0.131502
0.135637
0.139884
0.144172
0.148421
0.152541
0.156438
0.160014
0.163174
0.165823
0.167877
0.169261
0.169914
0.16979
0.168865
0.167134
0.16461
0.161331
0.15735
0.152741
0.147589
0.141993
0.136056
0.129888
0.123595
0.11728
0.111039
0.104957
0.0991062
0.0935452
0.0883181
0.0834546
0.0789706
0.0748696
0.071144
0.0677775
0.0647464
0.0620223
0.0595734
0.0573665
0.0553685
0.0535475
0.0518738
0.0503203
0.0488631
0.0474815
0.0461582
0.044879
0.0436323
0.0424092
0.0412032
0.0400093
0.0388243
0.0376461
0.0364736
0.0353067
0.0341456
0.0329909
0.0318438
0.0307054
0.0295772
0.0284605
0.0273568
0.0262676
0.0251944
0.0241384
0.0231011
0.0220837
0.0210874
0.0201133
0.0191624
0.0182356
0.0173337
0.0164574
0.0156073
0.0147839
0.0139877
0.0132188
0.0124776
0.0117641
0.0110784
0.0104204
0.00978991
0.00918679
0.00861071
0.00806132
0.0075382
0.00704086
0.0065688
0.00612144
0.00569818
0.00529839
0.00492141
0.00456656
0.00423317
0.00392053
0.00362796
0.00335479
0.00310034
0.00286399
0.00264513
0.0024432
0.00225769
0.00208817
0.00193428
0.0017958
0.00167261
0.00156479
0.00147267
0.00139691
0.00133858
0.00129942
0.00128198
0.00129
0.00132884
0.001406
0.00173334
