2.95923e-20
2.58809e-20
2.98066e-20
3.99075e-20
5.7021e-20
8.35305e-20
1.23424e-19
1.82776e-19
2.70588e-19
4.00071e-19
5.90511e-19
8.69986e-19
1.27927e-18
1.87742e-18
2.74986e-18
4.01982e-18
5.86474e-18
8.5396e-18
1.241e-17
1.79993e-17
2.60548e-17
3.76416e-17
5.42747e-17
7.81047e-17
1.12178e-16
1.60801e-16
2.3005e-16
3.28479e-16
4.68108e-16
6.65791e-16
9.45115e-16
1.33902e-15
1.8934e-15
2.67212e-15
3.7638e-15
5.29119e-15
7.42401e-15
1.03964e-14
1.45307e-14
2.02698e-14
2.8221e-14
3.92154e-14
5.4388e-14
7.52855e-14
1.04012e-13
1.43423e-13
1.97386e-13
2.71132e-13
3.71715e-13
5.08634e-13
6.94652e-13
9.46884e-13
1.28823e-12
1.74928e-12
2.3708e-12
3.207e-12
4.32985e-12
5.83471e-12
7.84759e-12
1.05348e-11
1.41152e-11
1.88766e-11
2.51961e-11
3.35675e-11
4.46353e-11
5.92399e-11
7.84741e-11
1.03757e-10
1.36925e-10
1.80355e-10
2.37112e-10
3.11141e-10
4.07514e-10
5.32731e-10
6.95112e-10
9.05282e-10
1.17678e-09
1.52683e-09
1.97729e-09
2.55584e-09
3.29749e-09
4.24637e-09
5.45807e-09
7.00242e-09
8.96694e-09
1.14612e-08
1.46219e-08
1.86194e-08
2.36657e-08
3.00236e-08
3.80189e-08
4.80537e-08
6.06245e-08
7.63417e-08
9.59555e-08
1.20385e-07
1.50755e-07
1.88436e-07
2.35101e-07
2.92781e-07
3.63939e-07
4.51557e-07
5.59237e-07
6.91319e-07
8.53025e-07
1.05062e-06
1.29161e-06
1.58497e-06
1.94139e-06
2.3736e-06
2.89672e-06
3.52867e-06
4.29064e-06
5.20761e-06
6.30903e-06
7.62946e-06
9.20946e-06
1.10964e-05
1.33458e-05
1.60219e-05
1.91997e-05
2.29662e-05
2.74217e-05
3.26825e-05
3.88821e-05
4.61743e-05
5.47352e-05
6.47665e-05
7.64983e-05
9.01929e-05
0.000106148
0.000124702
0.000146236
0.000171183
0.000200027
0.000233315
0.000271658
0.000315739
0.000366322
0.000424256
0.000490482
0.000566044
0.000652095
0.000749905
0.000860872
0.000986527
0.00112855
0.00128876
0.00146915
0.00167189
0.0018993
0.00215393
0.00243848
0.00275589
0.00310928
0.00350201
0.00393764
0.00441997
0.004953
0.005541
0.00618843
0.00690001
0.00768065
0.0085355
0.00946994
0.0104895
0.0116
0.0128074
0.0141177
0.0155373
0.0170726
0.01873
0.0205162
0.0224379
0.0245017
0.0267145
0.0290829
0.0316136
0.0343132
0.0371882
0.0402448
0.0434892
0.0469272
0.0505645
0.0544064
0.0584577
0.062723
0.0672063
0.0719113
0.076841
0.0819978
0.0873835
0.0929993
0.0988456
0.104922
0.111228
0.11776
0.124517
0.131495
0.138688
0.146092
0.1537
0.161505
0.169498
0.177671
0.186013
0.194513
0.203159
0.21194
0.220843
0.229852
0.238955
0.248137
0.257382
0.266674
0.275999
0.28534
0.29468
0.304004
0.313295
0.322536
0.331709
0.340798
0.349786
0.358654
0.367385
0.375959
0.384357
0.39256
0.400547
0.408298
0.415791
0.423006
0.42992
0.436513
0.442765
0.448656
0.454169
0.459289
0.464003
0.468301
0.472177
0.47563
0.478661
0.481276
0.483487
0.485306
0.486748
0.487831
0.488571
0.488983
0.489077
0.488859
0.488325
0.487463
0.486249
0.484646
0.482608
0.480074
0.476979
0.473246
0.468804
0.463581
0.457523
0.450593
0.442786
0.434135
0.424719
0.414669
0.404165
0.393437
0.382754
0.372401
0.362659
0.353768
0.345893
0.339083
0.33324
0.328099
0.323217
0.318
0.311741
0.303698
0.293179
0.279645
0.262801
0.24267
0.219624
0.19437
0.167881
0.141292
0.115756
0.0923112
0.0717598
0.054591
0.0409594
0.0307156
0.0234797
0.0187378
0.0178581
