0.0827632
0.0823127
0.0819733
0.0817409
0.0816101
0.0815749
0.0816285
0.0817637
0.0819731
0.0822497
0.0825866
0.0829771
0.0834155
0.0838961
0.0844141
0.0849647
0.0855437
0.0861468
0.0867699
0.087409
0.08806
0.0887186
0.0893809
0.0900427
0.0907003
0.0913499
0.0919884
0.0926128
0.0932207
0.0938104
0.0943805
0.0949302
0.0954594
0.0959684
0.0964579
0.0969291
0.0973836
0.0978231
0.0982497
0.0986656
0.0990732
0.0994747
0.0998725
0.100269
0.100666
0.101066
0.10147
0.10188
0.102298
0.102723
0.103158
0.103602
0.104056
0.104519
0.104992
0.105473
0.105962
0.106459
0.106962
0.107472
0.107987
0.108507
0.10903
0.109558
0.110088
0.110622
0.111158
0.111696
0.112237
0.11278
0.113325
0.113872
0.11442
0.11497
0.115522
0.116075
0.116628
0.117182
0.117736
0.11829
0.118844
0.119397
0.119949
0.1205
0.121049
0.121598
0.122145
0.12269
0.123234
0.123777
0.124318
0.124856
0.125393
0.125926
0.126455
0.12698
0.127499
0.128011
0.128514
0.129007
0.129488
0.129955
0.130406
0.130839
0.131252
0.131642
0.132008
0.132347
0.132657
0.132937
0.133184
0.133396
0.133572
0.133711
0.133811
0.13387
0.133888
0.133864
0.133796
0.133686
0.133531
0.133333
0.133093
0.132809
0.132485
0.13212
0.131717
0.131277
0.130804
0.130299
0.129766
0.129207
0.128627
0.128028
0.127415
0.126792
0.126161
0.125528
0.124896
0.124268
0.123649
0.123042
0.122449
0.121875
0.121321
0.12079
0.120284
0.119804
0.119353
0.11893
0.118537
0.118174
0.117841
0.117537
0.117262
0.117015
0.116795
0.116601
0.116431
0.116285
0.11616
0.116055
0.115969
0.1159
0.115847
0.115808
0.115783
0.115769
0.115766
0.115773
0.115789
0.115813
0.115843
0.11588
0.115922
0.115967
0.116017
0.116068
0.116121
0.116175
0.116228
0.11628
0.11633
0.116377
0.116421
0.11646
0.116494
0.116523
0.116546
0.116562
0.116573
0.116577
0.116574
0.116566
0.116551
0.116531
0.116506
0.116475
0.116441
0.116403
0.116361
0.116318
0.116272
0.116226
0.11618
0.116136
0.116093
0.116055
0.116022
0.115996
0.115979
0.115973
0.115981
0.116004
0.116046
0.116108
0.116193
0.116304
0.116442
0.116611
0.116811
0.117043
0.11731
0.117611
0.117946
0.118316
0.11872
0.119156
0.119623
0.12012
0.120645
0.121195
0.121769
0.122365
0.12298
0.123612
0.124259
0.124919
0.125591
0.126272
0.126961
0.127655
0.128354
0.129054
0.129754
0.130453
0.131148
0.131837
0.132519
0.133192
0.133855
0.134504
0.13514
0.135761
0.136365
0.136952
0.13752
0.138068
0.138595
0.1391
0.139582
0.140038
0.140467
0.140866
0.141233
0.141565
0.141859
0.142112
0.14232
0.142481
0.142592
0.142651
0.142656
0.142605
0.142498
0.142336
0.142117
0.141844
0.141518
0.141141
0.140716
0.140244
0.139729
0.139173
0.138578
0.137947
0.137282
0.136587
0.135862
0.135112
0.134337
0.133542
0.132729
0.131901
0.131063
0.130218
0.12937
0.128525
0.127686
0.140309
