0.172085
0.173431
0.174651
0.17573
0.176654
0.177408
0.177981
0.178362
0.178544
0.17852
0.178287
0.177844
0.177193
0.176339
0.17529
0.174053
0.172642
0.17107
0.169353
0.167506
0.165547
0.163495
0.161368
0.159184
0.15696
0.154715
0.152464
0.150222
0.148005
0.145825
0.143694
0.141623
0.139622
0.137698
0.13586
0.134113
0.132463
0.130912
0.129465
0.128122
0.126883
0.125749
0.124715
0.123778
0.122935
0.122177
0.121498
0.120891
0.120345
0.119851
0.1194
0.118982
0.118588
0.118208
0.117835
0.117461
0.11708
0.116688
0.116278
0.11585
0.115401
0.114929
0.114435
0.113919
0.113382
0.112824
0.112248
0.111656
0.111047
0.110426
0.109793
0.10915
0.1085
0.107844
0.107185
0.106525
0.105867
0.105212
0.104564
0.103926
0.1033
0.102689
0.102095
0.101522
0.100971
0.100444
0.0999438
0.0994703
0.0990249
0.0986081
0.0982204
0.0978618
0.0975322
0.0972315
0.0969595
0.0967161
0.0965014
0.0963156
0.0961592
0.0960329
0.0959377
0.095875
0.0958463
0.0958533
0.095898
0.0959824
0.0961086
0.0962789
0.0964951
0.0967593
0.0970731
0.097438
0.0978551
0.0983253
0.0988488
0.0994254
0.100054
0.100735
0.101464
0.10224
0.103059
0.103918
0.104812
0.105735
0.106681
0.107645
0.108618
0.109594
0.110565
0.111523
0.112458
0.113364
0.114233
0.115056
0.115826
0.116537
0.117183
0.117758
0.118259
0.118683
0.119028
0.119292
0.119477
0.119584
0.119615
0.119575
0.119468
0.119299
0.119075
0.118802
0.118489
0.118142
0.117769
0.117378
0.116977
0.116572
0.11617
0.115777
0.115399
0.115041
0.114707
0.1144
0.114123
0.113878
0.113667
0.113489
0.113344
0.113232
0.113152
0.113102
0.113079
0.113082
0.113107
0.113151
0.113212
0.113285
0.113368
0.113458
0.113552
0.113646
0.113739
0.11383
0.113917
0.114
0.114079
0.114156
0.114233
0.114311
0.114396
0.114491
0.114601
0.114731
0.114887
0.115075
0.1153
0.115567
0.115882
0.116248
0.116669
0.117147
0.117683
0.118276
0.118926
0.119627
0.120377
0.121169
0.121996
0.12285
0.123721
0.124598
0.125472
0.12633
0.12716
0.127952
0.128694
0.129374
0.129982
0.130509
0.130944
0.131281
0.131512
0.131632
0.131637
0.131524
0.131292
0.13094
0.130471
0.129887
0.129193
0.128394
0.127497
0.126512
0.125446
0.124311
0.123117
0.121876
0.120601
0.119303
0.117996
0.116691
0.115402
0.114139
0.112914
0.111737
0.110618
0.109563
0.108581
0.107675
0.106851
0.10611
0.105454
0.104882
0.104391
0.10398
0.103642
0.103375
0.10317
0.103023
0.102927
0.102875
0.102861
0.10288
0.102928
0.103001
0.103097
0.103213
0.10335
0.103508
0.103687
0.103888
0.104113
0.104361
0.104633
0.104929
0.105246
0.105582
0.105935
0.1063
0.106673
0.107052
0.107431
0.107808
0.108179
0.108543
0.1089
0.109247
0.109585
0.109913
0.110233
0.110543
0.110843
0.111131
0.111403
0.111658
0.111889
0.112092
0.112259
0.112385
0.112462
0.125606
