0.0932399
0.0936183
0.0941128
0.0947323
0.0954834
0.0963699
0.0973927
0.0985496
0.0998356
0.101243
0.102764
0.104389
0.106108
0.107912
0.109796
0.111754
0.113784
0.115885
0.118059
0.120309
0.122638
0.125052
0.127553
0.130143
0.132822
0.135589
0.138439
0.141364
0.144354
0.147395
0.150471
0.153566
0.156659
0.15973
0.162758
0.16572
0.168596
0.171364
0.174005
0.176498
0.178828
0.180976
0.182927
0.184668
0.186186
0.187469
0.188507
0.189291
0.189815
0.190072
0.19006
0.189777
0.189224
0.188407
0.18733
0.186006
0.184446
0.182666
0.180684
0.178521
0.176198
0.17374
0.171171
0.168516
0.165799
0.163045
0.160278
0.157519
0.154789
0.152107
0.149491
0.146957
0.144517
0.142184
0.139968
0.137877
0.135919
0.134097
0.132417
0.13088
0.129486
0.128234
0.127123
0.126148
0.125304
0.124586
0.123985
0.123492
0.123099
0.122795
0.122568
0.122407
0.122301
0.122237
0.122204
0.122189
0.122183
0.122174
0.122153
0.122111
0.12204
0.121935
0.121789
0.1216
0.121364
0.121079
0.120746
0.120365
0.119939
0.11947
0.118963
0.118421
0.11785
0.117256
0.116645
0.116024
0.115399
0.114778
0.114168
0.113575
0.113006
0.112468
0.111966
0.111508
0.111097
0.110738
0.110436
0.110194
0.110014
0.109898
0.109847
0.10986
0.109937
0.110075
0.110273
0.110525
0.110829
0.11118
0.111571
0.111999
0.112456
0.112938
0.11344
0.113956
0.114482
0.115016
0.115554
0.116095
0.116638
0.117184
0.117735
0.118293
0.118862
0.119446
0.120048
0.120676
0.121332
0.122023
0.122753
0.123526
0.124345
0.125212
0.126129
0.127095
0.128107
0.129164
0.13026
0.13139
0.132544
0.133716
0.134894
0.136068
0.137226
0.138355
0.139443
0.140476
0.141443
0.14233
0.143126
0.143821
0.144404
0.144868
0.145206
0.145413
0.145485
0.145422
0.145222
0.144888
0.144424
0.143834
0.143124
0.142302
0.141374
0.14035
0.139238
0.138047
0.136785
0.135459
0.134079
0.13265
0.13118
0.129673
0.128135
0.12657
0.124981
0.123373
0.121748
0.120108
0.118456
0.116793
0.115122
0.113444
0.11176
0.110072
0.108382
0.106691
0.105
0.10331
0.101623
0.0999409
0.0982647
0.0965967
0.0949395
0.0932962
0.0916704
0.0900665
0.0884895
0.086945
0.0854395
0.0839797
0.0825729
0.0812265
0.079948
0.0787443
0.0776222
0.0765873
0.0756445
0.0747973
0.0740478
0.0733967
0.0728433
0.072385
0.0720181
0.0717375
0.0715369
0.0714093
0.0713467
0.0713412
0.0713846
0.0714687
0.071586
0.0717295
0.0718931
0.0720715
0.0722606
0.0724572
0.0726593
0.0728656
0.073076
0.073291
0.0735119
0.0737404
0.0739785
0.0742285
0.0744927
0.0747736
0.0750734
0.0753943
0.0757382
0.0761069
0.0765023
0.0769258
0.0773791
0.0778637
0.078381
0.0789326
0.0795198
0.0801439
0.0808059
0.0815065
0.0822461
0.0830241
0.0838397
0.0846912
0.0855759
0.0864905
0.0874309
0.0883921
0.0893685
0.0903537
0.0913405
0.0923212
0.0932869
0.0942279
0.0951333
0.095991
0.0967879
0.0975098
0.0981422
0.109267
